4: {1, 3, 5, 7, 9, 11, 13, 15, 17, 20, 21, 23, 25, 27, 29, 31, 34, 36, 38, 40, 42, 44, 47, 48, 50, 52, 54, 56, 58, 60, 62, 64, 66, 68, 70, 72, 74}
15: {1, 3, 5, 7, 9, 12, 13, 15, 17, 20, 21, 24, 25, 27, 29, 31, 34, 36, 38, 40, 42, 44, 47, 48, 50, 52, 54, 56, 58, 60, 62, 65, 66, 68, 70, 72, 74}
32: {1, 3, 5, 7, 9, 11, 13, 15, 17, 20, 21, 24, 25, 27, 29, 32, 34, 36, 38, 40, 42, 44, 47, 48, 51, 52, 54, 56, 58, 60, 62, 64, 66, 68, 70, 72, 74}
33: {1, 3, 5, 7, 9, 11, 13, 15, 17, 19, 21, 24, 25, 27, 29, 32, 34, 36, 38, 40, 42, 44, 46, 48, 50, 52, 54, 56, 58, 60, 62, 64, 66, 68, 70, 73, 74}
39: {1, 3, 5, 7, 9, 11, 13, 15, 17, 19, 21, 24, 25, 27, 29, 32, 34, 36, 38, 40, 42, 44, 46, 48, 51, 52, 54, 56, 58, 60, 62, 65, 66, 68, 70, 73, 74}
44: {1, 4, 5, 7, 9, 11, 13, 15, 17, 19, 21, 24, 25, 27, 29, 31, 34, 36, 38, 40, 42, 44, 46, 48, 51, 52, 54, 56, 58, 60, 63, 64, 66, 68, 70, 72, 74}
51: {1, 4, 5, 7, 9, 11, 13, 15, 17, 19, 21, 24, 25, 27, 29, 32, 34, 36, 38, 40, 42, 44, 46, 48, 50, 52, 54, 56, 58, 60, 62, 65, 66, 68, 70, 72, 74}
57: {1, 4, 5, 7, 9, 11, 13, 15, 17, 19, 21, 24, 25, 27, 29, 32, 34, 36, 38, 40, 42, 44, 46, 48, 51, 52, 54, 56, 58, 60, 62, 64, 66, 68, 70, 73, 74}
58: {1, 4, 5, 7, 9, 11, 13, 15, 17, 19, 21, 24, 25, 27, 29, 33, 34, 36, 38, 40, 42, 44, 46, 48, 51, 52, 54, 56, 58, 60, 62, 64, 66, 68, 70, 73, 74}
62: {1, 3, 5, 7, 9, 12, 13, 16, 17, 19, 21, 23, 25, 27, 29, 31, 34, 36, 39, 40, 42, 44, 46, 48, 50, 52, 54, 56, 58, 60, 62, 64, 66, 68, 70, 72, 74}
65: {1, 3, 5, 7, 9, 11, 13, 15, 17, 19, 21, 23, 25, 27, 29, 31, 34, 36, 39, 40, 42, 44, 46, 48, 51, 52, 54, 56, 58, 60, 62, 64, 66, 68, 71, 72, 74}
70: {1, 3, 5, 7, 9, 11, 13, 15, 17, 19, 21, 23, 25, 27, 29, 31, 34, 36, 39, 40, 42, 44, 46, 48, 51, 52, 54, 56, 58, 60, 62, 64, 66, 69, 71, 72, 74}
79: {1, 3, 5, 7, 9, 12, 13, 16, 17, 19, 21, 24, 25, 27, 29, 31, 34, 36, 39, 40, 42, 44, 46, 48, 51, 52, 54, 56, 58, 60, 62, 64, 66, 68, 71, 72, 74}
100: {1, 3, 5, 7, 9, 12, 13, 16, 18, 20, 21, 23, 25, 27, 29, 31, 34, 36, 38, 40, 42, 44, 46, 48, 50, 52, 54, 56, 58, 60, 62, 64, 66, 68, 70, 72, 74}
102: {1, 3, 5, 7, 9, 11, 13, 16, 18, 20, 21, 24, 25, 27, 29, 31, 34, 36, 38, 40, 42, 44, 46, 48, 50, 52, 54, 56, 58, 60, 62, 64, 66, 68, 70, 72, 74}
106: {1, 3, 5, 7, 9, 11, 13, 16, 18, 20, 21, 24, 25, 27, 29, 32, 34, 36, 38, 40, 42, 44, 46, 48, 50, 52, 54, 56, 58, 60, 62, 64, 66, 68, 70, 72, 74}
112: {1, 3, 5, 7, 9, 12, 13, 16, 18, 20, 21, 23, 25, 27, 29, 31, 34, 36, 39, 40, 42, 44, 46, 48, 51, 52, 54, 56, 58, 60, 62, 64, 66, 68, 71, 72, 74}
123: {1, 3, 5, 7, 9, 12, 14, 16, 17, 19, 21, 23, 25, 27, 29, 31, 34, 36, 38, 40, 42, 44, 46, 48, 50, 52, 54, 56, 58, 60, 62, 64, 66, 68, 70, 72, 74}
124: {1, 3, 5, 7, 9, 12, 14, 16, 17, 19, 21, 23, 25, 27, 29, 31, 34, 36, 38, 40, 42, 44, 46, 48, 50, 52, 54, 56, 58, 60, 62, 64, 66, 68, 71, 72, 74}
126: {1, 3, 5, 7, 9, 11, 14, 15, 17, 20, 21, 23, 25, 27, 29, 31, 34, 36, 38, 40, 42, 44, 47, 48, 50, 52, 54, 56, 58, 60, 62, 64, 66, 68, 70, 72, 74}
129: {1, 3, 5, 7, 9, 11, 14, 15, 17, 19, 21, 23, 25, 27, 29, 31, 34, 36, 38, 40, 42, 44, 46, 48, 51, 52, 54, 56, 58, 60, 62, 64, 66, 68, 71, 72, 74}
133: {1, 3, 5, 7, 9, 11, 14, 15, 17, 19, 21, 23, 25, 27, 29, 31, 34, 36, 38, 40, 42, 44, 46, 48, 51, 52, 54, 56, 58, 60, 62, 64, 66, 69, 71, 72, 74}
135: {1, 3, 5, 7, 9, 11, 14, 15, 17, 19, 21, 24, 25, 27, 29, 31, 34, 36, 38, 40, 42, 44, 46, 48, 50, 52, 54, 56, 58, 60, 62, 65, 66, 68, 70, 72, 74}
136: {1, 3, 5, 7, 9, 11, 14, 15, 17, 19, 21, 24, 25, 27, 29, 31, 34, 36, 38, 40, 42, 44, 46, 48, 50, 52, 54, 56, 58, 60, 62, 65, 66, 68, 71, 72, 74}
137: {1, 3, 5, 7, 10, 11, 14, 15, 17, 19, 21, 24, 25, 27, 29, 31, 34, 36, 38, 40, 42, 44, 46, 48, 50, 52, 54, 56, 58, 60, 62, 65, 66, 68, 70, 72, 74}
138: {1, 3, 5, 7, 10, 11, 14, 15, 17, 19, 21, 24, 25, 27, 29, 31, 34, 36, 38, 40, 42, 44, 46, 48, 50, 52, 54, 56, 58, 60, 62, 65, 66, 68, 71, 72, 74}
144: {1, 3, 5, 7, 9, 11, 14, 15, 17, 20, 21, 24, 25, 27, 29, 31, 34, 36, 38, 40, 42, 44, 47, 48, 50, 52, 54, 56, 58, 60, 62, 65, 66, 68, 71, 72, 74}
151: {1, 3, 5, 7, 9, 11, 14, 16, 17, 20, 21, 24, 25, 27, 29, 31, 34, 36, 38, 40, 42, 44, 47, 48, 51, 52, 54, 56, 58, 60, 62, 64, 66, 68, 70, 72, 74}
156: {1, 3, 5, 7, 9, 12, 14, 16, 17, 19, 21, 24, 25, 27, 29, 31, 34, 36, 38, 40, 42, 44, 46, 48, 50, 52, 54, 56, 58, 60, 62, 64, 66, 68, 70, 73, 74}
166: {1, 3, 5, 7, 9, 11, 14, 15, 17, 19, 21, 24, 25, 27, 29, 32, 34, 36, 38, 40, 43, 44, 46, 48, 50, 52, 54, 56, 58, 60, 62, 65, 66, 68, 71, 72, 74}
167: {1, 3, 5, 7, 9, 11, 14, 16, 17, 19, 21, 24, 25, 27, 29, 32, 34, 36, 38, 40, 42, 44, 46, 48, 50, 52, 54, 56, 58, 60, 62, 64, 66, 68, 70, 72, 74}
168: {1, 3, 5, 7, 9, 12, 14, 16, 17, 19, 21, 24, 25, 27, 29, 32, 34, 36, 38, 40, 42, 44, 46, 48, 50, 52, 54, 56, 58, 60, 62, 64, 66, 68, 70, 72, 74}
170: {1, 3, 5, 7, 9, 11, 14, 16, 17, 20, 21, 24, 25, 27, 29, 32, 34, 36, 38, 40, 42, 44, 47, 48, 50, 52, 54, 56, 58, 60, 62, 64, 66, 68, 70, 72, 74}
187: {1, 4, 5, 7, 9, 11, 14, 16, 17, 19, 21, 24, 25, 27, 29, 31, 34, 36, 38, 40, 42, 44, 46, 48, 51, 52, 54, 56, 58, 60, 62, 64, 66, 68, 70, 72, 74}
200: {1, 4, 5, 7, 9, 11, 14, 16, 17, 19, 21, 24, 25, 27, 29, 33, 34, 36, 38, 40, 42, 44, 46, 48, 51, 52, 54, 56, 58, 60, 62, 64, 66, 68, 70, 72, 74}
208: {1, 3, 5, 7, 9, 11, 14, 16, 17, 19, 21, 23, 25, 27, 29, 31, 34, 36, 39, 40, 42, 44, 46, 48, 50, 52, 54, 56, 58, 60, 62, 64, 66, 68, 70, 72, 74}
222: {1, 3, 5, 7, 9, 11, 14, 15, 17, 19, 21, 24, 25, 27, 29, 31, 34, 36, 39, 40, 42, 44, 46, 48, 51, 52, 54, 56, 58, 60, 62, 65, 66, 68, 71, 72, 74}
227: {1, 3, 5, 7, 9, 11, 14, 15, 17, 19, 21, 24, 25, 27, 29, 31, 34, 36, 39, 40, 42, 44, 46, 48, 50, 52, 54, 56, 58, 60, 62, 65, 66, 68, 71, 73, 74}
230: {1, 3, 5, 7, 9, 11, 14, 15, 17, 19, 21, 24, 25, 27, 29, 31, 34, 36, 39, 40, 42, 44, 46, 48, 50, 52, 54, 56, 58, 60, 62, 65, 66, 69, 71, 73, 74}
233: {1, 3, 5, 7, 9, 12, 14, 16, 17, 19, 21, 24, 25, 27, 29, 31, 34, 36, 39, 40, 42, 44, 46, 48, 51, 52, 54, 56, 58, 60, 62, 64, 66, 68, 71, 73, 74}
241: {1, 3, 5, 7, 9, 12, 14, 16, 17, 19, 21, 24, 25, 27, 29, 32, 34, 36, 39, 40, 42, 44, 46, 48, 51, 52, 54, 56, 58, 60, 62, 64, 66, 68, 70, 72, 74}
250: {1, 3, 5, 7, 9, 12, 14, 16, 18, 20, 21, 23, 25, 27, 29, 31, 34, 36, 38, 40, 42, 44, 46, 48, 50, 52, 54, 56, 58, 60, 62, 64, 66, 68, 71, 72, 74}
262: {1, 3, 5, 7, 9, 12, 14, 16, 18, 20, 21, 23, 25, 27, 29, 31, 34, 36, 39, 40, 42, 44, 46, 48, 50, 52, 54, 56, 58, 60, 62, 64, 66, 68, 71, 72, 74}
266: {1, 3, 5, 7, 9, 12, 13, 15, 17, 19, 21, 23, 25, 27, 29, 31, 34, 36, 38, 40, 42, 44, 46, 48, 50, 52, 55, 56, 58, 60, 62, 64, 66, 68, 70, 72, 74}
271: {1, 3, 5, 7, 9, 12, 13, 15, 17, 19, 21, 23, 25, 27, 29, 31, 34, 36, 38, 40, 42, 44, 46, 48, 51, 52, 55, 56, 58, 60, 62, 64, 66, 68, 70, 72, 74}
272: {1, 3, 5, 7, 9, 11, 13, 15, 17, 19, 21, 23, 25, 27, 29, 31, 34, 36, 38, 40, 42, 44, 46, 48, 51, 52, 55, 56, 58, 60, 63, 64, 66, 68, 70, 72, 74}
277: {1, 3, 5, 7, 9, 11, 13, 15, 17, 19, 21, 23, 25, 27, 29, 31, 34, 36, 39, 40, 42, 44, 46, 48, 50, 52, 55, 56, 58, 60, 62, 64, 66, 68, 70, 72, 74}
279: {1, 3, 5, 7, 9, 12, 13, 15, 17, 19, 21, 23, 25, 27, 29, 31, 34, 36, 39, 40, 42, 44, 46, 48, 50, 52, 55, 56, 58, 60, 62, 64, 66, 68, 70, 72, 74}
284: {1, 3, 5, 7, 9, 11, 13, 15, 17, 20, 21, 23, 25, 27, 29, 31, 34, 36, 39, 40, 42, 44, 47, 48, 50, 52, 55, 56, 58, 60, 62, 64, 66, 68, 70, 72, 74}
285: {1, 3, 5, 7, 9, 12, 13, 15, 17, 20, 21, 23, 25, 27, 29, 31, 34, 36, 39, 40, 42, 44, 47, 48, 50, 52, 55, 56, 58, 60, 62, 64, 66, 68, 70, 72, 74}
293: {1, 3, 5, 7, 9, 11, 13, 15, 17, 20, 21, 23, 25, 27, 29, 31, 34, 36, 39, 40, 42, 44, 47, 48, 51, 52, 55, 56, 58, 60, 62, 64, 66, 68, 70, 72, 74}
297: {1, 3, 5, 7, 9, 12, 13, 16, 18, 20, 21, 23, 25, 27, 29, 31, 34, 36, 39, 40, 42, 44, 46, 48, 51, 52, 55, 56, 58, 60, 62, 64, 66, 68, 70, 72, 74}
309: {1, 3, 5, 7, 9, 12, 14, 15, 17, 19, 21, 23, 25, 27, 29, 31, 34, 36, 38, 40, 42, 44, 46, 48, 50, 52, 55, 56, 58, 60, 62, 64, 66, 69, 71, 72, 74}
315: {1, 3, 5, 7, 9, 11, 14, 16, 17, 20, 21, 23, 25, 27, 29, 31, 34, 36, 38, 40, 42, 44, 47, 48, 50, 52, 55, 56, 58, 60, 62, 64, 66, 68, 71, 72, 74}
316: {1, 3, 5, 7, 9, 12, 14, 16, 17, 20, 21, 23, 25, 27, 29, 31, 34, 36, 38, 40, 42, 44, 47, 48, 50, 52, 55, 56, 58, 60, 62, 64, 66, 68, 70, 72, 74}
317: {1, 3, 5, 7, 9, 12, 14, 16, 17, 20, 21, 23, 25, 27, 29, 31, 34, 36, 38, 40, 42, 44, 47, 48, 50, 52, 55, 56, 58, 60, 62, 64, 66, 68, 71, 72, 74}
324: {1, 3, 5, 7, 9, 11, 14, 15, 17, 19, 21, 23, 25, 27, 29, 31, 34, 36, 39, 40, 42, 44, 46, 48, 50, 52, 55, 56, 58, 60, 62, 64, 66, 68, 70, 72, 74}
336: {1, 3, 5, 7, 10, 12, 14, 15, 17, 19, 21, 23, 25, 27, 29, 31, 34, 36, 39, 40, 42, 44, 46, 48, 51, 52, 55, 56, 58, 60, 62, 64, 66, 68, 71, 72, 74}
341: {1, 3, 5, 7, 9, 12, 14, 16, 18, 20, 21, 23, 25, 27, 29, 31, 34, 36, 38, 40, 42, 44, 46, 48, 50, 52, 55, 56, 58, 60, 62, 64, 66, 68, 71, 72, 74}
342: {1, 3, 5, 7, 9, 12, 14, 16, 18, 20, 21, 23, 25, 27, 29, 31, 34, 36, 38, 40, 42, 44, 47, 48, 50, 52, 55, 56, 58, 60, 62, 64, 66, 68, 70, 72, 74}
346: {1, 3, 5, 7, 9, 12, 13, 15, 17, 19, 21, 23, 25, 28, 29, 31, 34, 36, 38, 40, 42, 44, 46, 48, 50, 52, 54, 56, 58, 60, 62, 64, 66, 68, 70, 72, 74}
351: {1, 3, 5, 7, 9, 12, 13, 15, 17, 19, 21, 23, 25, 28, 29, 31, 34, 36, 38, 40, 42, 44, 46, 48, 51, 52, 54, 56, 58, 60, 62, 64, 66, 68, 70, 72, 74}
356: {1, 3, 5, 7, 9, 11, 13, 16, 17, 20, 21, 23, 25, 28, 29, 31, 34, 36, 38, 40, 42, 44, 47, 48, 51, 52, 54, 56, 58, 60, 62, 64, 66, 68, 70, 72, 74}
361: {1, 3, 5, 7, 9, 12, 13, 16, 17, 19, 21, 24, 25, 28, 29, 31, 34, 36, 38, 40, 42, 44, 46, 48, 50, 52, 54, 56, 58, 60, 62, 64, 66, 68, 70, 72, 74}
362: {1, 3, 5, 7, 9, 11, 13, 15, 17, 20, 21, 24, 25, 28, 29, 31, 34, 36, 38, 40, 42, 44, 47, 48, 50, 52, 54, 56, 58, 60, 62, 64, 66, 68, 70, 72, 74}
363: {1, 3, 5, 7, 9, 12, 13, 15, 17, 20, 21, 24, 25, 28, 29, 31, 34, 36, 38, 40, 42, 44, 47, 48, 50, 52, 54, 56, 58, 60, 62, 64, 66, 68, 70, 72, 74}
371: {1, 4, 5, 7, 9, 11, 13, 15, 17, 19, 21, 24, 25, 28, 29, 31, 34, 36, 38, 40, 42, 44, 46, 48, 50, 52, 54, 56, 58, 60, 62, 64, 66, 68, 70, 72, 74}
377: {1, 4, 5, 7, 9, 11, 13, 15, 17, 19, 21, 24, 25, 28, 29, 33, 34, 36, 38, 40, 42, 44, 46, 48, 50, 52, 54, 56, 58, 60, 62, 64, 66, 68, 70, 72, 74}
378: {1, 4, 5, 7, 9, 11, 13, 16, 17, 19, 21, 24, 25, 28, 29, 33, 34, 36, 38, 40, 42, 44, 46, 48, 50, 52, 54, 56, 58, 60, 62, 64, 66, 68, 70, 72, 74}
379: {1, 4, 5, 7, 9, 11, 13, 15, 17, 19, 21, 24, 25, 28, 29, 33, 34, 36, 38, 40, 42, 44, 46, 48, 50, 52, 54, 56, 58, 60, 62, 64, 66, 68, 70, 73, 74}
386: {1, 3, 5, 7, 9, 12, 13, 16, 18, 20, 21, 24, 25, 28, 29, 31, 34, 36, 38, 40, 42, 44, 46, 48, 51, 52, 54, 56, 58, 60, 62, 64, 66, 68, 70, 72, 74}
392: {1, 3, 5, 7, 9, 12, 14, 15, 17, 19, 21, 23, 25, 28, 29, 31, 34, 36, 38, 40, 42, 44, 46, 48, 50, 52, 54, 56, 58, 60, 62, 64, 66, 68, 70, 72, 74}
394: {1, 3, 5, 7, 10, 12, 14, 15, 17, 19, 21, 23, 25, 28, 29, 31, 34, 36, 38, 40, 42, 44, 46, 48, 50, 52, 54, 56, 58, 60, 62, 64, 66, 68, 70, 72, 74}
399: {1, 3, 5, 7, 9, 12, 14, 15, 17, 19, 21, 23, 25, 28, 29, 31, 34, 36, 38, 40, 42, 44, 46, 48, 50, 52, 54, 56, 58, 60, 62, 64, 66, 69, 71, 72, 74}
424: {1, 3, 5, 7, 9, 12, 14, 16, 17, 20, 21, 24, 25, 28, 29, 31, 34, 36, 38, 40, 42, 44, 47, 48, 50, 52, 54, 56, 58, 60, 62, 64, 66, 68, 70, 72, 74}
425: {1, 3, 5, 7, 9, 11, 14, 15, 17, 19, 21, 24, 25, 28, 29, 31, 34, 36, 38, 40, 42, 44, 46, 48, 51, 52, 54, 56, 58, 60, 62, 64, 66, 68, 70, 72, 74}
426: {1, 3, 5, 7, 9, 11, 14, 16, 17, 19, 21, 24, 25, 28, 29, 31, 34, 36, 38, 40, 42, 44, 46, 48, 51, 52, 54, 56, 58, 60, 62, 64, 66, 68, 70, 72, 74}
427: {1, 3, 5, 7, 9, 12, 14, 16, 17, 19, 21, 24, 25, 28, 29, 31, 34, 36, 38, 40, 42, 44, 46, 48, 51, 52, 54, 56, 58, 60, 62, 64, 66, 68, 70, 72, 74}
435: {1, 3, 5, 7, 9, 11, 14, 16, 17, 20, 21, 24, 25, 28, 29, 31, 34, 36, 38, 40, 42, 44, 47, 48, 50, 52, 54, 56, 58, 60, 62, 64, 66, 68, 70, 73, 74}
437: {1, 3, 5, 7, 9, 11, 14, 16, 17, 19, 21, 24, 25, 28, 29, 31, 34, 36, 38, 40, 42, 44, 46, 48, 51, 52, 54, 56, 58, 60, 62, 64, 66, 68, 70, 73, 74}
456: {1, 3, 5, 7, 9, 12, 14, 15, 17, 19, 21, 23, 25, 28, 29, 31, 34, 36, 39, 40, 42, 44, 46, 48, 51, 52, 54, 56, 58, 60, 62, 64, 66, 69, 71, 72, 74}
459: {1, 3, 5, 7, 9, 12, 14, 16, 18, 20, 21, 23, 25, 28, 29, 31, 34, 36, 38, 40, 42, 44, 46, 48, 50, 52, 54, 56, 58, 60, 62, 64, 66, 68, 70, 72, 74}
464: {1, 3, 5, 7, 9, 11, 14, 16, 18, 20, 21, 24, 25, 28, 29, 31, 34, 36, 38, 40, 42, 44, 46, 48, 50, 52, 54, 56, 58, 60, 62, 64, 66, 68, 70, 72, 74}
469: {1, 3, 5, 7, 9, 11, 14, 15, 17, 19, 21, 23, 25, 28, 29, 31, 34, 36, 38, 40, 42, 44, 46, 49, 50, 52, 54, 56, 58, 60, 62, 64, 66, 68, 70, 72, 74}
471: {1, 3, 5, 7, 9, 11, 14, 15, 17, 19, 21, 23, 25, 28, 29, 31, 34, 36, 38, 40, 42, 44, 46, 49, 51, 52, 54, 56, 58, 60, 62, 64, 66, 68, 70, 72, 74}
476: {1, 3, 5, 7, 9, 11, 13, 15, 17, 19, 21, 23, 25, 28, 29, 31, 34, 36, 38, 40, 42, 44, 46, 48, 50, 52, 55, 56, 58, 60, 62, 64, 66, 68, 70, 72, 74}
486: {1, 3, 5, 7, 9, 12, 13, 15, 17, 20, 21, 23, 25, 28, 29, 31, 34, 36, 38, 40, 42, 44, 47, 48, 51, 52, 55, 56, 58, 60, 62, 64, 66, 68, 70, 72, 74}
488: {1, 3, 5, 7, 9, 11, 13, 15, 17, 19, 21, 23, 25, 28, 29, 31, 34, 37, 38, 40, 42, 44, 46, 48, 50, 52, 55, 56, 58, 60, 62, 64, 66, 68, 70, 72, 74}
492: {1, 3, 5, 7, 9, 12, 13, 16, 18, 20, 21, 23, 25, 28, 29, 31, 34, 36, 38, 40, 42, 44, 46, 48, 51, 52, 55, 56, 58, 60, 62, 64, 66, 68, 70, 72, 74}
505: {1, 3, 5, 7, 9, 12, 14, 16, 17, 20, 21, 23, 25, 28, 29, 31, 34, 36, 38, 40, 42, 44, 47, 48, 50, 52, 55, 56, 58, 60, 62, 64, 66, 68, 70, 72, 74}
510: {1, 3, 5, 7, 9, 12, 14, 16, 17, 19, 21, 23, 25, 28, 29, 31, 34, 36, 38, 40, 42, 44, 46, 48, 51, 52, 55, 56, 58, 60, 62, 64, 66, 68, 70, 72, 74}
513: {1, 3, 5, 7, 9, 12, 14, 15, 17, 19, 21, 23, 25, 28, 29, 31, 34, 36, 39, 40, 42, 44, 46, 48, 51, 52, 55, 56, 58, 60, 62, 64, 66, 68, 71, 72, 74}
523: {1, 3, 5, 7, 9, 11, 13, 15, 17, 20, 21, 24, 26, 27, 29, 32, 34, 36, 38, 40, 42, 44, 47, 48, 50, 52, 54, 56, 58, 60, 62, 64, 66, 68, 70, 72, 74}
527: {1, 3, 5, 7, 9, 11, 13, 15, 17, 19, 21, 23, 26, 27, 29, 31, 34, 36, 39, 40, 42, 44, 46, 48, 51, 52, 54, 56, 58, 60, 62, 64, 66, 68, 71, 72, 74}
528: {1, 3, 5, 7, 9, 11, 13, 15, 17, 19, 21, 24, 26, 27, 29, 32, 34, 36, 39, 40, 42, 44, 46, 48, 50, 52, 54, 56, 58, 60, 62, 64, 66, 68, 70, 72, 74}
546: {1, 3, 5, 7, 9, 11, 14, 15, 17, 19, 21, 23, 26, 27, 29, 31, 34, 36, 38, 40, 42, 44, 46, 48, 51, 52, 55, 56, 58, 60, 62, 64, 66, 68, 70, 72, 74}
547: {1, 3, 5, 7, 9, 11, 14, 15, 17, 19, 21, 23, 26, 27, 29, 31, 34, 36, 39, 40, 42, 44, 46, 48, 50, 52, 55, 56, 58, 60, 62, 64, 66, 68, 70, 72, 74}
549: {1, 3, 5, 7, 9, 11, 13, 15, 17, 20, 21, 23, 26, 28, 29, 31, 34, 36, 38, 40, 42, 44, 47, 48, 50, 52, 54, 56, 58, 60, 62, 64, 66, 68, 70, 72, 74}
551: {1, 3, 5, 7, 9, 11, 14, 15, 17, 19, 21, 23, 26, 28, 29, 31, 34, 36, 38, 40, 42, 44, 46, 48, 50, 52, 54, 56, 58, 60, 62, 64, 66, 68, 70, 72, 74}
554: {1, 3, 5, 7, 9, 11, 13, 15, 17, 19, 21, 23, 26, 28, 29, 31, 34, 36, 38, 40, 42, 44, 46, 48, 50, 52, 55, 56, 58, 60, 62, 64, 66, 68, 70, 72, 74}
558: {1, 3, 5, 7, 9, 11, 14, 15, 17, 20, 21, 23, 26, 28, 29, 31, 34, 36, 38, 40, 42, 44, 47, 48, 50, 52, 55, 56, 58, 60, 62, 64, 66, 68, 70, 72, 74}
559: {1, 3, 5, 7, 9, 11, 14, 15, 17, 19, 21, 23, 26, 28, 29, 31, 34, 36, 38, 40, 42, 44, 46, 48, 51, 52, 55, 56, 58, 60, 62, 64, 66, 68, 70, 72, 74}
560: {1, 3, 5, 7, 9, 11, 13, 15, 17, 19, 21, 23, 25, 27, 29, 31, 34, 36, 38, 40, 42, 44, 46, 48, 50, 52, 54, 56, 58, 60, 62, 64, 66, 68, 70, 72, 75}
567: {1, 3, 5, 7, 9, 12, 13, 16, 17, 19, 21, 23, 25, 27, 29, 31, 34, 36, 39, 40, 42, 44, 46, 48, 50, 52, 54, 56, 58, 60, 62, 64, 66, 68, 71, 72, 75}
571: {1, 3, 5, 7, 9, 11, 13, 15, 17, 19, 21, 23, 25, 27, 29, 31, 34, 36, 39, 40, 42, 44, 46, 48, 51, 52, 54, 56, 58, 60, 63, 64, 66, 68, 71, 72, 75}
572: {1, 3, 5, 7, 9, 11, 13, 15, 17, 19, 21, 23, 25, 27, 29, 31, 34, 36, 39, 40, 42, 44, 46, 48, 51, 52, 54, 56, 58, 60, 62, 64, 66, 69, 71, 72, 75}
573: {1, 3, 5, 7, 9, 12, 13, 16, 18, 20, 21, 23, 25, 27, 29, 31, 34, 36, 38, 40, 42, 44, 46, 48, 50, 52, 54, 56, 58, 60, 62, 64, 66, 68, 70, 72, 75}
576: {1, 3, 5, 7, 9, 11, 14, 15, 17, 19, 21, 23, 25, 27, 29, 31, 34, 36, 38, 40, 42, 44, 46, 48, 50, 52, 54, 56, 58, 60, 62, 64, 66, 68, 71, 72, 75}
578: {1, 3, 5, 7, 9, 12, 14, 16, 17, 19, 21, 23, 25, 27, 29, 31, 34, 36, 38, 40, 42, 44, 46, 48, 50, 52, 54, 56, 58, 60, 62, 64, 66, 68, 70, 72, 75}
582: {1, 3, 5, 7, 9, 11, 14, 15, 17, 19, 21, 23, 25, 27, 29, 31, 34, 36, 39, 40, 42, 44, 46, 48, 50, 52, 54, 56, 58, 60, 62, 64, 66, 69, 71, 72, 75}
584: {1, 3, 5, 7, 9, 11, 14, 15, 17, 19, 21, 23, 25, 27, 29, 31, 34, 36, 39, 40, 42, 44, 46, 48, 51, 52, 54, 56, 58, 60, 62, 64, 66, 68, 70, 72, 75}
594: {1, 3, 5, 7, 9, 12, 14, 16, 18, 20, 21, 23, 25, 27, 29, 31, 34, 36, 38, 40, 42, 44, 46, 48, 50, 52, 54, 56, 58, 60, 62, 64, 66, 68, 71, 72, 75}
596: {1, 3, 5, 7, 9, 11, 13, 15, 17, 19, 21, 23, 25, 27, 29, 31, 34, 36, 38, 40, 42, 44, 46, 48, 50, 52, 55, 56, 58, 60, 62, 64, 66, 68, 70, 72, 75}
597: {1, 3, 5, 7, 9, 12, 13, 15, 17, 19, 21, 23, 25, 27, 29, 31, 34, 36, 38, 40, 42, 44, 46, 48, 50, 52, 55, 56, 58, 60, 62, 64, 66, 68, 70, 72, 75}
607: {1, 3, 5, 7, 9, 11, 13, 15, 17, 19, 21, 23, 25, 27, 29, 31, 34, 36, 39, 40, 42, 44, 46, 48, 50, 52, 55, 56, 58, 60, 62, 64, 66, 68, 71, 72, 75}
609: {1, 3, 5, 7, 9, 12, 13, 16, 17, 19, 21, 23, 25, 27, 29, 31, 34, 36, 39, 40, 42, 44, 46, 48, 50, 52, 55, 56, 58, 60, 62, 64, 66, 68, 71, 72, 75}
610: {1, 3, 5, 7, 9, 11, 13, 15, 17, 19, 21, 23, 25, 27, 29, 31, 34, 36, 39, 40, 42, 44, 46, 48, 50, 52, 55, 56, 58, 60, 62, 64, 66, 69, 71, 72, 75}
628: {1, 3, 5, 8, 9, 11, 14, 15, 17, 19, 21, 23, 25, 27, 29, 31, 34, 36, 38, 40, 42, 44, 46, 48, 51, 52, 55, 56, 58, 60, 62, 64, 66, 68, 71, 72, 75}
630: {1, 3, 5, 7, 9, 12, 14, 16, 17, 19, 21, 23, 25, 27, 29, 31, 34, 36, 38, 40, 42, 44, 46, 48, 51, 52, 55, 56, 58, 60, 62, 64, 66, 68, 70, 72, 75}
631: {1, 3, 5, 7, 9, 11, 14, 15, 17, 20, 21, 23, 25, 27, 29, 31, 34, 36, 38, 40, 42, 44, 47, 48, 51, 52, 55, 56, 58, 60, 62, 64, 66, 68, 70, 72, 75}
632: {1, 3, 5, 7, 9, 11, 14, 15, 17, 19, 21, 23, 25, 27, 29, 31, 34, 36, 39, 40, 42, 44, 46, 48, 50, 52, 55, 56, 58, 60, 62, 64, 66, 68, 70, 72, 75}
647: {1, 3, 5, 7, 9, 12, 13, 16, 17, 19, 21, 23, 25, 28, 29, 31, 34, 36, 38, 40, 42, 44, 46, 48, 50, 52, 54, 56, 58, 60, 62, 64, 66, 68, 70, 72, 75}
652: {1, 3, 5, 7, 9, 11, 13, 15, 17, 19, 21, 23, 25, 28, 29, 31, 34, 36, 39, 40, 42, 44, 46, 48, 51, 52, 54, 56, 58, 60, 62, 64, 66, 68, 71, 72, 75}
653: {1, 3, 5, 7, 9, 12, 13, 16, 18, 20, 21, 23, 25, 28, 29, 31, 34, 36, 38, 40, 42, 44, 46, 48, 50, 52, 54, 56, 58, 60, 62, 64, 66, 68, 70, 72, 75}
655: {1, 3, 5, 7, 9, 11, 14, 15, 17, 19, 21, 23, 25, 28, 29, 31, 34, 36, 38, 40, 42, 44, 46, 48, 50, 52, 54, 56, 58, 60, 62, 64, 66, 68, 71, 72, 75}
663: {1, 3, 5, 7, 9, 12, 14, 16, 17, 19, 21, 23, 25, 28, 29, 31, 34, 36, 38, 40, 42, 44, 46, 48, 51, 52, 54, 56, 58, 60, 62, 64, 66, 68, 70, 72, 75}
668: {1, 3, 5, 7, 9, 11, 13, 15, 17, 19, 21, 23, 25, 28, 29, 31, 34, 36, 38, 40, 42, 44, 46, 48, 50, 52, 55, 56, 58, 60, 62, 64, 66, 68, 70, 72, 75}
669: {1, 3, 5, 7, 9, 12, 13, 15, 17, 19, 21, 23, 25, 28, 29, 31, 34, 36, 38, 40, 42, 44, 46, 48, 50, 52, 55, 56, 58, 60, 62, 64, 66, 68, 70, 72, 75}
676: {1, 3, 5, 7, 9, 12, 13, 16, 17, 19, 21, 23, 25, 28, 29, 31, 34, 36, 38, 40, 42, 44, 46, 48, 51, 52, 55, 56, 58, 60, 62, 64, 66, 68, 70, 72, 75}
681: {1, 3, 5, 7, 9, 12, 14, 16, 17, 19, 21, 23, 25, 28, 29, 31, 34, 36, 38, 40, 42, 44, 46, 48, 50, 52, 55, 56, 58, 60, 62, 64, 66, 68, 70, 72, 75}
684: {1, 3, 5, 7, 9, 12, 14, 16, 17, 19, 21, 23, 25, 28, 29, 31, 34, 36, 38, 40, 42, 44, 46, 48, 51, 52, 55, 56, 58, 60, 62, 64, 66, 68, 70, 72, 75}
686: {1, 3, 5, 7, 9, 11, 13, 15, 17, 19, 21, 23, 26, 27, 29, 31, 34, 36, 38, 40, 42, 44, 46, 48, 50, 52, 54, 56, 58, 60, 62, 64, 66, 68, 70, 72, 75}
687: {1, 3, 5, 7, 9, 11, 13, 15, 17, 19, 21, 23, 26, 27, 29, 31, 34, 36, 39, 40, 42, 44, 46, 48, 50, 52, 54, 56, 58, 60, 62, 64, 66, 69, 71, 72, 75}
696: {1, 3, 5, 7, 9, 11, 13, 15, 17, 19, 21, 23, 26, 27, 29, 31, 34, 36, 39, 40, 42, 44, 46, 48, 50, 52, 55, 56, 58, 60, 62, 64, 66, 69, 71, 72, 75}
699: {1, 3, 5, 7, 9, 11, 14, 15, 17, 19, 21, 23, 26, 28, 29, 31, 34, 36, 38, 40, 42, 44, 46, 48, 50, 52, 54, 56, 58, 60, 62, 64, 66, 68, 70, 72, 75}
707: {1, 3, 5, 7, 9, 11, 13, 15, 17, 19, 21, 23, 25, 27, 29, 31, 34, 36, 38, 40, 42, 45, 46, 48, 51, 52, 54, 56, 58, 60, 62, 64, 66, 69, 70, 72, 74}
710: {1, 3, 5, 7, 9, 12, 13, 15, 17, 19, 21, 23, 25, 27, 29, 31, 34, 36, 39, 40, 42, 45, 46, 48, 50, 52, 54, 56, 58, 60, 62, 64, 66, 68, 71, 72, 74}
713: {1, 3, 5, 7, 9, 12, 13, 15, 17, 19, 21, 23, 25, 27, 29, 31, 34, 36, 39, 40, 42, 45, 46, 48, 51, 52, 54, 56, 58, 60, 62, 64, 66, 68, 71, 72, 74}
729: {1, 3, 5, 7, 9, 11, 13, 15, 17, 19, 21, 23, 25, 27, 29, 31, 34, 36, 38, 40, 42, 45, 46, 48, 51, 52, 55, 56, 58, 60, 62, 64, 66, 68, 70, 72, 74}
739: {1, 3, 5, 7, 9, 12, 13, 15, 17, 19, 21, 23, 25, 27, 29, 31, 34, 36, 39, 40, 42, 45, 46, 48, 51, 52, 55, 56, 58, 60, 62, 64, 66, 68, 71, 72, 74}
742: {1, 3, 5, 7, 9, 11, 14, 15, 17, 19, 21, 23, 25, 27, 29, 31, 34, 36, 38, 40, 42, 45, 46, 48, 50, 52, 55, 56, 58, 60, 62, 64, 66, 68, 70, 72, 74}
746: {1, 3, 5, 7, 9, 11, 14, 15, 17, 19, 21, 23, 25, 27, 29, 31, 34, 36, 38, 40, 42, 45, 46, 48, 51, 52, 55, 56, 58, 60, 62, 64, 66, 68, 70, 72, 74}
764: {1, 3, 5, 7, 9, 11, 14, 15, 17, 19, 21, 23, 25, 28, 29, 31, 34, 36, 38, 40, 42, 45, 46, 48, 50, 52, 54, 56, 58, 60, 62, 64, 66, 68, 70, 72, 74}
766: {1, 3, 5, 7, 9, 11, 14, 15, 17, 19, 21, 23, 25, 28, 29, 31, 34, 36, 38, 40, 42, 45, 46, 48, 51, 52, 54, 56, 58, 60, 62, 64, 66, 68, 70, 72, 74}
772: {1, 3, 5, 7, 9, 11, 13, 15, 17, 19, 21, 23, 25, 28, 29, 31, 34, 36, 38, 40, 42, 45, 46, 48, 51, 52, 55, 56, 58, 60, 62, 64, 66, 69, 70, 72, 74}
774: {1, 3, 5, 7, 9, 11, 14, 15, 17, 19, 21, 23, 25, 28, 29, 31, 34, 36, 38, 40, 42, 45, 46, 48, 50, 52, 55, 56, 58, 60, 62, 64, 66, 69, 70, 72, 74}
775: {1, 3, 5, 7, 9, 11, 14, 15, 17, 19, 21, 23, 25, 28, 29, 31, 34, 36, 38, 40, 42, 45, 46, 48, 51, 52, 55, 56, 58, 60, 62, 64, 66, 68, 70, 72, 74}
780: {1, 3, 5, 7, 9, 11, 13, 15, 17, 19, 21, 23, 26, 27, 29, 31, 34, 36, 39, 40, 42, 45, 46, 48, 50, 52, 54, 56, 58, 60, 62, 64, 66, 68, 71, 72, 74}
784: {1, 3, 5, 7, 9, 11, 13, 15, 17, 19, 21, 23, 26, 27, 29, 31, 34, 36, 38, 40, 42, 45, 46, 48, 50, 52, 55, 56, 58, 60, 62, 64, 66, 69, 70, 72, 74}
790: {1, 3, 5, 7, 9, 11, 14, 15, 17, 19, 21, 23, 26, 28, 29, 31, 34, 36, 38, 40, 42, 45, 46, 48, 50, 52, 54, 56, 58, 60, 62, 64, 66, 68, 70, 72, 74}
792: {1, 3, 5, 7, 9, 11, 13, 15, 17, 19, 21, 23, 26, 28, 29, 31, 34, 36, 38, 40, 42, 45, 46, 48, 50, 52, 55, 56, 58, 60, 62, 64, 66, 68, 70, 72, 74}
807: {1, 3, 5, 7, 9, 11, 14, 15, 17, 20, 21, 23, 25, 27, 29, 31, 34, 36, 38, 40, 42, 45, 47, 48, 50, 52, 54, 56, 58, 60, 62, 64, 66, 69, 70, 72, 75}
816: {1, 3, 5, 7, 9, 11, 13, 15, 17, 19, 21, 23, 25, 27, 29, 31, 34, 36, 38, 40, 42, 45, 46, 48, 51, 52, 55, 56, 58, 60, 62, 64, 66, 68, 70, 72, 75}
817: {1, 3, 5, 7, 9, 11, 13, 15, 17, 19, 21, 23, 25, 27, 29, 31, 34, 36, 38, 40, 42, 45, 46, 48, 51, 52, 55, 56, 58, 60, 62, 64, 66, 69, 70, 72, 75}
824: {1, 3, 5, 7, 9, 11, 14, 15, 17, 19, 21, 23, 25, 27, 29, 31, 34, 36, 38, 40, 42, 45, 46, 48, 51, 52, 55, 56, 58, 60, 62, 64, 66, 68, 70, 72, 75}
832: {1, 3, 5, 7, 9, 11, 13, 15, 17, 19, 22, 24, 25, 27, 29, 32, 34, 36, 38, 40, 42, 45, 46, 48, 51, 52, 54, 56, 58, 60, 62, 64, 66, 69, 70, 72, 74}
842: {1, 3, 5, 7, 9, 11, 14, 15, 17, 19, 22, 24, 25, 27, 29, 31, 34, 36, 39, 40, 43, 45, 46, 48, 50, 52, 54, 56, 58, 60, 62, 64, 66, 68, 70, 72, 74}
847: {1, 3, 5, 7, 9, 11, 13, 15, 17, 19, 22, 23, 25, 28, 29, 31, 34, 36, 38, 40, 42, 45, 46, 48, 50, 52, 54, 56, 58, 60, 62, 64, 66, 68, 70, 72, 74}
853: {1, 3, 5, 7, 9, 12, 13, 15, 17, 19, 22, 24, 25, 28, 29, 31, 34, 36, 38, 40, 42, 45, 46, 48, 51, 52, 54, 56, 58, 60, 62, 64, 66, 68, 70, 72, 74}
857: {1, 3, 5, 7, 9, 12, 14, 15, 17, 19, 22, 23, 25, 28, 29, 31, 34, 36, 38, 40, 42, 45, 46, 48, 50, 52, 54, 56, 58, 60, 62, 64, 66, 68, 70, 72, 74}
859: {1, 3, 5, 7, 9, 11, 14, 15, 17, 19, 22, 23, 25, 28, 29, 31, 34, 36, 38, 40, 42, 45, 46, 48, 51, 52, 54, 56, 58, 60, 62, 64, 66, 68, 70, 72, 74}
860: {1, 3, 5, 7, 9, 11, 14, 15, 17, 19, 22, 24, 25, 28, 29, 31, 34, 36, 38, 40, 42, 45, 46, 48, 50, 52, 54, 56, 58, 60, 62, 64, 66, 68, 70, 72, 74}
864: {1, 3, 5, 7, 9, 11, 14, 16, 17, 19, 22, 24, 25, 28, 29, 31, 34, 36, 38, 40, 42, 45, 46, 48, 50, 52, 54, 56, 58, 60, 62, 64, 66, 69, 70, 72, 74}
872: {1, 3, 5, 7, 9, 12, 14, 16, 17, 19, 22, 23, 25, 28, 29, 31, 34, 36, 38, 40, 42, 45, 46, 48, 50, 52, 55, 56, 58, 60, 62, 64, 66, 68, 70, 72, 74}
878: {1, 3, 5, 7, 9, 11, 13, 15, 17, 19, 22, 23, 25, 27, 29, 31, 34, 36, 38, 40, 42, 45, 46, 48, 50, 52, 54, 56, 58, 60, 62, 64, 66, 68, 70, 72, 75}
884: {1, 3, 5, 7, 9, 11, 14, 15, 17, 19, 22, 23, 25, 27, 29, 31, 34, 36, 39, 40, 42, 45, 46, 48, 50, 52, 54, 56, 58, 60, 62, 64, 66, 68, 70, 72, 75}
885: {1, 3, 5, 7, 9, 11, 13, 15, 17, 19, 22, 23, 25, 27, 29, 31, 34, 36, 38, 40, 42, 45, 46, 48, 50, 52, 55, 56, 58, 60, 62, 64, 66, 68, 70, 72, 75}
888: {1, 3, 5, 7, 9, 11, 13, 15, 17, 19, 22, 23, 25, 27, 29, 31, 34, 36, 38, 40, 42, 45, 46, 48, 50, 52, 55, 56, 58, 60, 62, 64, 66, 69, 70, 72, 75}
889: {1, 3, 5, 7, 9, 11, 13, 15, 17, 19, 22, 23, 25, 27, 29, 31, 34, 36, 38, 40, 42, 45, 46, 48, 51, 52, 55, 56, 58, 60, 62, 64, 66, 68, 70, 72, 75}
892: {1, 3, 5, 7, 9, 11, 13, 15, 17, 19, 22, 23, 25, 27, 29, 31, 34, 36, 39, 40, 42, 45, 46, 48, 50, 52, 55, 56, 58, 60, 62, 64, 66, 68, 70, 72, 75}
895: {1, 3, 5, 7, 9, 11, 14, 15, 17, 19, 22, 23, 25, 27, 29, 31, 34, 36, 38, 40, 42, 45, 46, 48, 50, 52, 55, 56, 58, 60, 62, 64, 66, 69, 70, 72, 75}
897: {1, 3, 5, 7, 9, 11, 14, 15, 17, 19, 22, 23, 25, 27, 29, 31, 34, 36, 38, 40, 42, 45, 46, 48, 51, 52, 55, 56, 58, 60, 62, 64, 66, 68, 70, 72, 75}
898: {1, 3, 5, 7, 9, 11, 14, 15, 17, 19, 22, 23, 25, 27, 29, 31, 34, 36, 38, 40, 42, 45, 46, 48, 51, 52, 55, 56, 58, 60, 62, 64, 66, 69, 70, 72, 75}
903: {1, 3, 5, 7, 9, 11, 13, 15, 17, 19, 22, 23, 26, 27, 29, 31, 34, 36, 38, 40, 42, 45, 46, 48, 50, 52, 54, 56, 58, 60, 62, 64, 66, 68, 70, 72, 75}
911: {2, 3, 5, 7, 9, 12, 13, 15, 17, 20, 21, 23, 25, 27, 29, 31, 34, 36, 38, 40, 42, 44, 47, 48, 50, 52, 54, 56, 58, 60, 62, 64, 67, 68, 70, 73, 74}
920: {2, 3, 5, 7, 9, 11, 13, 16, 17, 19, 21, 24, 25, 27, 29, 31, 34, 36, 38, 40, 42, 44, 46, 48, 50, 52, 54, 56, 58, 60, 62, 64, 66, 68, 70, 73, 74}
926: {2, 3, 5, 7, 9, 11, 13, 16, 17, 19, 21, 24, 25, 27, 29, 31, 34, 36, 38, 40, 42, 44, 46, 48, 50, 52, 54, 56, 58, 60, 62, 64, 66, 69, 70, 73, 74}
950: {2, 3, 5, 7, 9, 12, 13, 15, 17, 19, 21, 24, 25, 27, 29, 33, 34, 36, 38, 40, 43, 44, 46, 48, 50, 52, 54, 56, 58, 60, 62, 64, 66, 68, 70, 73, 74}
972: {2, 3, 5, 7, 9, 12, 13, 16, 18, 20, 21, 23, 25, 27, 29, 31, 34, 36, 38, 40, 42, 44, 46, 48, 50, 52, 54, 56, 58, 60, 62, 64, 66, 69, 70, 72, 74}
973: {2, 3, 5, 7, 9, 11, 13, 16, 18, 20, 21, 24, 25, 27, 29, 31, 34, 36, 38, 40, 42, 44, 46, 48, 50, 52, 54, 56, 58, 60, 62, 64, 66, 68, 70, 73, 74}
974: {2, 3, 5, 7, 9, 12, 13, 16, 18, 20, 21, 24, 25, 27, 29, 31, 34, 36, 38, 40, 42, 44, 46, 48, 50, 52, 54, 56, 58, 60, 62, 64, 66, 68, 70, 73, 74}
988: {2, 3, 5, 7, 9, 12, 14, 16, 17, 19, 21, 23, 25, 27, 29, 31, 34, 36, 38, 40, 42, 44, 46, 48, 50, 52, 54, 56, 58, 60, 62, 64, 66, 69, 70, 72, 74}
991: {2, 3, 5, 7, 9, 11, 14, 15, 17, 19, 21, 24, 25, 27, 29, 31, 34, 36, 38, 40, 42, 44, 46, 48, 50, 52, 54, 56, 58, 60, 62, 65, 66, 69, 70, 73, 74}
1003: {2, 3, 5, 7, 10, 11, 14, 15, 17, 19, 21, 23, 25, 27, 29, 31, 34, 36, 39, 40, 42, 44, 46, 48, 51, 52, 54, 56, 58, 60, 62, 64, 66, 69, 71, 72, 74}
1009: {2, 3, 5, 7, 9, 12, 14, 16, 18, 20, 21, 23, 25, 27, 29, 31, 34, 36, 38, 40, 42, 44, 46, 48, 50, 52, 54, 56, 58, 60, 62, 64, 66, 69, 70, 72, 74}
1012: {2, 3, 5, 7, 9, 12, 13, 15, 17, 19, 21, 23, 25, 27, 29, 31, 34, 36, 38, 40, 42, 44, 46, 48, 50, 52, 55, 56, 58, 60, 62, 64, 66, 69, 70, 72, 74}
1019: {2, 3, 5, 7, 9, 12, 13, 16, 17, 19, 21, 23, 25, 27, 29, 31, 34, 36, 39, 40, 42, 44, 46, 48, 50, 52, 55, 56, 58, 60, 62, 64, 66, 69, 71, 72, 74}
1025: {2, 3, 5, 7, 9, 11, 13, 15, 17, 19, 21, 23, 25, 27, 29, 31, 34, 36, 38, 40, 42, 44, 46, 49, 51, 52, 55, 56, 58, 60, 62, 64, 66, 68, 70, 72, 74}
1030: {2, 3, 5, 7, 9, 11, 14, 16, 17, 19, 21, 23, 25, 27, 29, 31, 34, 36, 38, 40, 42, 44, 46, 48, 50, 52, 55, 56, 58, 60, 62, 64, 66, 69, 71, 72, 74}
1037: {2, 3, 5, 7, 9, 11, 14, 15, 17, 19, 21, 23, 25, 27, 29, 31, 34, 36, 38, 40, 42, 44, 46, 48, 51, 52, 55, 56, 58, 60, 62, 64, 66, 69, 70, 72, 74}
1038: {2, 3, 5, 7, 9, 12, 14, 16, 17, 19, 21, 23, 25, 27, 29, 31, 34, 36, 38, 40, 42, 44, 46, 48, 51, 52, 55, 56, 58, 60, 62, 64, 66, 69, 70, 72, 74}
1041: {2, 3, 5, 7, 9, 11, 14, 15, 17, 19, 21, 23, 25, 27, 29, 31, 35, 36, 39, 40, 42, 44, 46, 48, 51, 52, 55, 56, 58, 60, 62, 64, 66, 69, 71, 72, 74}
1057: {2, 3, 5, 7, 9, 11, 13, 15, 17, 20, 21, 23, 25, 28, 29, 31, 34, 36, 38, 40, 42, 44, 47, 48, 51, 52, 54, 56, 58, 60, 62, 64, 66, 69, 70, 72, 74}
1067: {2, 3, 5, 7, 9, 12, 13, 16, 17, 19, 21, 24, 25, 28, 29, 31, 34, 36, 38, 40, 42, 44, 46, 48, 50, 52, 54, 56, 58, 60, 62, 64, 66, 68, 70, 73, 74}
1074: {2, 3, 5, 7, 9, 11, 13, 15, 17, 20, 21, 24, 25, 28, 29, 31, 34, 36, 38, 40, 42, 44, 47, 48, 51, 52, 54, 56, 58, 60, 62, 64, 66, 68, 70, 73, 74}
1081: {2, 3, 5, 7, 9, 11, 13, 15, 17, 19, 21, 23, 25, 28, 29, 33, 34, 36, 38, 40, 42, 44, 46, 48, 50, 52, 54, 56, 58, 60, 62, 64, 67, 68, 70, 73, 74}
1082: {2, 3, 5, 7, 9, 11, 13, 15, 17, 19, 21, 24, 25, 28, 29, 33, 34, 36, 38, 40, 42, 44, 46, 48, 50, 52, 54, 56, 58, 60, 62, 64, 66, 68, 70, 73, 74}
1092: {2, 3, 5, 7, 9, 11, 13, 15, 17, 20, 21, 23, 25, 28, 29, 31, 34, 36, 38, 40, 42, 44, 47, 49, 50, 52, 54, 56, 58, 60, 62, 64, 66, 68, 70, 72, 74}
1096: {2, 3, 5, 7, 9, 11, 13, 15, 17, 19, 21, 24, 25, 28, 29, 31, 34, 36, 38, 40, 42, 44, 46, 49, 50, 52, 54, 56, 58, 60, 62, 64, 66, 68, 70, 72, 74}
1103: {2, 3, 5, 7, 9, 11, 14, 15, 17, 20, 21, 23, 25, 28, 29, 31, 34, 36, 38, 40, 42, 44, 47, 48, 50, 52, 54, 56, 58, 60, 62, 64, 66, 69, 70, 72, 74}
1107: {2, 3, 5, 7, 10, 11, 14, 15, 17, 19, 21, 23, 25, 28, 29, 31, 34, 36, 38, 40, 42, 44, 46, 48, 51, 52, 54, 56, 58, 60, 62, 64, 66, 69, 71, 72, 74}
1116: {2, 3, 5, 7, 9, 11, 14, 15, 17, 20, 21, 23, 25, 28, 29, 31, 34, 36, 38, 40, 42, 44, 47, 49, 50, 52, 54, 56, 58, 60, 62, 64, 66, 69, 70, 72, 74}
1119: {2, 3, 5, 7, 9, 12, 13, 16, 17, 19, 21, 23, 25, 28, 29, 31, 34, 36, 38, 40, 42, 44, 46, 48, 50, 52, 55, 56, 58, 60, 62, 64, 66, 69, 70, 72, 74}
1122: {2, 3, 5, 7, 9, 12, 13, 15, 17, 19, 21, 23, 25, 28, 29, 31, 34, 36, 38, 40, 42, 44, 46, 48, 51, 52, 55, 56, 58, 60, 62, 64, 66, 69, 70, 72, 74}
1123: {2, 3, 5, 7, 9, 11, 13, 15, 17, 19, 21, 23, 25, 28, 29, 31, 35, 36, 38, 40, 42, 44, 46, 48, 51, 52, 55, 56, 58, 60, 62, 64, 66, 69, 70, 72, 74}
1128: {2, 3, 5, 7, 9, 11, 13, 15, 17, 19, 21, 23, 25, 28, 29, 31, 34, 37, 38, 40, 42, 44, 46, 48, 51, 52, 55, 56, 58, 60, 62, 64, 66, 69, 70, 72, 74}
1131: {2, 3, 5, 7, 9, 11, 13, 15, 17, 19, 21, 23, 25, 28, 29, 31, 34, 36, 38, 40, 42, 44, 46, 49, 50, 52, 55, 56, 58, 60, 62, 64, 66, 69, 70, 72, 74}
1133: {2, 3, 5, 7, 9, 11, 13, 15, 17, 19, 21, 23, 25, 28, 29, 31, 34, 36, 38, 40, 42, 44, 46, 49, 51, 52, 55, 56, 58, 60, 62, 64, 66, 68, 70, 72, 74}
1137: {2, 3, 5, 7, 9, 12, 14, 16, 17, 19, 21, 23, 25, 28, 29, 31, 34, 36, 38, 40, 42, 44, 46, 48, 50, 52, 55, 56, 58, 60, 62, 64, 66, 69, 70, 72, 74}
1140: {2, 3, 5, 7, 9, 11, 14, 15, 17, 19, 21, 23, 25, 28, 29, 31, 34, 36, 38, 40, 42, 44, 46, 48, 51, 52, 55, 56, 58, 60, 62, 64, 66, 69, 70, 72, 74}
1145: {2, 3, 5, 7, 9, 11, 14, 15, 17, 20, 21, 23, 25, 28, 29, 31, 34, 36, 38, 40, 42, 44, 47, 48, 51, 52, 55, 56, 58, 60, 62, 64, 66, 69, 70, 72, 74}
1147: {2, 3, 5, 7, 9, 11, 14, 15, 17, 19, 21, 23, 25, 28, 29, 31, 34, 36, 38, 40, 42, 44, 46, 49, 50, 52, 55, 56, 58, 60, 62, 64, 66, 69, 70, 72, 74}
1153: {2, 3, 5, 7, 9, 11, 14, 15, 17, 19, 21, 23, 26, 27, 29, 31, 34, 36, 38, 40, 42, 44, 46, 48, 50, 52, 55, 56, 58, 60, 62, 64, 66, 69, 70, 72, 74}
1158: {2, 3, 5, 7, 9, 11, 13, 15, 17, 20, 21, 23, 26, 28, 29, 31, 34, 36, 38, 40, 42, 44, 47, 48, 51, 52, 54, 56, 58, 60, 62, 64, 66, 69, 70, 72, 74}
1161: {2, 3, 5, 7, 9, 11, 14, 15, 17, 19, 21, 23, 26, 28, 29, 31, 34, 36, 38, 40, 42, 44, 46, 48, 51, 52, 54, 56, 58, 60, 62, 64, 66, 69, 70, 72, 74}
1163: {2, 3, 5, 7, 9, 11, 13, 15, 17, 19, 21, 23, 26, 28, 29, 31, 34, 36, 38, 40, 42, 44, 46, 48, 51, 52, 55, 56, 58, 60, 62, 64, 66, 69, 70, 72, 74}
1169: {2, 3, 5, 7, 9, 11, 13, 15, 17, 19, 21, 23, 25, 27, 29, 31, 34, 36, 39, 40, 42, 44, 46, 48, 50, 52, 54, 56, 58, 60, 63, 64, 66, 69, 71, 72, 75}
1170: {2, 3, 5, 7, 9, 12, 13, 16, 17, 19, 21, 23, 25, 27, 29, 31, 34, 36, 39, 40, 42, 44, 46, 48, 50, 52, 54, 56, 58, 60, 62, 64, 66, 69, 71, 72, 75}
1172: {2, 3, 5, 7, 9, 12, 13, 16, 17, 19, 21, 23, 25, 27, 29, 31, 34, 36, 39, 40, 42, 44, 46, 48, 51, 52, 54, 56, 58, 60, 62, 64, 66, 69, 71, 72, 75}
1177: {2, 3, 5, 7, 9, 11, 14, 16, 17, 19, 21, 23, 25, 27, 29, 31, 34, 36, 39, 40, 42, 44, 46, 48, 50, 52, 54, 56, 58, 60, 62, 64, 66, 69, 71, 72, 75}
1180: {2, 3, 5, 7, 9, 11, 13, 15, 17, 19, 21, 23, 25, 27, 29, 31, 34, 36, 38, 40, 42, 44, 46, 48, 50, 52, 55, 56, 58, 60, 62, 64, 66, 69, 70, 72, 75}
1205: {2, 3, 5, 7, 9, 12, 13, 16, 17, 19, 21, 23, 25, 28, 29, 31, 34, 36, 38, 40, 42, 44, 46, 48, 50, 52, 54, 56, 58, 60, 62, 64, 66, 69, 70, 72, 75}
1215: {2, 3, 5, 7, 9, 11, 14, 15, 17, 19, 21, 23, 25, 28, 29, 31, 34, 36, 38, 40, 42, 44, 46, 48, 51, 52, 54, 56, 58, 60, 62, 64, 66, 69, 70, 72, 75}
1218: {2, 3, 5, 7, 9, 11, 13, 15, 17, 19, 21, 23, 25, 28, 29, 31, 34, 36, 38, 40, 42, 44, 46, 48, 50, 52, 55, 57, 58, 60, 62, 64, 66, 69, 70, 72, 75}
1221: {2, 3, 5, 7, 9, 11, 13, 15, 17, 19, 21, 23, 25, 28, 29, 31, 34, 36, 38, 40, 42, 44, 46, 48, 51, 52, 55, 56, 58, 60, 62, 64, 66, 69, 70, 72, 75}
1222: {2, 3, 5, 7, 9, 11, 13, 15, 17, 19, 21, 23, 25, 28, 29, 31, 34, 36, 38, 40, 42, 44, 46, 49, 50, 52, 55, 56, 58, 60, 62, 64, 66, 68, 70, 72, 75}
1223: {2, 3, 5, 7, 9, 11, 14, 15, 17, 19, 21, 23, 25, 28, 29, 31, 34, 36, 38, 40, 42, 44, 46, 48, 50, 52, 55, 56, 58, 60, 62, 64, 66, 69, 70, 72, 75}
1230: {2, 3, 5, 7, 9, 11, 14, 15, 17, 20, 21, 23, 26, 27, 29, 31, 34, 36, 38, 40, 42, 44, 47, 48, 50, 52, 54, 56, 58, 60, 62, 64, 66, 69, 70, 72, 75}
1235: {2, 3, 5, 7, 9, 11, 14, 15, 17, 19, 21, 23, 26, 28, 29, 31, 34, 36, 38, 40, 42, 44, 46, 48, 50, 52, 54, 56, 58, 60, 62, 64, 66, 69, 70, 72, 75}
1237: {2, 3, 5, 7, 9, 11, 13, 15, 17, 19, 22, 23, 25, 27, 29, 31, 34, 36, 38, 40, 42, 44, 46, 48, 50, 52, 54, 56, 58, 60, 62, 64, 66, 68, 70, 72, 74}
1240: {2, 3, 5, 7, 9, 11, 13, 15, 17, 19, 22, 23, 25, 27, 29, 31, 34, 36, 38, 40, 42, 44, 46, 48, 50, 52, 54, 56, 58, 60, 62, 64, 66, 69, 70, 72, 74}
1245: {2, 3, 5, 7, 9, 11, 13, 15, 17, 19, 22, 24, 25, 27, 29, 31, 34, 36, 38, 40, 42, 44, 46, 48, 50, 52, 54, 56, 58, 60, 62, 64, 66, 68, 70, 72, 74}
1246: {2, 3, 6, 7, 9, 11, 13, 15, 17, 19, 22, 24, 25, 27, 29, 31, 35, 36, 38, 40, 42, 44, 46, 48, 50, 52, 54, 56, 58, 60, 62, 64, 66, 68, 70, 72, 74}
1248: {2, 3, 5, 7, 9, 11, 13, 15, 17, 19, 22, 24, 25, 27, 29, 31, 34, 36, 38, 40, 42, 44, 46, 48, 50, 52, 54, 56, 58, 60, 62, 64, 66, 69, 70, 72, 74}
1253: {2, 3, 5, 7, 9, 11, 13, 15, 17, 19, 22, 24, 25, 27, 29, 31, 34, 36, 38, 40, 42, 44, 46, 48, 51, 52, 54, 56, 58, 60, 62, 64, 66, 69, 70, 72, 74}
1261: {2, 3, 5, 7, 9, 11, 13, 15, 17, 19, 22, 24, 25, 27, 29, 31, 34, 36, 38, 40, 42, 44, 46, 48, 50, 52, 54, 56, 58, 60, 62, 65, 66, 69, 70, 73, 74}
1262: {2, 3, 5, 7, 9, 11, 13, 16, 17, 19, 22, 24, 25, 27, 29, 31, 34, 36, 38, 40, 42, 44, 46, 48, 50, 52, 54, 56, 58, 60, 62, 64, 66, 69, 70, 73, 74}
1274: {2, 3, 5, 7, 9, 11, 13, 16, 17, 19, 22, 24, 25, 27, 29, 32, 34, 36, 38, 40, 42, 44, 46, 48, 50, 52, 54, 56, 58, 60, 62, 64, 66, 69, 70, 72, 74}
1282: {2, 3, 5, 7, 9, 12, 13, 16, 17, 19, 22, 24, 25, 27, 29, 32, 34, 36, 38, 40, 42, 44, 46, 48, 50, 52, 54, 56, 58, 60, 62, 64, 66, 69, 70, 73, 74}
1285: {2, 3, 6, 7, 9, 11, 13, 15, 17, 19, 22, 23, 25, 27, 29, 31, 34, 36, 39, 40, 42, 44, 46, 48, 50, 52, 54, 56, 58, 60, 62, 64, 66, 69, 70, 72, 74}
1289: {2, 3, 6, 7, 9, 11, 13, 15, 17, 19, 22, 24, 25, 27, 29, 31, 34, 36, 39, 40, 42, 44, 46, 48, 50, 52, 54, 56, 58, 60, 62, 64, 66, 68, 71, 72, 74}
1293: {2, 3, 5, 7, 9, 11, 13, 16, 18, 20, 22, 23, 25, 27, 29, 31, 34, 36, 38, 40, 42, 44, 46, 48, 50, 52, 54, 56, 58, 60, 62, 64, 66, 68, 71, 72, 74}
1303: {2, 3, 5, 7, 9, 11, 13, 16, 18, 20, 22, 24, 25, 27, 29, 32, 34, 36, 38, 40, 42, 44, 46, 48, 50, 52, 54, 56, 58, 60, 62, 64, 66, 69, 70, 72, 74}
1311: {2, 3, 5, 7, 9, 11, 14, 16, 17, 19, 22, 23, 25, 27, 29, 31, 34, 36, 38, 40, 42, 44, 46, 48, 50, 52, 54, 56, 58, 60, 62, 64, 66, 68, 70, 72, 74}
1319: {2, 3, 5, 7, 9, 12, 14, 16, 17, 19, 22, 23, 25, 27, 29, 31, 34, 36, 38, 40, 42, 44, 46, 48, 51, 52, 54, 56, 58, 60, 62, 64, 66, 68, 70, 72, 74}
1324: {2, 3, 5, 7, 9, 11, 14, 16, 17, 19, 22, 24, 25, 27, 29, 31, 34, 36, 38, 40, 42, 44, 46, 48, 50, 52, 54, 56, 58, 60, 62, 64, 66, 69, 70, 72, 74}
1326: {2, 3, 5, 7, 9, 11, 14, 15, 17, 19, 22, 24, 25, 27, 29, 31, 34, 36, 38, 40, 42, 44, 46, 48, 51, 52, 54, 56, 58, 60, 62, 64, 66, 68, 70, 72, 74}
1327: {2, 3, 5, 8, 9, 11, 14, 16, 17, 19, 22, 24, 25, 27, 29, 31, 34, 36, 38, 40, 42, 44, 46, 48, 51, 52, 54, 56, 58, 60, 62, 64, 66, 68, 70, 72, 74}
1329: {2, 3, 5, 7, 9, 11, 14, 16, 17, 19, 22, 24, 25, 27, 29, 31, 34, 36, 38, 40, 42, 44, 46, 48, 51, 52, 54, 56, 58, 60, 62, 64, 66, 69, 70, 72, 74}
1330: {2, 3, 5, 7, 9, 12, 14, 16, 17, 19, 22, 24, 25, 27, 29, 31, 34, 36, 38, 40, 42, 44, 46, 48, 51, 52, 54, 56, 58, 60, 62, 64, 66, 69, 70, 72, 74}
1331: {2, 3, 5, 7, 9, 11, 14, 15, 17, 19, 22, 24, 25, 27, 29, 31, 34, 36, 38, 40, 42, 44, 46, 48, 50, 52, 54, 56, 58, 60, 62, 65, 66, 69, 70, 73, 74}
1340: {2, 3, 5, 7, 9, 12, 14, 16, 17, 19, 22, 24, 25, 27, 29, 32, 34, 36, 38, 40, 42, 44, 46, 48, 50, 52, 54, 56, 58, 60, 62, 64, 66, 69, 70, 72, 74}
1341: {2, 3, 5, 7, 9, 11, 14, 15, 17, 19, 22, 24, 25, 27, 29, 32, 34, 36, 38, 40, 42, 44, 46, 48, 51, 52, 54, 56, 58, 60, 62, 64, 66, 68, 70, 72, 74}
1342: {2, 3, 5, 7, 9, 11, 14, 15, 17, 19, 22, 24, 25, 27, 29, 33, 34, 36, 38, 40, 42, 44, 46, 48, 51, 52, 54, 56, 58, 60, 62, 64, 66, 68, 70, 72, 74}
1345: {2, 3, 5, 7, 9, 12, 14, 16, 17, 19, 22, 24, 25, 27, 29, 32, 34, 36, 38, 40, 42, 44, 46, 48, 50, 52, 54, 56, 58, 60, 62, 64, 66, 69, 70, 73, 74}
1355: {2, 3, 5, 7, 9, 12, 14, 15, 18, 20, 22, 23, 25, 27, 29, 31, 34, 36, 38, 40, 42, 44, 46, 48, 50, 52, 54, 56, 58, 60, 62, 64, 66, 68, 70, 72, 74}
1370: {2, 3, 5, 7, 9, 11, 14, 15, 18, 20, 22, 24, 25, 27, 29, 32, 34, 36, 38, 40, 42, 44, 46, 48, 50, 52, 54, 56, 58, 60, 62, 64, 66, 68, 70, 72, 74}
1382: {2, 3, 5, 7, 9, 11, 13, 15, 17, 19, 22, 23, 25, 27, 29, 31, 34, 36, 38, 40, 42, 44, 46, 48, 50, 52, 55, 56, 58, 60, 62, 64, 66, 68, 70, 72, 74}
1389: {2, 3, 5, 7, 9, 11, 13, 16, 18, 20, 22, 23, 25, 27, 29, 31, 34, 36, 38, 40, 42, 44, 46, 48, 50, 52, 55, 56, 58, 60, 62, 64, 66, 69, 71, 72, 74}
1390: {2, 3, 5, 7, 9, 11, 14, 15, 17, 19, 22, 23, 25, 27, 29, 31, 34, 36, 38, 40, 42, 44, 46, 48, 50, 52, 55, 56, 58, 60, 62, 64, 66, 68, 70, 72, 74}
1392: {2, 3, 5, 7, 9, 11, 14, 15, 17, 19, 22, 23, 25, 27, 29, 31, 34, 36, 38, 40, 42, 44, 46, 48, 51, 52, 55, 56, 58, 60, 62, 64, 66, 68, 70, 72, 74}
1393: {2, 3, 5, 7, 9, 11, 14, 15, 17, 19, 22, 23, 25, 27, 29, 31, 34, 36, 38, 40, 42, 44, 46, 48, 51, 52, 55, 56, 58, 60, 62, 64, 66, 68, 71, 72, 74}
1404: {2, 3, 5, 7, 9, 11, 13, 15, 17, 19, 22, 23, 25, 28, 29, 31, 34, 36, 38, 40, 42, 44, 46, 48, 50, 52, 54, 56, 58, 60, 62, 64, 66, 68, 70, 72, 74}
1410: {2, 3, 5, 7, 9, 11, 13, 15, 17, 19, 22, 24, 25, 28, 29, 31, 34, 36, 38, 40, 42, 44, 46, 48, 50, 52, 54, 56, 58, 60, 62, 64, 66, 68, 70, 72, 74}
1416: {2, 3, 5, 7, 9, 12, 13, 16, 17, 19, 22, 24, 25, 28, 29, 31, 34, 36, 38, 40, 42, 44, 46, 48, 50, 52, 54, 56, 58, 60, 62, 64, 66, 69, 70, 72, 74}
1420: {2, 3, 5, 7, 9, 11, 13, 15, 17, 19, 22, 24, 25, 28, 29, 31, 34, 36, 38, 40, 42, 44, 46, 48, 50, 52, 54, 56, 58, 60, 62, 64, 66, 69, 70, 73, 74}
1423: {2, 3, 5, 7, 9, 11, 13, 15, 17, 19, 22, 24, 25, 28, 29, 31, 34, 36, 38, 40, 42, 44, 46, 48, 51, 52, 54, 56, 58, 60, 62, 64, 66, 69, 70, 73, 74}
1425: {2, 3, 5, 7, 9, 12, 13, 16, 17, 19, 22, 24, 25, 28, 29, 33, 34, 36, 38, 40, 42, 44, 46, 48, 50, 52, 54, 56, 58, 60, 62, 64, 66, 68, 70, 72, 74}
1426: {2, 3, 5, 7, 9, 11, 13, 15, 17, 19, 22, 24, 25, 28, 29, 33, 34, 36, 38, 40, 42, 44, 46, 48, 50, 52, 54, 56, 58, 60, 62, 64, 66, 69, 70, 72, 74}
1427: {2, 3, 5, 7, 9, 11, 13, 16, 17, 19, 22, 24, 25, 28, 29, 33, 34, 36, 38, 40, 42, 44, 46, 48, 50, 52, 54, 56, 58, 60, 62, 64, 66, 69, 70, 72, 74}
1430: {2, 3, 5, 7, 9, 11, 13, 15, 17, 19, 22, 24, 25, 28, 29, 33, 34, 36, 38, 40, 42, 44, 46, 48, 50, 52, 54, 56, 58, 60, 62, 64, 66, 69, 70, 73, 74}
1431: {2, 3, 5, 7, 9, 11, 13, 15, 17, 19, 22, 24, 25, 28, 29, 31, 34, 37, 38, 40, 42, 44, 46, 48, 50, 52, 54, 56, 58, 60, 62, 64, 66, 68, 70, 72, 74}
1434: {2, 3, 5, 7, 9, 12, 13, 16, 18, 20, 22, 23, 25, 28, 29, 31, 34, 36, 38, 40, 42, 44, 46, 48, 50, 52, 54, 56, 58, 60, 62, 64, 66, 68, 70, 72, 74}
1440: {2, 3, 5, 7, 9, 11, 13, 15, 17, 19, 22, 23, 25, 28, 29, 31, 34, 36, 38, 40, 42, 44, 46, 49, 50, 52, 54, 56, 58, 60, 62, 64, 66, 68, 70, 72, 74}
1444: {2, 3, 5, 7, 9, 12, 14, 16, 17, 19, 22, 23, 25, 28, 29, 31, 34, 36, 38, 40, 42, 44, 46, 48, 50, 52, 54, 56, 58, 60, 62, 64, 66, 68, 70, 72, 74}
1445: {2, 3, 5, 7, 9, 11, 14, 15, 17, 19, 22, 23, 25, 28, 29, 31, 34, 36, 38, 40, 42, 44, 46, 48, 50, 52, 54, 56, 58, 60, 62, 64, 66, 69, 70, 72, 74}
1449: {2, 3, 5, 7, 9, 12, 14, 16, 17, 19, 22, 23, 25, 28, 29, 31, 34, 36, 38, 40, 42, 44, 46, 48, 51, 52, 54, 56, 58, 60, 62, 64, 66, 68, 70, 72, 74}
1453: {2, 3, 5, 7, 9, 12, 14, 16, 17, 19, 22, 24, 25, 28, 29, 31, 34, 36, 38, 40, 42, 44, 46, 48, 50, 52, 54, 56, 58, 60, 62, 64, 66, 68, 70, 72, 74}
1458: {2, 3, 5, 7, 10, 11, 14, 15, 17, 19, 22, 24, 25, 28, 29, 31, 34, 36, 38, 40, 42, 44, 46, 48, 51, 52, 54, 56, 58, 60, 62, 64, 66, 68, 70, 72, 74}
1465: {2, 3, 5, 7, 9, 12, 14, 16, 17, 19, 22, 24, 25, 28, 29, 31, 34, 36, 38, 40, 42, 44, 46, 48, 51, 52, 54, 56, 58, 60, 62, 64, 66, 69, 70, 72, 74}
1475: {2, 3, 5, 7, 9, 12, 14, 16, 18, 20, 22, 23, 25, 28, 29, 31, 34, 36, 38, 40, 42, 44, 46, 48, 50, 52, 54, 56, 58, 60, 62, 64, 66, 68, 70, 72, 74}
1481: {2, 3, 5, 7, 9, 12, 14, 16, 18, 20, 22, 24, 25, 28, 29, 31, 34, 36, 38, 40, 42, 44, 46, 48, 50, 52, 54, 56, 58, 60, 62, 64, 66, 68, 70, 72, 74}
1482: {2, 3, 5, 7, 9, 11, 14, 15, 18, 20, 22, 24, 25, 28, 29, 31, 34, 36, 38, 40, 42, 44, 46, 48, 50, 52, 54, 56, 58, 60, 62, 64, 66, 69, 70, 72, 74}
1483: {2, 3, 5, 7, 9, 11, 14, 16, 18, 20, 22, 24, 25, 28, 29, 31, 34, 36, 38, 40, 42, 44, 46, 48, 50, 52, 54, 56, 58, 60, 62, 64, 66, 69, 70, 72, 74}
1489: {2, 3, 5, 7, 9, 11, 13, 15, 17, 19, 22, 23, 25, 28, 29, 31, 34, 36, 38, 40, 42, 44, 46, 48, 50, 52, 55, 56, 58, 60, 62, 64, 66, 68, 70, 72, 74}
1497: {2, 3, 5, 7, 9, 12, 13, 16, 18, 20, 22, 23, 25, 28, 29, 31, 34, 36, 38, 40, 42, 44, 46, 48, 50, 52, 55, 56, 58, 60, 62, 64, 66, 68, 70, 72, 74}
1501: {2, 3, 5, 7, 9, 11, 14, 15, 17, 19, 22, 23, 25, 28, 29, 31, 34, 36, 38, 40, 42, 44, 46, 48, 50, 52, 55, 56, 58, 60, 62, 64, 66, 69, 70, 72, 74}
1502: {2, 3, 5, 7, 9, 12, 14, 16, 17, 19, 22, 23, 25, 28, 29, 31, 34, 36, 38, 40, 42, 44, 46, 48, 50, 52, 55, 56, 58, 60, 62, 64, 66, 69, 70, 72, 74}
1507: {2, 3, 5, 7, 10, 11, 14, 15, 17, 19, 22, 23, 25, 28, 29, 31, 34, 36, 38, 40, 42, 44, 46, 48, 51, 52, 55, 56, 58, 60, 62, 64, 66, 69, 70, 72, 74}
1510: {2, 3, 5, 7, 9, 11, 14, 15, 18, 20, 22, 23, 25, 28, 29, 31, 34, 36, 38, 40, 42, 44, 46, 48, 50, 52, 55, 56, 58, 60, 62, 64, 66, 69, 70, 72, 74}
1513: {2, 3, 5, 7, 9, 11, 13, 15, 17, 19, 22, 23, 26, 27, 29, 31, 34, 36, 38, 40, 42, 44, 46, 48, 50, 52, 54, 56, 58, 60, 62, 64, 66, 68, 71, 72, 74}
1515: {2, 3, 5, 7, 9, 11, 13, 15, 17, 19, 22, 23, 26, 27, 29, 31, 34, 36, 38, 40, 42, 44, 46, 48, 51, 52, 54, 56, 58, 60, 62, 64, 66, 69, 70, 72, 74}
1519: {2, 3, 5, 7, 9, 11, 13, 15, 17, 19, 22, 23, 26, 27, 29, 31, 34, 36, 38, 40, 42, 44, 46, 48, 50, 52, 55, 56, 58, 60, 62, 64, 66, 68, 70, 72, 74}
1523: {2, 3, 5, 7, 9, 11, 13, 15, 17, 19, 22, 23, 26, 28, 29, 31, 34, 36, 38, 40, 42, 44, 46, 48, 50, 52, 54, 56, 58, 60, 62, 64, 66, 69, 70, 72, 74}
1527: {2, 3, 5, 7, 9, 11, 14, 15, 17, 19, 22, 23, 26, 28, 29, 31, 34, 36, 38, 40, 42, 44, 46, 48, 51, 52, 54, 56, 58, 60, 62, 64, 66, 69, 70, 72, 74}
1528: {2, 3, 5, 7, 9, 11, 13, 15, 17, 19, 22, 23, 26, 28, 29, 31, 34, 36, 38, 40, 42, 44, 46, 48, 50, 52, 55, 56, 58, 60, 62, 64, 66, 68, 70, 72, 74}
1539: {2, 3, 5, 7, 9, 11, 13, 16, 18, 20, 22, 23, 25, 27, 29, 31, 34, 36, 38, 40, 42, 44, 46, 48, 50, 52, 54, 56, 58, 60, 62, 64, 66, 68, 71, 72, 75}
1552: {2, 3, 5, 7, 9, 11, 13, 15, 17, 19, 22, 23, 25, 27, 29, 31, 34, 36, 38, 40, 42, 44, 46, 48, 50, 52, 55, 56, 58, 60, 62, 64, 66, 68, 71, 72, 75}
1556: {2, 3, 5, 7, 9, 11, 13, 15, 17, 19, 22, 23, 25, 27, 29, 31, 34, 36, 38, 40, 42, 44, 46, 48, 51, 52, 55, 56, 58, 60, 62, 64, 66, 68, 71, 72, 75}
1563: {2, 3, 5, 7, 9, 12, 14, 16, 17, 19, 22, 23, 25, 27, 29, 31, 34, 36, 38, 40, 42, 44, 46, 48, 50, 52, 55, 56, 58, 60, 62, 64, 66, 69, 70, 72, 75}
1565: {2, 3, 5, 7, 9, 11, 14, 15, 17, 19, 22, 23, 25, 27, 29, 31, 34, 36, 38, 40, 42, 44, 46, 48, 51, 52, 55, 56, 58, 60, 62, 64, 66, 68, 71, 72, 75}
1576: {2, 3, 5, 7, 9, 11, 14, 16, 17, 19, 22, 23, 25, 28, 29, 31, 34, 36, 38, 40, 42, 44, 46, 48, 50, 52, 54, 56, 58, 60, 62, 64, 66, 68, 70, 72, 75}
1577: {2, 3, 5, 7, 9, 12, 14, 16, 17, 19, 22, 23, 25, 28, 29, 31, 34, 36, 38, 40, 42, 44, 46, 48, 50, 52, 54, 56, 58, 60, 62, 64, 66, 68, 70, 72, 75}
1582: {2, 3, 5, 7, 9, 11, 13, 15, 17, 19, 22, 23, 25, 28, 29, 31, 34, 36, 38, 40, 42, 44, 46, 48, 50, 52, 55, 56, 58, 60, 62, 64, 66, 68, 70, 72, 75}
1583: {2, 3, 5, 7, 9, 12, 13, 16, 17, 19, 22, 23, 25, 28, 29, 31, 34, 36, 38, 40, 42, 44, 46, 48, 50, 52, 55, 56, 58, 60, 62, 64, 66, 68, 70, 72, 75}
1589: {2, 3, 5, 7, 9, 11, 14, 15, 17, 19, 22, 23, 25, 28, 29, 31, 34, 36, 38, 40, 42, 44, 46, 48, 51, 52, 55, 56, 58, 60, 62, 64, 66, 68, 70, 72, 75}
1591: {2, 3, 5, 7, 9, 11, 13, 15, 17, 19, 22, 23, 26, 27, 29, 31, 34, 36, 38, 40, 42, 44, 46, 48, 50, 52, 54, 56, 58, 60, 62, 64, 66, 68, 70, 72, 75}
1595: {2, 3, 5, 7, 9, 11, 13, 15, 17, 19, 22, 23, 26, 27, 29, 31, 34, 36, 38, 40, 42, 44, 46, 48, 51, 52, 55, 56, 58, 60, 62, 64, 66, 68, 70, 72, 75}
1596: {2, 3, 5, 7, 9, 11, 13, 15, 17, 19, 22, 23, 26, 27, 29, 31, 34, 36, 39, 40, 42, 44, 46, 48, 50, 52, 55, 56, 58, 60, 62, 64, 66, 68, 70, 72, 75}
1597: {2, 3, 5, 7, 9, 11, 13, 15, 17, 19, 22, 23, 26, 28, 29, 31, 34, 36, 38, 40, 42, 44, 46, 48, 50, 52, 54, 56, 58, 60, 62, 64, 66, 68, 70, 72, 75}
1598: {2, 3, 5, 7, 9, 11, 14, 15, 17, 19, 22, 23, 26, 28, 29, 31, 34, 36, 38, 40, 42, 44, 46, 48, 50, 52, 54, 56, 58, 60, 62, 64, 66, 68, 70, 72, 75}
1602: {1, 4, 5, 7, 9, 12, 13, 15, 17, 20, 21, 24, 25, 28, 29, 33, 34, 36, 38, 40, 42, 44, 47, 48, 51, 52, 54, 56, 58, 60, 62, 64, 66, 68, 70, 73, 74}
1605: {1, 4, 5, 7, 9, 12, 13, 15, 17, 20, 21, 24, 25, 28, 29, 33, 34, 36, 38, 40, 42, 44, 47, 48, 50, 52, 54, 56, 58, 60, 62, 64, 66, 68, 70, 73, 74}
1607: {1, 4, 5, 7, 9, 11, 13, 15, 17, 19, 21, 24, 25, 28, 29, 33, 34, 36, 38, 40, 42, 44, 46, 48, 51, 52, 54, 56, 58, 60, 63, 64, 66, 68, 70, 72, 74}
1609: {1, 4, 5, 7, 10, 12, 13, 15, 17, 19, 21, 24, 25, 28, 29, 31, 34, 36, 38, 40, 42, 44, 46, 48, 50, 52, 54, 56, 58, 60, 62, 64, 66, 68, 71, 73, 74}
1611: {1, 4, 5, 7, 9, 12, 13, 15, 17, 20, 21, 24, 25, 28, 29, 31, 34, 36, 38, 40, 42, 44, 47, 48, 50, 52, 54, 56, 58, 60, 62, 64, 66, 68, 71, 73, 74}
1621: {1, 3, 5, 7, 9, 12, 14, 16, 17, 20, 21, 24, 25, 28, 29, 33, 34, 36, 38, 40, 42, 44, 47, 48, 50, 52, 54, 56, 58, 60, 62, 64, 66, 68, 70, 72, 74}
1626: {1, 4, 5, 7, 9, 12, 14, 15, 17, 20, 21, 24, 25, 28, 29, 33, 34, 36, 38, 40, 42, 44, 47, 48, 51, 52, 54, 56, 58, 60, 62, 64, 66, 68, 70, 72, 74}
1635: {1, 3, 5, 7, 9, 12, 14, 16, 18, 20, 21, 24, 25, 28, 29, 33, 34, 36, 38, 40, 42, 44, 47, 48, 50, 52, 54, 56, 58, 60, 62, 64, 66, 68, 70, 72, 74}
1636: {1, 3, 5, 7, 9, 11, 14, 16, 18, 20, 21, 24, 25, 28, 29, 31, 34, 36, 38, 40, 42, 44, 47, 48, 50, 52, 54, 56, 58, 60, 62, 64, 66, 68, 70, 73, 74}
1637: {1, 3, 5, 7, 10, 11, 14, 16, 18, 20, 21, 24, 25, 28, 29, 31, 34, 36, 38, 40, 42, 44, 46, 48, 50, 52, 54, 56, 58, 60, 62, 64, 66, 68, 71, 72, 74}
1641: {1, 4, 5, 7, 9, 12, 14, 16, 18, 20, 21, 24, 25, 28, 29, 33, 34, 36, 38, 40, 42, 44, 46, 48, 51, 52, 54, 56, 58, 60, 62, 64, 66, 68, 70, 72, 74}
1644: {1, 4, 5, 7, 9, 12, 14, 16, 18, 20, 21, 24, 25, 28, 29, 31, 34, 36, 38, 40, 42, 44, 46, 48, 50, 52, 54, 56, 58, 60, 62, 64, 66, 68, 70, 73, 74}
1645: {1, 4, 5, 7, 9, 12, 14, 16, 18, 20, 21, 24, 25, 28, 29, 31, 34, 36, 38, 40, 42, 44, 46, 48, 50, 52, 54, 56, 58, 60, 62, 64, 66, 68, 71, 73, 74}
1651: {1, 3, 5, 7, 9, 11, 14, 15, 17, 19, 21, 24, 25, 28, 29, 33, 34, 37, 38, 40, 42, 44, 46, 49, 50, 52, 54, 56, 58, 60, 62, 64, 66, 68, 70, 72, 74}
1662: {1, 3, 5, 7, 9, 12, 14, 16, 18, 20, 21, 23, 25, 28, 29, 31, 34, 36, 38, 40, 42, 44, 47, 48, 50, 52, 55, 56, 58, 60, 62, 64, 66, 68, 70, 72, 74}
1679: {1, 4, 5, 7, 9, 11, 13, 15, 17, 19, 21, 24, 25, 27, 29, 32, 34, 36, 38, 40, 42, 44, 46, 48, 51, 52, 54, 56, 58, 60, 63, 64, 66, 68, 70, 73, 74}
1684: {1, 4, 5, 7, 9, 11, 13, 15, 17, 19, 21, 24, 25, 27, 29, 32, 34, 36, 38, 40, 42, 44, 46, 48, 50, 52, 54, 56, 58, 60, 62, 65, 66, 68, 70, 73, 74}
1686: {1, 4, 5, 7, 9, 11, 13, 15, 17, 19, 21, 24, 25, 27, 29, 31, 34, 36, 38, 40, 43, 44, 46, 48, 50, 52, 54, 57, 58, 60, 62, 65, 66, 68, 70, 73, 74}
1691: {1, 3, 5, 7, 9, 11, 13, 15, 17, 19, 21, 24, 25, 27, 29, 32, 34, 36, 39, 40, 42, 44, 46, 48, 51, 52, 54, 56, 58, 60, 62, 65, 66, 68, 71, 73, 74}
1699: {1, 3, 6, 7, 9, 11, 13, 15, 17, 19, 21, 24, 25, 27, 29, 31, 34, 36, 39, 40, 42, 44, 46, 48, 50, 52, 54, 56, 58, 60, 62, 65, 66, 69, 71, 73, 74}
1700: {1, 3, 5, 7, 9, 11, 13, 15, 17, 19, 21, 24, 25, 27, 29, 32, 34, 36, 39, 40, 43, 44, 46, 48, 50, 52, 54, 56, 58, 60, 62, 65, 66, 68, 71, 73, 74}
1701: {1, 3, 6, 7, 9, 11, 13, 15, 17, 19, 21, 24, 25, 27, 29, 32, 34, 36, 39, 40, 43, 44, 46, 48, 50, 52, 54, 56, 58, 60, 62, 65, 66, 68, 70, 73, 74}
1702: {1, 3, 6, 7, 9, 11, 13, 15, 17, 19, 21, 24, 25, 27, 29, 32, 34, 36, 39, 40, 43, 44, 46, 48, 50, 52, 54, 56, 58, 60, 62, 65, 66, 68, 71, 73, 74}
1705: {1, 3, 6, 7, 9, 11, 13, 15, 17, 19, 21, 23, 25, 27, 29, 31, 34, 36, 39, 40, 42, 44, 46, 48, 50, 52, 54, 56, 58, 60, 62, 65, 67, 68, 70, 73, 74}
1713: {1, 3, 5, 7, 9, 11, 13, 16, 17, 20, 21, 24, 25, 27, 29, 31, 34, 36, 39, 40, 43, 44, 47, 48, 51, 52, 54, 56, 58, 60, 62, 64, 66, 68, 71, 72, 74}
1718: {1, 3, 5, 7, 9, 12, 13, 15, 17, 20, 21, 24, 25, 27, 29, 31, 34, 36, 39, 40, 43, 44, 47, 48, 50, 52, 54, 56, 58, 60, 62, 65, 66, 68, 71, 72, 74}
1720: {1, 4, 6, 7, 9, 11, 13, 15, 17, 19, 21, 24, 25, 27, 29, 33, 34, 36, 39, 40, 42, 44, 46, 48, 51, 52, 54, 56, 58, 60, 62, 64, 66, 68, 71, 73, 74}
1722: {1, 4, 6, 7, 9, 11, 13, 15, 17, 19, 21, 24, 25, 27, 29, 33, 34, 36, 39, 40, 42, 44, 46, 48, 51, 52, 54, 56, 58, 60, 63, 64, 66, 68, 71, 73, 74}
1731: {1, 3, 5, 7, 9, 11, 13, 16, 18, 20, 21, 24, 25, 27, 29, 32, 34, 36, 38, 40, 42, 44, 47, 48, 50, 52, 54, 56, 58, 60, 62, 64, 66, 68, 70, 73, 74}
1739: {1, 3, 5, 7, 9, 11, 13, 16, 18, 20, 21, 24, 25, 27, 29, 32, 34, 36, 39, 40, 42, 44, 46, 48, 50, 52, 54, 56, 58, 60, 62, 64, 66, 68, 70, 73, 74}
1744: {1, 3, 5, 7, 9, 11, 13, 15, 17, 19, 21, 24, 25, 27, 29, 31, 34, 37, 38, 40, 42, 44, 46, 49, 51, 52, 54, 56, 58, 60, 62, 65, 66, 68, 70, 72, 74}
1750: {1, 3, 5, 7, 9, 11, 14, 15, 17, 20, 21, 24, 25, 27, 29, 31, 34, 36, 38, 40, 43, 44, 47, 48, 51, 52, 54, 56, 58, 60, 62, 65, 66, 68, 70, 73, 74}
1751: {1, 3, 5, 7, 9, 11, 14, 16, 17, 20, 21, 24, 25, 27, 29, 32, 34, 36, 38, 40, 42, 44, 47, 48, 51, 52, 54, 56, 58, 60, 62, 64, 66, 68, 70, 73, 74}
1757: {1, 3, 5, 7, 9, 11, 14, 16, 17, 19, 21, 24, 25, 27, 29, 32, 34, 36, 38, 40, 43, 44, 46, 48, 50, 52, 54, 56, 58, 60, 62, 65, 66, 68, 71, 73, 74}
1761: {1, 3, 5, 7, 9, 11, 14, 15, 17, 20, 21, 24, 25, 27, 29, 32, 34, 36, 38, 40, 43, 44, 47, 48, 51, 52, 54, 56, 58, 60, 62, 65, 66, 68, 70, 72, 74}
1769: {1, 3, 5, 7, 9, 11, 14, 16, 17, 20, 21, 24, 25, 27, 29, 31, 34, 36, 38, 40, 43, 44, 47, 48, 50, 52, 54, 56, 58, 60, 62, 65, 66, 68, 70, 72, 74}
1774: {1, 4, 5, 8, 9, 11, 14, 16, 17, 19, 21, 24, 25, 27, 29, 33, 34, 36, 38, 40, 43, 44, 46, 48, 51, 52, 54, 56, 58, 60, 62, 64, 66, 68, 71, 72, 74}
1777: {1, 4, 6, 7, 10, 11, 14, 15, 17, 19, 21, 24, 25, 27, 29, 33, 34, 36, 38, 40, 42, 44, 46, 48, 50, 52, 54, 56, 58, 60, 62, 64, 66, 68, 71, 72, 74}
1780: {1, 4, 5, 7, 9, 11, 14, 15, 17, 19, 21, 24, 25, 27, 29, 32, 34, 36, 38, 40, 42, 44, 46, 48, 51, 52, 54, 56, 58, 60, 62, 65, 66, 68, 70, 73, 74}
1782: {1, 4, 5, 7, 9, 11, 14, 16, 17, 19, 21, 24, 25, 27, 29, 32, 34, 36, 38, 40, 42, 44, 46, 48, 51, 52, 54, 56, 58, 60, 62, 64, 66, 68, 70, 73, 74}
1788: {1, 4, 6, 7, 10, 11, 14, 15, 17, 19, 21, 24, 25, 27, 29, 31, 34, 36, 38, 40, 42, 44, 46, 48, 50, 52, 54, 56, 58, 60, 62, 64, 66, 68, 71, 72, 74}
1789: {1, 4, 5, 7, 9, 12, 14, 16, 17, 20, 21, 24, 25, 27, 29, 32, 34, 36, 38, 40, 42, 44, 47, 48, 50, 52, 54, 56, 58, 60, 62, 64, 66, 68, 70, 72, 74}
1794: {1, 3, 5, 7, 9, 11, 14, 15, 17, 19, 21, 24, 25, 27, 29, 31, 34, 36, 39, 40, 43, 44, 46, 48, 51, 52, 54, 56, 58, 60, 62, 65, 66, 68, 71, 73, 74}
1796: {1, 3, 6, 7, 9, 11, 14, 15, 17, 19, 21, 24, 25, 27, 29, 32, 34, 36, 39, 40, 43, 44, 46, 48, 51, 52, 54, 56, 58, 60, 62, 65, 66, 68, 71, 73, 74}
1799: {1, 3, 5, 7, 9, 12, 14, 16, 17, 19, 21, 24, 25, 27, 29, 32, 34, 36, 39, 40, 42, 44, 46, 48, 51, 52, 54, 56, 58, 60, 62, 64, 66, 68, 71, 73, 74}
1802: {1, 3, 5, 7, 9, 11, 14, 16, 17, 19, 21, 24, 25, 27, 29, 32, 34, 36, 39, 40, 43, 44, 46, 48, 51, 52, 54, 56, 58, 60, 62, 65, 66, 68, 71, 73, 74}
1810: {1, 3, 5, 7, 9, 11, 14, 15, 17, 19, 21, 24, 25, 27, 29, 31, 34, 36, 39, 41, 42, 44, 46, 48, 51, 52, 54, 56, 58, 60, 62, 65, 66, 68, 71, 72, 74}
1814: {1, 3, 5, 7, 10, 11, 14, 15, 17, 19, 21, 24, 25, 27, 29, 32, 34, 36, 39, 40, 43, 44, 46, 48, 51, 52, 54, 56, 58, 60, 62, 65, 66, 68, 71, 72, 74}
1816: {1, 3, 5, 7, 10, 11, 14, 15, 17, 19, 21, 24, 25, 27, 29, 32, 34, 36, 39, 41, 43, 44, 46, 48, 51, 52, 54, 56, 58, 60, 62, 65, 66, 68, 71, 72, 74}
1819: {1, 3, 5, 7, 9, 11, 14, 15, 17, 20, 21, 24, 25, 27, 29, 32, 34, 36, 39, 40, 43, 44, 47, 48, 51, 52, 54, 56, 58, 60, 62, 65, 66, 68, 71, 72, 74}
1821: {1, 3, 5, 7, 9, 11, 14, 16, 17, 20, 21, 24, 25, 27, 29, 32, 34, 36, 39, 40, 43, 44, 47, 48, 51, 52, 54, 56, 58, 60, 62, 65, 66, 68, 71, 72, 74}
1823: {1, 3, 5, 7, 9, 11, 14, 15, 17, 19, 21, 24, 25, 27, 29, 32, 34, 36, 39, 40, 43, 44, 46, 48, 50, 52, 54, 56, 58, 60, 62, 65, 66, 68, 70, 72, 74}
1824: {1, 3, 5, 7, 10, 11, 14, 15, 17, 19, 21, 24, 25, 27, 29, 32, 34, 36, 39, 40, 43, 44, 46, 48, 50, 52, 54, 56, 58, 60, 62, 65, 66, 68, 70, 72, 74}
1825: {1, 3, 5, 7, 9, 11, 14, 15, 17, 20, 21, 24, 25, 27, 29, 32, 34, 36, 39, 40, 43, 44, 47, 48, 50, 52, 54, 56, 58, 60, 62, 65, 66, 68, 70, 72, 74}
1833: {1, 3, 5, 7, 9, 11, 14, 16, 18, 20, 21, 24, 25, 27, 29, 32, 34, 36, 38, 40, 42, 44, 47, 48, 50, 52, 54, 56, 58, 60, 62, 64, 66, 68, 70, 73, 74}
1834: {1, 3, 5, 7, 9, 11, 14, 16, 18, 20, 21, 24, 25, 27, 29, 31, 34, 36, 38, 40, 43, 44, 47, 48, 50, 52, 54, 56, 58, 60, 62, 64, 66, 68, 70, 73, 74}
1835: {1, 3, 5, 7, 9, 11, 14, 16, 18, 20, 21, 24, 25, 27, 29, 32, 34, 36, 38, 40, 43, 44, 47, 48, 50, 52, 54, 56, 58, 60, 62, 64, 66, 68, 70, 73, 74}
1840: {1, 3, 5, 7, 9, 11, 14, 16, 18, 20, 21, 24, 25, 27, 29, 32, 34, 36, 38, 40, 43, 44, 47, 48, 50, 52, 54, 56, 58, 60, 62, 64, 66, 68, 70, 72, 74}
1842: {1, 3, 5, 7, 10, 12, 14, 16, 18, 20, 21, 23, 25, 27, 29, 31, 34, 36, 38, 40, 42, 44, 46, 48, 51, 52, 54, 56, 58, 60, 62, 64, 66, 68, 71, 72, 74}
1851: {1, 4, 5, 7, 9, 12, 14, 16, 18, 20, 21, 24, 25, 27, 29, 31, 34, 36, 38, 40, 42, 44, 46, 48, 50, 52, 54, 56, 58, 60, 62, 64, 66, 68, 71, 72, 74}
1855: {1, 3, 5, 7, 9, 11, 14, 16, 18, 20, 21, 24, 25, 27, 29, 32, 34, 36, 39, 40, 43, 44, 46, 48, 51, 52, 54, 56, 58, 60, 62, 64, 66, 68, 71, 73, 74}
1859: {1, 3, 5, 7, 10, 11, 14, 16, 18, 20, 21, 24, 25, 27, 29, 32, 34, 36, 39, 40, 43, 44, 46, 48, 51, 52, 54, 56, 58, 60, 62, 65, 66, 68, 71, 72, 74}
1862: {1, 4, 5, 7, 9, 12, 14, 16, 18, 20, 21, 24, 25, 27, 29, 31, 34, 36, 39, 40, 42, 44, 46, 48, 50, 52, 54, 56, 58, 60, 62, 64, 66, 68, 71, 73, 74}
1864: {1, 4, 5, 7, 9, 12, 14, 16, 18, 20, 21, 24, 25, 27, 29, 31, 34, 36, 39, 40, 42, 44, 46, 48, 50, 52, 54, 56, 58, 60, 62, 64, 66, 68, 71, 72, 74}
1865: {1, 4, 5, 7, 9, 12, 14, 16, 18, 20, 21, 24, 25, 27, 29, 32, 34, 36, 39, 40, 42, 44, 46, 48, 50, 52, 54, 56, 58, 60, 62, 64, 66, 68, 71, 72, 74}
1878: {1, 3, 5, 7, 9, 11, 13, 15, 17, 20, 21, 24, 26, 28, 29, 31, 34, 37, 38, 40, 42, 44, 47, 49, 50, 52, 54, 56, 58, 60, 62, 64, 66, 68, 70, 72, 74}
1884: {1, 4, 5, 7, 9, 11, 13, 15, 17, 19, 21, 24, 26, 27, 29, 31, 34, 36, 38, 40, 42, 44, 46, 48, 51, 52, 54, 56, 58, 60, 62, 65, 66, 68, 70, 73, 74}
1887: {1, 3, 5, 7, 9, 11, 13, 15, 17, 19, 21, 24, 26, 27, 29, 32, 34, 36, 39, 40, 42, 44, 46, 48, 51, 52, 54, 56, 58, 60, 62, 64, 66, 68, 70, 73, 74}
1888: {1, 3, 5, 7, 9, 11, 13, 15, 17, 19, 21, 24, 26, 27, 29, 32, 34, 37, 38, 40, 42, 44, 46, 48, 51, 52, 54, 56, 58, 60, 62, 64, 66, 68, 70, 72, 74}
1890: {1, 3, 5, 7, 9, 11, 13, 16, 18, 20, 21, 24, 26, 27, 29, 32, 34, 36, 38, 40, 42, 44, 47, 48, 50, 52, 54, 56, 58, 60, 62, 64, 66, 68, 70, 73, 74}
1891: {1, 4, 5, 7, 9, 11, 13, 16, 18, 20, 21, 24, 26, 27, 29, 31, 34, 36, 38, 40, 43, 44, 46, 48, 51, 52, 54, 57, 58, 60, 62, 65, 66, 68, 70, 73, 74}
1898: {1, 3, 5, 7, 9, 11, 13, 15, 17, 19, 21, 24, 26, 27, 29, 31, 34, 37, 38, 40, 42, 44, 46, 49, 50, 52, 54, 56, 58, 60, 62, 65, 66, 68, 70, 72, 74}
1900: {1, 3, 5, 7, 9, 11, 13, 15, 17, 20, 21, 24, 26, 27, 29, 31, 34, 37, 38, 40, 42, 44, 47, 49, 50, 52, 54, 56, 58, 60, 62, 65, 66, 68, 70, 72, 74}
1907: {1, 3, 5, 7, 9, 11, 14, 16, 17, 19, 21, 24, 26, 27, 29, 32, 34, 36, 39, 40, 42, 44, 46, 48, 51, 52, 54, 56, 58, 60, 62, 64, 66, 68, 70, 73, 74}
1911: {1, 3, 5, 7, 9, 11, 14, 16, 17, 20, 21, 24, 26, 27, 29, 32, 34, 37, 38, 40, 42, 44, 47, 48, 51, 52, 54, 56, 58, 60, 62, 64, 66, 68, 70, 72, 74}
1913: {1, 3, 5, 7, 9, 11, 14, 16, 17, 20, 21, 24, 26, 27, 29, 32, 34, 37, 38, 40, 42, 44, 47, 48, 50, 52, 54, 56, 58, 60, 62, 64, 66, 68, 70, 72, 74}
1916: {1, 3, 5, 7, 9, 11, 14, 16, 17, 19, 21, 24, 26, 27, 29, 31, 34, 36, 39, 40, 43, 44, 46, 49, 51, 52, 54, 56, 58, 60, 62, 64, 66, 68, 71, 73, 74}
1923: {1, 3, 5, 7, 10, 12, 14, 16, 18, 20, 21, 23, 25, 28, 29, 31, 34, 36, 38, 40, 42, 44, 46, 48, 51, 52, 54, 56, 58, 60, 62, 64, 66, 68, 71, 72, 75}
1926: {1, 3, 5, 7, 9, 12, 13, 15, 17, 20, 21, 23, 25, 28, 29, 31, 34, 36, 38, 40, 42, 44, 47, 48, 51, 52, 55, 57, 58, 60, 62, 64, 66, 68, 70, 72, 75}
1927: {1, 3, 5, 7, 9, 11, 13, 16, 17, 20, 21, 23, 25, 28, 29, 31, 34, 36, 38, 40, 42, 44, 47, 48, 51, 52, 55, 56, 58, 60, 62, 64, 66, 68, 70, 72, 75}
1929: {1, 3, 5, 7, 9, 12, 13, 16, 18, 20, 21, 23, 25, 28, 29, 31, 34, 36, 38, 40, 42, 44, 47, 48, 51, 52, 55, 56, 58, 60, 62, 64, 66, 68, 70, 72, 75}
1937: {1, 3, 5, 8, 9, 12, 14, 16, 17, 19, 21, 23, 25, 28, 29, 31, 34, 36, 38, 40, 42, 44, 46, 48, 51, 52, 55, 56, 58, 60, 62, 64, 66, 68, 71, 72, 75}
1938: {1, 3, 5, 7, 9, 12, 14, 16, 17, 20, 21, 23, 25, 28, 29, 31, 34, 36, 38, 40, 42, 44, 47, 48, 51, 52, 55, 56, 58, 60, 62, 64, 66, 68, 70, 72, 75}
1942: {1, 3, 5, 7, 9, 12, 14, 16, 18, 20, 21, 23, 25, 28, 29, 31, 34, 36, 38, 40, 42, 44, 46, 48, 51, 52, 55, 56, 58, 60, 62, 64, 66, 68, 70, 72, 75}
1943: {1, 3, 5, 7, 10, 12, 14, 16, 18, 20, 21, 23, 25, 28, 29, 31, 34, 36, 38, 40, 42, 44, 46, 48, 51, 52, 55, 56, 58, 60, 62, 64, 66, 68, 71, 72, 75}
1947: {1, 3, 5, 7, 10, 12, 14, 16, 18, 20, 21, 23, 25, 28, 29, 31, 34, 36, 39, 40, 42, 44, 46, 48, 51, 52, 55, 56, 58, 60, 62, 64, 66, 68, 71, 72, 75}
1956: {1, 3, 6, 7, 10, 11, 14, 15, 17, 19, 21, 23, 25, 27, 29, 31, 34, 36, 38, 40, 42, 44, 46, 48, 51, 52, 55, 56, 58, 60, 62, 64, 66, 68, 71, 72, 75}
1965: {1, 3, 5, 7, 9, 11, 14, 15, 17, 20, 21, 23, 25, 27, 29, 31, 34, 36, 39, 40, 42, 44, 47, 48, 51, 52, 55, 56, 58, 60, 62, 64, 66, 68, 71, 72, 75}
1978: {1, 3, 5, 7, 9, 11, 13, 15, 17, 19, 21, 23, 26, 27, 29, 31, 34, 36, 39, 40, 42, 44, 46, 48, 51, 52, 54, 56, 58, 60, 63, 64, 66, 68, 71, 72, 75}
1986: {1, 3, 5, 7, 9, 11, 13, 16, 18, 20, 22, 24, 25, 28, 29, 31, 34, 36, 38, 40, 42, 45, 46, 48, 51, 52, 54, 56, 58, 60, 62, 64, 66, 69, 70, 72, 74}
1995: {1, 3, 5, 7, 9, 12, 14, 16, 18, 20, 22, 24, 25, 28, 29, 31, 34, 36, 38, 40, 42, 45, 46, 48, 50, 52, 54, 56, 58, 60, 62, 64, 66, 68, 70, 72, 74}
2009: {1, 3, 5, 7, 9, 11, 13, 15, 17, 19, 22, 24, 25, 27, 29, 32, 34, 36, 38, 40, 42, 45, 46, 48, 51, 52, 54, 56, 58, 60, 62, 65, 66, 69, 70, 72, 74}
2014: {1, 3, 5, 7, 9, 11, 13, 15, 17, 19, 22, 24, 25, 27, 29, 32, 34, 36, 38, 40, 43, 45, 46, 48, 50, 52, 54, 56, 58, 60, 62, 65, 66, 69, 70, 72, 74}
2018: {1, 3, 6, 7, 9, 11, 13, 15, 17, 19, 22, 24, 25, 27, 29, 32, 35, 36, 39, 40, 43, 45, 46, 48, 50, 52, 54, 56, 58, 60, 62, 65, 66, 69, 70, 73, 74}
2024: {1, 3, 6, 7, 9, 11, 13, 15, 17, 19, 22, 24, 25, 27, 29, 32, 34, 36, 39, 40, 43, 45, 46, 48, 51, 52, 54, 56, 58, 60, 62, 65, 66, 69, 71, 72, 74}
2030: {1, 3, 5, 7, 9, 12, 13, 16, 18, 20, 22, 23, 25, 27, 29, 31, 34, 36, 38, 40, 42, 45, 46, 48, 51, 52, 54, 56, 58, 60, 62, 64, 66, 68, 70, 72, 74}
2033: {1, 4, 5, 8, 9, 11, 13, 16, 18, 20, 22, 24, 25, 27, 29, 31, 34, 36, 39, 40, 43, 45, 46, 48, 51, 52, 54, 57, 58, 60, 62, 65, 66, 69, 71, 72, 74}
2042: {1, 3, 5, 7, 9, 11, 14, 16, 17, 19, 22, 24, 25, 27, 29, 32, 34, 36, 38, 40, 42, 45, 46, 48, 51, 52, 54, 56, 58, 60, 62, 64, 66, 69, 70, 72, 74}
2045: {1, 3, 5, 7, 9, 11, 14, 15, 17, 19, 22, 24, 25, 27, 29, 31, 34, 36, 38, 40, 43, 45, 46, 48, 50, 52, 54, 56, 58, 60, 62, 65, 66, 69, 70, 72, 74}
2048: {1, 3, 5, 7, 9, 12, 14, 16, 17, 19, 22, 24, 25, 27, 29, 32, 34, 36, 38, 40, 43, 45, 46, 48, 50, 52, 54, 56, 58, 60, 62, 65, 66, 69, 70, 72, 74}
2050: {1, 3, 6, 7, 10, 11, 14, 15, 17, 19, 22, 24, 25, 27, 29, 32, 34, 36, 39, 40, 43, 45, 46, 48, 51, 52, 54, 56, 58, 60, 62, 65, 66, 69, 71, 72, 74}
2053: {1, 3, 5, 7, 10, 11, 14, 15, 17, 19, 22, 24, 25, 27, 29, 32, 34, 36, 39, 40, 43, 45, 46, 48, 50, 52, 54, 56, 58, 60, 62, 65, 66, 69, 71, 72, 74}
2057: {1, 3, 5, 7, 10, 11, 14, 16, 18, 20, 22, 24, 25, 27, 29, 32, 34, 36, 39, 40, 43, 45, 46, 48, 50, 52, 54, 56, 58, 60, 62, 65, 66, 69, 71, 72, 74}
2058: {1, 3, 5, 7, 9, 11, 13, 15, 17, 19, 22, 24, 26, 28, 29, 31, 34, 37, 38, 40, 42, 45, 46, 49, 50, 52, 54, 56, 58, 60, 62, 64, 66, 69, 70, 72, 74}
2061: {1, 3, 5, 7, 9, 11, 14, 15, 17, 19, 22, 23, 26, 28, 29, 31, 34, 36, 38, 40, 42, 45, 46, 48, 50, 52, 55, 56, 58, 60, 62, 64, 66, 68, 70, 72, 74}
2068: {1, 3, 5, 7, 9, 11, 14, 16, 17, 19, 22, 24, 26, 27, 29, 31, 34, 37, 38, 40, 43, 45, 46, 49, 50, 52, 54, 56, 58, 60, 62, 64, 66, 68, 70, 72, 74}
2071: {1, 3, 5, 7, 9, 12, 13, 15, 17, 19, 22, 23, 25, 28, 29, 31, 34, 36, 38, 40, 42, 45, 46, 48, 51, 52, 55, 57, 58, 60, 62, 64, 66, 68, 70, 72, 75}
2074: {1, 3, 5, 7, 9, 12, 13, 15, 17, 19, 22, 23, 25, 28, 29, 31, 34, 36, 38, 40, 42, 45, 46, 48, 50, 52, 55, 56, 58, 60, 62, 64, 66, 68, 70, 72, 75}
2086: {1, 3, 5, 7, 9, 12, 14, 16, 17, 19, 22, 23, 25, 28, 29, 31, 34, 36, 38, 40, 42, 45, 46, 48, 50, 52, 55, 56, 58, 60, 62, 64, 66, 68, 70, 72, 75}
2091: {1, 3, 5, 7, 9, 12, 13, 15, 17, 19, 22, 23, 25, 27, 29, 31, 34, 36, 39, 40, 42, 45, 46, 48, 51, 52, 55, 56, 58, 60, 62, 64, 66, 68, 71, 72, 75}
2093: {1, 3, 6, 7, 9, 11, 13, 15, 17, 19, 22, 23, 25, 27, 29, 31, 34, 36, 39, 40, 42, 45, 46, 48, 50, 52, 55, 56, 58, 60, 62, 64, 66, 69, 70, 72, 75}
2095: {1, 3, 5, 7, 9, 11, 13, 15, 17, 19, 22, 23, 25, 27, 29, 31, 34, 36, 39, 40, 42, 45, 46, 48, 50, 52, 55, 57, 58, 60, 62, 64, 66, 69, 70, 72, 75}
2102: {1, 3, 5, 7, 10, 12, 14, 15, 17, 19, 22, 23, 25, 27, 29, 31, 34, 36, 38, 40, 42, 45, 46, 48, 50, 52, 55, 56, 58, 60, 62, 64, 66, 68, 70, 72, 75}
2103: {1, 3, 5, 7, 9, 12, 14, 16, 17, 19, 22, 23, 25, 27, 29, 31, 34, 36, 38, 40, 42, 45, 46, 48, 50, 52, 55, 56, 58, 60, 62, 64, 66, 68, 70, 72, 75}
2108: {1, 3, 5, 7, 9, 11, 14, 15, 17, 19, 22, 23, 25, 27, 29, 31, 34, 36, 39, 40, 42, 45, 46, 48, 51, 52, 55, 56, 58, 60, 62, 64, 66, 68, 71, 72, 75}
2113: {1, 3, 5, 7, 10, 12, 14, 15, 17, 19, 22, 23, 25, 27, 29, 31, 34, 36, 39, 40, 42, 45, 46, 48, 50, 52, 55, 56, 58, 60, 62, 64, 66, 69, 71, 72, 75}
2116: {1, 3, 5, 7, 10, 12, 14, 15, 17, 19, 22, 23, 25, 27, 29, 31, 34, 36, 39, 40, 42, 45, 46, 48, 50, 52, 55, 56, 58, 60, 62, 64, 66, 68, 71, 72, 75}
2126: {1, 3, 6, 7, 9, 11, 13, 15, 17, 19, 22, 23, 26, 27, 29, 31, 34, 36, 39, 40, 42, 45, 46, 48, 51, 52, 55, 56, 58, 60, 62, 64, 66, 69, 70, 72, 75}
2130: {1, 3, 5, 7, 9, 11, 13, 15, 17, 19, 22, 23, 26, 27, 29, 31, 34, 36, 39, 40, 42, 45, 46, 48, 50, 52, 55, 56, 58, 60, 63, 64, 66, 69, 71, 72, 75}
2131: {1, 3, 5, 7, 9, 11, 13, 15, 17, 19, 22, 23, 26, 27, 29, 31, 34, 36, 39, 40, 42, 45, 46, 48, 50, 52, 55, 56, 58, 60, 62, 64, 66, 68, 70, 72, 75}
2137: {1, 3, 5, 7, 9, 11, 13, 15, 17, 20, 21, 24, 25, 27, 29, 31, 34, 36, 38, 40, 43, 45, 47, 48, 51, 52, 54, 56, 58, 60, 62, 65, 66, 69, 70, 73, 74}
2139: {1, 3, 5, 7, 9, 12, 13, 15, 17, 20, 21, 24, 25, 27, 29, 31, 34, 36, 38, 40, 43, 45, 47, 48, 51, 52, 54, 56, 58, 60, 62, 65, 66, 69, 70, 73, 74}
2144: {1, 3, 5, 7, 9, 11, 13, 15, 17, 20, 21, 24, 25, 27, 29, 31, 34, 36, 38, 40, 42, 45, 47, 48, 50, 52, 54, 56, 58, 60, 62, 65, 66, 69, 70, 73, 74}
2149: {1, 3, 5, 7, 9, 11, 13, 15, 17, 20, 21, 24, 25, 27, 29, 32, 34, 36, 38, 40, 43, 45, 47, 48, 50, 52, 54, 56, 58, 60, 62, 65, 66, 68, 70, 73, 74}
2153: {1, 3, 5, 7, 9, 11, 13, 15, 17, 20, 21, 24, 25, 27, 29, 32, 34, 36, 38, 40, 43, 45, 47, 48, 51, 52, 54, 56, 58, 60, 62, 65, 66, 68, 70, 72, 74}
2159: {1, 3, 5, 7, 9, 12, 13, 15, 17, 20, 21, 24, 25, 27, 29, 32, 34, 36, 38, 40, 43, 45, 47, 48, 50, 52, 54, 56, 58, 60, 62, 65, 66, 68, 70, 72, 74}
2166: {1, 3, 5, 7, 9, 11, 13, 15, 17, 20, 21, 24, 25, 27, 29, 31, 34, 36, 39, 40, 43, 45, 47, 48, 51, 52, 54, 56, 58, 60, 62, 65, 66, 69, 70, 73, 74}
2167: {1, 3, 5, 7, 9, 12, 13, 15, 17, 20, 21, 24, 25, 27, 29, 31, 34, 36, 39, 40, 43, 45, 47, 48, 51, 52, 54, 56, 58, 60, 62, 65, 66, 69, 70, 73, 74}
2168: {1, 3, 6, 7, 9, 12, 13, 15, 17, 20, 21, 24, 25, 27, 29, 31, 34, 36, 39, 40, 43, 45, 47, 48, 51, 52, 54, 57, 58, 60, 63, 65, 66, 69, 71, 73, 74}
2170: {1, 3, 6, 7, 9, 12, 13, 15, 17, 20, 21, 24, 25, 27, 29, 31, 35, 36, 39, 40, 43, 45, 47, 48, 51, 52, 54, 57, 58, 60, 63, 65, 66, 69, 71, 73, 74}
2184: {1, 3, 5, 7, 10, 12, 13, 15, 17, 19, 21, 24, 25, 27, 29, 32, 34, 36, 39, 40, 43, 45, 46, 48, 50, 52, 54, 56, 58, 60, 62, 65, 66, 68, 71, 73, 74}
2185: {1, 3, 5, 7, 9, 11, 13, 15, 17, 20, 21, 24, 25, 27, 29, 31, 34, 36, 39, 40, 43, 45, 47, 48, 50, 52, 54, 56, 58, 60, 62, 65, 66, 69, 70, 73, 74}
2189: {1, 3, 6, 7, 9, 11, 13, 15, 17, 20, 21, 24, 25, 27, 29, 31, 35, 36, 39, 40, 43, 45, 47, 48, 50, 52, 54, 57, 58, 60, 63, 65, 66, 69, 71, 73, 74}
2192: {1, 3, 5, 7, 9, 12, 13, 15, 17, 20, 21, 24, 25, 27, 29, 32, 34, 36, 39, 40, 43, 45, 47, 48, 50, 52, 54, 56, 58, 60, 62, 65, 66, 68, 70, 73, 74}
2210: {1, 3, 5, 7, 9, 12, 13, 15, 17, 19, 21, 24, 25, 27, 29, 32, 34, 36, 39, 40, 42, 45, 46, 48, 50, 52, 54, 56, 58, 60, 62, 65, 66, 68, 71, 72, 74}
2220: {1, 3, 5, 7, 9, 11, 14, 15, 17, 20, 21, 24, 25, 27, 29, 31, 34, 36, 38, 40, 42, 45, 47, 48, 50, 52, 54, 56, 58, 60, 62, 65, 66, 69, 70, 73, 74}
2221: {1, 3, 5, 7, 9, 11, 14, 15, 17, 20, 21, 24, 25, 27, 29, 31, 34, 36, 38, 40, 43, 45, 47, 48, 50, 52, 54, 56, 58, 60, 62, 65, 66, 69, 70, 73, 74}
2226: {1, 3, 5, 7, 9, 11, 14, 15, 17, 20, 21, 24, 25, 27, 29, 32, 34, 36, 38, 40, 43, 45, 47, 48, 50, 52, 54, 56, 58, 60, 62, 65, 66, 68, 70, 72, 74}
2227: {1, 4, 5, 7, 9, 12, 14, 15, 17, 20, 21, 24, 25, 27, 29, 31, 34, 36, 38, 40, 42, 45, 47, 48, 50, 52, 54, 56, 58, 60, 62, 65, 66, 69, 70, 73, 74}
2232: {1, 3, 5, 7, 9, 11, 14, 15, 17, 19, 21, 24, 25, 27, 29, 32, 34, 36, 39, 40, 42, 45, 46, 48, 51, 52, 54, 56, 58, 60, 62, 65, 66, 68, 71, 73, 74}
2235: {1, 3, 5, 7, 9, 11, 14, 15, 17, 19, 21, 24, 25, 27, 29, 31, 34, 36, 39, 40, 43, 45, 46, 48, 50, 52, 54, 56, 58, 60, 62, 65, 66, 69, 71, 73, 74}
2236: {1, 3, 5, 7, 9, 11, 14, 16, 17, 19, 21, 24, 25, 27, 29, 31, 34, 36, 39, 40, 43, 45, 46, 48, 50, 52, 54, 56, 58, 60, 62, 65, 66, 69, 71, 73, 74}
2237: {1, 3, 5, 7, 9, 11, 14, 15, 17, 19, 21, 24, 25, 27, 29, 32, 34, 36, 39, 40, 42, 45, 46, 48, 50, 52, 54, 56, 58, 60, 62, 65, 66, 68, 71, 73, 74}
2242: {1, 3, 6, 7, 10, 11, 14, 15, 17, 20, 21, 24, 25, 27, 29, 31, 35, 36, 39, 40, 43, 45, 47, 48, 50, 52, 54, 57, 58, 60, 63, 65, 66, 69, 71, 73, 74}
2257: {1, 4, 5, 8, 9, 11, 14, 15, 17, 19, 21, 24, 25, 27, 29, 32, 34, 36, 39, 40, 42, 45, 46, 48, 51, 52, 54, 57, 58, 60, 62, 65, 66, 69, 71, 72, 74}
2258: {1, 4, 5, 7, 10, 11, 14, 15, 17, 19, 21, 24, 25, 27, 29, 32, 34, 36, 39, 40, 42, 45, 46, 48, 51, 52, 54, 57, 58, 60, 62, 65, 66, 69, 71, 72, 74}
2273: {1, 3, 6, 7, 9, 11, 14, 15, 17, 20, 21, 23, 25, 27, 29, 31, 35, 36, 39, 40, 42, 45, 47, 48, 50, 52, 55, 56, 58, 60, 62, 64, 66, 68, 71, 72, 74}
2285: {1, 3, 5, 7, 9, 11, 14, 15, 17, 20, 21, 23, 26, 27, 29, 31, 34, 36, 38, 40, 42, 45, 47, 48, 50, 52, 55, 56, 58, 60, 62, 64, 66, 68, 70, 72, 74}
2289: {1, 3, 5, 7, 9, 11, 13, 15, 17, 20, 21, 23, 25, 27, 29, 31, 34, 36, 39, 40, 42, 45, 47, 48, 51, 52, 54, 56, 58, 60, 62, 64, 66, 69, 70, 72, 75}
2308: {1, 3, 6, 7, 9, 11, 13, 15, 17, 20, 21, 23, 25, 27, 29, 31, 34, 36, 39, 40, 42, 45, 47, 48, 51, 52, 55, 56, 58, 60, 62, 64, 66, 69, 71, 72, 75}
2309: {1, 3, 6, 7, 9, 12, 13, 15, 17, 20, 21, 23, 25, 27, 29, 31, 35, 36, 39, 40, 42, 45, 47, 48, 51, 52, 55, 56, 58, 60, 62, 64, 66, 69, 71, 72, 75}
2318: {1, 3, 5, 7, 9, 12, 13, 15, 17, 19, 21, 23, 25, 27, 29, 31, 34, 36, 39, 40, 42, 45, 46, 48, 50, 52, 55, 56, 58, 60, 63, 64, 66, 69, 71, 72, 75}
2324: {1, 3, 6, 7, 9, 12, 13, 15, 17, 20, 21, 23, 25, 27, 29, 31, 34, 36, 39, 40, 42, 45, 47, 48, 50, 52, 55, 56, 58, 60, 63, 64, 66, 69, 71, 72, 75}
2327: {1, 3, 6, 7, 9, 11, 14, 15, 17, 19, 21, 23, 25, 27, 29, 31, 35, 36, 38, 40, 42, 45, 46, 48, 50, 52, 55, 56, 58, 60, 62, 64, 66, 69, 70, 72, 75}
2334: {1, 3, 5, 7, 10, 11, 14, 15, 17, 19, 21, 23, 25, 27, 29, 31, 34, 36, 39, 40, 42, 45, 46, 48, 51, 52, 55, 56, 58, 60, 62, 64, 66, 68, 71, 72, 75}
2342: {1, 3, 5, 7, 10, 12, 14, 15, 17, 19, 21, 23, 25, 27, 29, 31, 34, 36, 39, 40, 42, 45, 46, 48, 50, 52, 55, 56, 58, 60, 63, 64, 66, 69, 71, 72, 75}
2352: {1, 3, 6, 7, 9, 11, 14, 15, 17, 20, 21, 23, 25, 27, 29, 31, 35, 36, 39, 40, 42, 45, 47, 48, 50, 52, 55, 56, 58, 60, 63, 64, 66, 69, 71, 72, 75}
2353: {1, 3, 5, 7, 9, 11, 14, 15, 17, 20, 21, 23, 25, 27, 29, 31, 34, 36, 39, 40, 42, 45, 47, 48, 50, 52, 55, 56, 58, 60, 62, 64, 66, 68, 70, 72, 75}
2354: {1, 3, 5, 7, 9, 11, 13, 15, 17, 20, 21, 23, 26, 27, 29, 31, 34, 36, 38, 40, 42, 45, 47, 48, 50, 52, 54, 56, 58, 60, 62, 64, 66, 69, 70, 72, 75}
2355: {1, 3, 5, 7, 9, 11, 13, 15, 17, 19, 21, 23, 26, 27, 29, 31, 34, 36, 39, 40, 42, 45, 46, 48, 50, 52, 54, 56, 58, 60, 62, 64, 66, 69, 71, 72, 75}
2358: {1, 3, 5, 7, 9, 11, 14, 15, 17, 20, 21, 23, 26, 27, 29, 31, 34, 36, 38, 40, 42, 45, 47, 48, 50, 52, 54, 56, 58, 60, 62, 64, 66, 69, 70, 72, 75}
2360: {1, 3, 5, 7, 9, 11, 13, 15, 17, 20, 21, 23, 26, 27, 29, 31, 34, 36, 38, 40, 42, 45, 47, 48, 50, 52, 55, 56, 58, 60, 62, 64, 66, 69, 70, 72, 75}
2362: {1, 3, 6, 7, 9, 11, 13, 15, 17, 20, 21, 23, 26, 27, 29, 31, 35, 36, 39, 40, 42, 45, 47, 48, 50, 52, 55, 56, 58, 60, 62, 64, 66, 69, 71, 72, 75}
2368: {2, 3, 5, 7, 9, 11, 13, 15, 17, 19, 22, 23, 25, 28, 29, 31, 34, 36, 38, 40, 43, 44, 46, 48, 51, 52, 54, 56, 58, 60, 62, 64, 67, 68, 70, 73, 74}
2377: {2, 3, 5, 7, 10, 12, 13, 16, 18, 20, 22, 23, 25, 28, 29, 31, 34, 36, 38, 40, 42, 44, 46, 48, 51, 52, 54, 56, 58, 60, 62, 64, 66, 69, 71, 72, 74}
2381: {2, 3, 5, 7, 9, 12, 13, 16, 18, 20, 22, 23, 25, 28, 29, 31, 34, 36, 38, 40, 42, 44, 46, 48, 50, 52, 54, 56, 58, 60, 62, 64, 66, 69, 71, 72, 74}
2393: {2, 4, 5, 7, 10, 11, 13, 16, 18, 20, 22, 24, 25, 28, 29, 31, 35, 36, 38, 40, 42, 44, 46, 48, 51, 52, 54, 56, 58, 60, 62, 64, 66, 69, 71, 73, 74}
2398: {2, 4, 5, 7, 10, 12, 13, 16, 18, 20, 22, 24, 25, 28, 29, 31, 34, 36, 38, 40, 42, 44, 46, 48, 51, 52, 54, 57, 58, 60, 62, 64, 66, 69, 71, 72, 74}
2400: {2, 4, 5, 7, 9, 12, 13, 16, 18, 20, 22, 24, 25, 28, 29, 31, 34, 36, 38, 40, 42, 44, 46, 48, 50, 52, 54, 56, 58, 60, 62, 64, 66, 68, 71, 72, 74}
2421: {2, 3, 5, 7, 10, 11, 14, 16, 18, 20, 22, 24, 25, 28, 29, 31, 34, 36, 38, 40, 42, 44, 46, 48, 51, 52, 54, 56, 58, 60, 62, 64, 66, 69, 70, 72, 74}
2423: {2, 3, 5, 7, 10, 12, 14, 16, 18, 20, 22, 23, 25, 28, 29, 31, 34, 36, 38, 40, 42, 44, 46, 48, 51, 52, 54, 56, 58, 60, 62, 64, 66, 68, 70, 72, 74}
2432: {2, 3, 5, 7, 10, 12, 13, 16, 18, 20, 22, 23, 25, 28, 29, 31, 34, 36, 38, 40, 42, 44, 46, 48, 51, 52, 55, 56, 58, 60, 62, 64, 66, 68, 71, 72, 74}
2437: {2, 3, 5, 7, 9, 12, 13, 16, 18, 20, 22, 23, 25, 28, 29, 31, 34, 36, 38, 40, 42, 44, 47, 48, 50, 52, 55, 56, 58, 60, 62, 64, 66, 68, 71, 72, 74}
2439: {2, 3, 5, 7, 9, 11, 13, 15, 17, 19, 22, 23, 25, 28, 29, 31, 34, 37, 38, 40, 42, 44, 46, 49, 50, 52, 55, 56, 58, 60, 62, 64, 66, 68, 70, 72, 74}
2445: {2, 3, 5, 7, 9, 11, 13, 15, 17, 19, 22, 24, 25, 27, 29, 33, 34, 36, 38, 40, 43, 44, 46, 48, 51, 52, 54, 56, 58, 60, 62, 65, 66, 69, 70, 73, 74}
2447: {2, 3, 5, 7, 9, 11, 13, 15, 17, 19, 22, 24, 25, 27, 29, 33, 34, 36, 38, 40, 43, 44, 46, 48, 50, 52, 54, 56, 58, 60, 62, 65, 66, 69, 70, 73, 74}
2448: {2, 3, 5, 7, 9, 11, 13, 15, 17, 19, 22, 23, 25, 27, 29, 33, 34, 36, 38, 40, 42, 44, 46, 48, 51, 52, 54, 56, 58, 60, 62, 64, 67, 69, 70, 73, 74}
2450: {2, 3, 5, 7, 9, 11, 13, 15, 17, 19, 22, 23, 25, 27, 29, 33, 34, 36, 38, 40, 42, 44, 46, 48, 50, 52, 54, 56, 58, 60, 62, 64, 67, 69, 70, 73, 74}
2452: {2, 3, 5, 7, 9, 11, 13, 16, 17, 19, 22, 23, 25, 27, 29, 33, 34, 36, 38, 40, 42, 44, 46, 48, 50, 52, 54, 56, 58, 60, 62, 64, 67, 69, 70, 73, 74}
2456: {2, 3, 6, 7, 9, 11, 13, 15, 17, 19, 22, 24, 25, 27, 29, 31, 35, 36, 38, 40, 43, 44, 46, 48, 51, 52, 54, 56, 58, 60, 62, 65, 66, 69, 70, 73, 74}
2465: {2, 3, 5, 7, 9, 11, 13, 16, 17, 19, 22, 23, 25, 27, 29, 31, 34, 36, 38, 40, 43, 44, 46, 48, 50, 52, 54, 56, 58, 60, 62, 64, 67, 68, 70, 73, 74}
2470: {2, 3, 6, 7, 9, 11, 13, 15, 17, 19, 22, 23, 25, 27, 29, 31, 34, 36, 39, 40, 43, 44, 46, 48, 50, 52, 54, 56, 58, 60, 62, 64, 67, 68, 71, 73, 74}
2473: {2, 3, 6, 7, 9, 11, 13, 15, 17, 19, 22, 24, 25, 27, 29, 32, 34, 36, 39, 40, 43, 44, 46, 48, 51, 52, 54, 56, 58, 60, 62, 65, 66, 69, 71, 72, 74}
2478: {2, 3, 6, 7, 9, 11, 13, 15, 17, 19, 22, 24, 25, 27, 29, 31, 34, 36, 39, 40, 43, 44, 46, 48, 50, 52, 54, 56, 58, 60, 62, 65, 66, 68, 71, 72, 74}
2484: {2, 3, 5, 7, 9, 11, 13, 16, 18, 20, 22, 24, 25, 27, 29, 32, 34, 36, 38, 40, 42, 44, 46, 48, 50, 52, 54, 56, 58, 60, 62, 64, 66, 69, 70, 73, 74}
2485: {2, 3, 5, 7, 9, 11, 13, 16, 18, 20, 22, 24, 25, 27, 29, 31, 34, 36, 38, 40, 43, 44, 46, 48, 50, 52, 54, 56, 58, 60, 62, 64, 66, 69, 70, 73, 74}
2486: {2, 3, 5, 7, 9, 11, 13, 16, 18, 20, 22, 24, 25, 27, 29, 32, 34, 36, 38, 40, 43, 44, 46, 48, 50, 52, 54, 56, 58, 60, 62, 64, 66, 69, 70, 73, 74}
2491: {2, 3, 5, 7, 9, 12, 13, 16, 18, 20, 22, 24, 25, 27, 29, 32, 34, 36, 38, 40, 42, 44, 46, 48, 50, 52, 54, 56, 58, 60, 62, 64, 66, 69, 70, 72, 74}
2498: {2, 4, 5, 7, 9, 12, 13, 16, 18, 20, 22, 24, 25, 27, 29, 33, 34, 36, 38, 40, 42, 44, 47, 48, 50, 52, 54, 56, 58, 60, 62, 65, 66, 68, 71, 72, 74}
2499: {2, 4, 5, 7, 9, 11, 13, 16, 18, 20, 22, 24, 25, 27, 29, 31, 35, 36, 38, 40, 42, 44, 46, 48, 50, 52, 54, 56, 58, 60, 62, 64, 66, 69, 71, 73, 74}
2508: {2, 4, 5, 7, 9, 11, 13, 16, 18, 20, 22, 24, 25, 27, 29, 31, 34, 36, 38, 40, 42, 44, 46, 48, 50, 52, 54, 56, 58, 60, 62, 64, 66, 68, 71, 73, 74}
2510: {2, 4, 5, 7, 9, 11, 13, 16, 18, 20, 22, 24, 25, 27, 29, 32, 34, 36, 38, 40, 43, 44, 46, 48, 50, 52, 54, 56, 58, 60, 62, 64, 66, 68, 71, 73, 74}
2511: {2, 4, 5, 7, 9, 12, 13, 16, 18, 20, 22, 24, 25, 27, 29, 31, 34, 36, 38, 40, 42, 44, 46, 48, 50, 52, 54, 56, 58, 60, 62, 64, 66, 68, 71, 73, 74}
2516: {2, 4, 5, 7, 9, 12, 13, 16, 18, 20, 22, 24, 25, 27, 29, 32, 34, 36, 38, 40, 42, 44, 47, 48, 50, 52, 54, 56, 58, 60, 62, 64, 66, 68, 71, 73, 74}
2519: {2, 4, 5, 7, 9, 11, 13, 16, 18, 20, 22, 24, 25, 27, 29, 31, 34, 36, 38, 40, 42, 44, 46, 48, 50, 52, 54, 56, 58, 60, 62, 64, 66, 68, 71, 72, 74}
2528: {2, 4, 5, 7, 9, 12, 13, 16, 18, 20, 22, 24, 25, 27, 29, 32, 34, 36, 38, 40, 43, 44, 47, 48, 50, 52, 54, 56, 58, 60, 62, 64, 66, 68, 71, 72, 74}
2535: {2, 3, 5, 7, 10, 12, 13, 16, 18, 20, 22, 23, 25, 27, 29, 31, 34, 36, 39, 40, 42, 44, 46, 48, 51, 52, 54, 56, 58, 60, 62, 64, 66, 68, 71, 72, 74}
2536: {2, 4, 5, 8, 9, 11, 13, 16, 18, 20, 22, 24, 25, 27, 29, 33, 34, 36, 39, 40, 43, 44, 46, 48, 51, 52, 54, 57, 58, 60, 62, 64, 66, 69, 71, 72, 74}
2540: {2, 4, 5, 8, 9, 11, 13, 16, 18, 20, 22, 24, 25, 27, 29, 31, 34, 36, 39, 40, 43, 44, 46, 48, 51, 52, 54, 56, 58, 60, 62, 64, 66, 69, 71, 73, 74}
2546: {2, 4, 5, 7, 10, 11, 13, 16, 18, 20, 22, 24, 25, 27, 29, 32, 34, 36, 39, 40, 43, 44, 46, 48, 51, 52, 54, 56, 58, 60, 62, 65, 66, 69, 71, 73, 74}
2552: {2, 4, 5, 7, 9, 12, 13, 16, 18, 20, 22, 24, 25, 27, 29, 32, 34, 36, 39, 40, 42, 44, 46, 48, 50, 52, 54, 56, 58, 60, 62, 64, 66, 68, 71, 73, 74}
2555: {2, 4, 5, 7, 9, 12, 13, 16, 18, 20, 22, 24, 25, 27, 29, 32, 34, 36, 39, 40, 43, 44, 46, 48, 50, 52, 54, 56, 58, 60, 62, 65, 66, 68, 71, 73, 74}
2559: {2, 4, 5, 7, 10, 12, 13, 16, 18, 20, 22, 24, 25, 27, 29, 31, 34, 36, 39, 40, 42, 44, 46, 48, 51, 52, 54, 57, 58, 60, 62, 64, 66, 69, 71, 72, 74}
2561: {2, 4, 5, 7, 10, 12, 13, 16, 18, 20, 22, 24, 25, 27, 29, 32, 34, 36, 39, 40, 43, 44, 46, 48, 51, 52, 54, 57, 58, 60, 62, 65, 66, 69, 71, 72, 74}
2587: {2, 3, 5, 7, 9, 11, 14, 15, 18, 20, 22, 24, 25, 27, 29, 31, 34, 36, 38, 40, 43, 44, 46, 48, 50, 52, 54, 56, 58, 60, 62, 65, 66, 69, 70, 73, 74}
2588: {2, 3, 5, 7, 9, 11, 14, 16, 18, 20, 22, 24, 25, 27, 29, 32, 34, 36, 38, 40, 42, 44, 46, 48, 50, 52, 54, 56, 58, 60, 62, 64, 66, 69, 70, 73, 74}
2590: {2, 3, 5, 7, 9, 11, 14, 16, 18, 20, 22, 24, 25, 27, 29, 32, 34, 36, 38, 40, 43, 44, 46, 48, 50, 52, 54, 56, 58, 60, 62, 64, 66, 69, 70, 73, 74}
2591: {2, 3, 5, 7, 9, 11, 14, 15, 18, 20, 22, 24, 25, 27, 29, 32, 34, 36, 38, 40, 43, 44, 46, 48, 50, 52, 54, 56, 58, 60, 62, 64, 66, 68, 70, 73, 74}
2593: {2, 3, 5, 7, 9, 11, 14, 16, 18, 20, 22, 24, 25, 27, 29, 32, 34, 36, 38, 40, 43, 44, 46, 48, 50, 52, 54, 56, 58, 60, 62, 64, 66, 69, 70, 72, 74}
2602: {2, 3, 5, 7, 9, 12, 14, 15, 18, 20, 22, 24, 25, 27, 29, 32, 34, 36, 39, 40, 43, 44, 46, 48, 50, 52, 54, 56, 58, 60, 62, 64, 66, 68, 71, 73, 74}
2604: {2, 3, 5, 7, 9, 12, 14, 15, 18, 20, 22, 24, 25, 27, 29, 32, 34, 36, 39, 40, 42, 44, 46, 48, 50, 52, 54, 56, 58, 60, 62, 64, 66, 68, 71, 72, 74}
2606: {2, 3, 5, 7, 9, 12, 13, 16, 18, 20, 22, 23, 25, 27, 29, 31, 34, 36, 38, 40, 42, 44, 46, 48, 50, 52, 55, 56, 58, 60, 62, 64, 66, 69, 71, 72, 74}
2611: {2, 3, 5, 7, 9, 12, 13, 16, 18, 20, 22, 23, 25, 27, 29, 31, 34, 36, 38, 40, 42, 44, 47, 48, 50, 52, 55, 56, 58, 60, 62, 64, 66, 68, 71, 72, 74}
2616: {2, 3, 6, 7, 9, 11, 14, 15, 17, 19, 22, 23, 25, 27, 29, 31, 35, 36, 38, 40, 42, 44, 46, 48, 51, 52, 55, 56, 58, 60, 62, 64, 66, 69, 70, 72, 74}
2619: {2, 3, 5, 7, 9, 12, 14, 15, 18, 20, 22, 23, 25, 27, 29, 31, 34, 36, 39, 40, 42, 44, 46, 48, 50, 52, 55, 56, 58, 60, 62, 64, 66, 69, 71, 72, 74}
2621: {2, 3, 5, 7, 9, 11, 13, 15, 17, 19, 22, 24, 26, 28, 29, 31, 34, 36, 38, 40, 42, 44, 46, 49, 50, 52, 54, 56, 58, 60, 62, 64, 66, 69, 70, 73, 74}
2623: {2, 3, 5, 7, 9, 11, 13, 15, 17, 19, 22, 24, 26, 28, 29, 31, 34, 37, 38, 40, 42, 44, 46, 49, 50, 52, 54, 56, 58, 60, 62, 64, 66, 69, 70, 72, 74}
2624: {2, 3, 5, 7, 9, 11, 13, 15, 17, 19, 22, 24, 26, 28, 29, 31, 34, 37, 38, 40, 42, 44, 46, 49, 50, 52, 54, 56, 58, 60, 62, 64, 66, 68, 70, 72, 74}
2632: {2, 3, 5, 7, 9, 11, 13, 16, 18, 20, 22, 24, 26, 27, 29, 32, 34, 36, 39, 40, 42, 44, 46, 48, 50, 52, 54, 56, 58, 60, 62, 64, 66, 69, 70, 72, 74}
2633: {2, 3, 5, 7, 9, 11, 13, 16, 18, 20, 22, 24, 26, 27, 29, 31, 34, 37, 38, 40, 43, 44, 46, 48, 50, 52, 54, 56, 58, 60, 62, 64, 66, 68, 70, 72, 74}
2637: {2, 3, 5, 7, 9, 11, 13, 16, 18, 20, 22, 23, 26, 27, 29, 31, 34, 36, 38, 40, 42, 44, 46, 49, 50, 52, 54, 56, 58, 60, 62, 64, 67, 69, 70, 73, 74}
2640: {2, 3, 5, 7, 9, 11, 14, 16, 17, 19, 22, 24, 26, 27, 29, 31, 34, 37, 38, 40, 43, 44, 46, 49, 51, 52, 54, 56, 58, 60, 62, 64, 66, 68, 70, 72, 74}
2642: {2, 3, 5, 7, 9, 11, 14, 16, 17, 19, 22, 24, 26, 27, 29, 31, 34, 37, 38, 40, 43, 44, 46, 49, 50, 52, 54, 56, 58, 60, 62, 64, 66, 68, 70, 72, 74}
2654: {2, 3, 5, 7, 9, 11, 13, 16, 18, 20, 22, 23, 25, 28, 29, 31, 34, 36, 38, 40, 42, 44, 46, 48, 50, 52, 54, 56, 58, 60, 62, 64, 66, 68, 71, 72, 75}
2657: {2, 3, 5, 7, 9, 12, 14, 15, 18, 20, 22, 23, 25, 28, 29, 31, 34, 36, 38, 40, 42, 44, 46, 48, 50, 52, 54, 56, 58, 60, 62, 64, 66, 69, 70, 72, 75}
2658: {2, 3, 5, 7, 9, 12, 14, 16, 18, 20, 22, 23, 25, 28, 29, 31, 34, 36, 38, 40, 42, 44, 46, 48, 50, 52, 54, 56, 58, 60, 62, 64, 66, 68, 70, 72, 75}
2673: {2, 3, 5, 7, 10, 11, 14, 15, 17, 19, 22, 23, 25, 28, 29, 31, 34, 36, 38, 40, 42, 44, 46, 48, 51, 52, 55, 56, 58, 60, 62, 64, 66, 68, 70, 72, 75}
2694: {2, 3, 6, 7, 9, 11, 13, 15, 17, 19, 22, 23, 25, 27, 29, 31, 34, 36, 39, 40, 42, 44, 46, 48, 51, 52, 55, 56, 58, 60, 62, 64, 66, 68, 71, 72, 75}
2698: {2, 3, 5, 7, 9, 11, 13, 16, 18, 20, 22, 23, 25, 27, 29, 31, 34, 36, 38, 40, 42, 44, 46, 48, 50, 52, 55, 56, 58, 60, 62, 64, 66, 69, 71, 72, 75}
2700: {2, 3, 5, 7, 9, 12, 13, 16, 18, 20, 22, 23, 25, 27, 29, 31, 34, 36, 38, 40, 42, 44, 46, 48, 50, 52, 55, 56, 58, 60, 62, 64, 66, 69, 71, 72, 75}
2702: {2, 3, 5, 7, 9, 12, 13, 16, 18, 20, 22, 23, 25, 27, 29, 31, 35, 36, 38, 40, 42, 44, 46, 48, 50, 52, 55, 56, 58, 60, 62, 64, 66, 69, 71, 72, 75}
2703: {2, 3, 5, 7, 9, 12, 13, 16, 18, 20, 22, 23, 25, 27, 29, 31, 34, 36, 38, 40, 42, 44, 47, 48, 50, 52, 55, 56, 58, 60, 62, 64, 66, 69, 71, 72, 75}
2706: {2, 3, 5, 7, 9, 11, 13, 16, 18, 20, 22, 23, 25, 27, 29, 31, 34, 36, 38, 40, 42, 44, 47, 48, 50, 52, 55, 56, 58, 60, 62, 64, 66, 68, 71, 72, 75}
2707: {2, 3, 5, 7, 9, 12, 13, 16, 18, 20, 22, 23, 25, 27, 29, 31, 34, 36, 38, 40, 42, 44, 47, 48, 50, 52, 55, 56, 58, 60, 62, 64, 66, 68, 71, 72, 75}
2710: {2, 3, 5, 8, 9, 12, 13, 16, 18, 20, 22, 23, 25, 27, 29, 31, 34, 36, 39, 40, 42, 44, 46, 48, 51, 52, 55, 56, 58, 60, 62, 64, 66, 69, 71, 72, 75}
2713: {2, 3, 5, 7, 10, 11, 13, 16, 18, 20, 22, 23, 25, 27, 29, 31, 34, 36, 39, 40, 42, 44, 46, 48, 51, 52, 55, 56, 58, 60, 62, 64, 66, 68, 71, 72, 75}
2718: {2, 3, 5, 8, 9, 11, 14, 16, 17, 19, 22, 23, 25, 27, 29, 31, 34, 36, 38, 40, 42, 44, 46, 48, 51, 52, 55, 56, 58, 60, 62, 64, 66, 69, 70, 72, 75}
2721: {2, 3, 5, 8, 9, 11, 14, 16, 17, 19, 22, 23, 25, 27, 29, 31, 34, 36, 38, 40, 42, 44, 46, 48, 51, 52, 55, 56, 58, 60, 62, 64, 66, 68, 70, 72, 75}
2723: {2, 3, 6, 7, 9, 11, 14, 15, 17, 19, 22, 23, 25, 27, 29, 31, 34, 36, 39, 40, 42, 44, 46, 48, 51, 52, 55, 56, 58, 60, 62, 64, 66, 68, 71, 72, 75}
2727: {2, 3, 5, 7, 9, 11, 14, 15, 18, 20, 22, 23, 25, 27, 29, 31, 34, 36, 38, 40, 42, 44, 46, 48, 50, 52, 55, 57, 58, 60, 62, 64, 66, 69, 70, 72, 75}
2732: {2, 3, 5, 7, 9, 12, 14, 16, 18, 20, 22, 23, 25, 27, 29, 31, 34, 36, 38, 40, 42, 44, 46, 48, 50, 52, 55, 56, 58, 60, 62, 64, 66, 68, 70, 72, 75}
2735: {2, 3, 5, 7, 9, 12, 14, 15, 18, 20, 22, 23, 25, 27, 29, 31, 34, 36, 39, 40, 42, 44, 46, 48, 50, 52, 55, 57, 58, 60, 62, 64, 66, 69, 71, 72, 75}
2740: {2, 3, 6, 7, 9, 11, 13, 15, 17, 19, 22, 23, 26, 27, 29, 31, 35, 36, 39, 40, 42, 44, 46, 48, 50, 52, 55, 56, 58, 60, 62, 64, 66, 68, 71, 72, 75}
2756: {2, 4, 5, 7, 9, 11, 13, 15, 17, 19, 21, 23, 25, 28, 29, 33, 34, 36, 38, 40, 42, 44, 46, 48, 51, 52, 54, 56, 58, 60, 62, 64, 67, 68, 70, 73, 74}
2757: {2, 4, 5, 7, 9, 11, 13, 15, 17, 19, 21, 23, 25, 28, 29, 33, 34, 36, 38, 40, 42, 44, 46, 48, 51, 52, 54, 56, 58, 60, 63, 64, 67, 68, 70, 73, 74}
2759: {2, 4, 5, 7, 9, 11, 13, 15, 17, 19, 21, 23, 25, 28, 29, 31, 34, 36, 38, 40, 42, 44, 46, 48, 51, 52, 54, 56, 58, 60, 62, 64, 67, 68, 70, 73, 74}
2768: {2, 3, 5, 7, 9, 11, 13, 15, 17, 19, 21, 24, 25, 28, 29, 33, 34, 37, 38, 40, 42, 44, 46, 49, 50, 52, 54, 56, 58, 60, 62, 64, 66, 68, 70, 72, 74}
2771: {2, 4, 5, 8, 9, 11, 13, 15, 17, 19, 21, 24, 25, 28, 30, 33, 34, 36, 38, 40, 42, 44, 46, 48, 51, 52, 54, 56, 58, 60, 62, 64, 66, 68, 71, 73, 74}
2775: {2, 4, 5, 8, 9, 11, 13, 15, 17, 19, 21, 24, 25, 28, 30, 31, 34, 36, 38, 40, 42, 44, 46, 48, 51, 52, 54, 56, 58, 60, 62, 64, 66, 68, 71, 73, 74}
2776: {2, 4, 6, 8, 9, 11, 13, 15, 17, 19, 21, 24, 25, 28, 30, 31, 35, 36, 38, 40, 42, 44, 46, 48, 51, 52, 54, 56, 58, 60, 62, 64, 66, 68, 71, 73, 74}
2777: {2, 4, 5, 7, 10, 11, 13, 15, 17, 19, 21, 24, 25, 28, 30, 31, 34, 36, 38, 40, 42, 44, 46, 48, 50, 52, 54, 56, 58, 60, 62, 64, 66, 68, 71, 73, 74}
2787: {2, 3, 5, 7, 10, 12, 14, 16, 18, 20, 21, 23, 25, 28, 29, 31, 34, 36, 38, 40, 42, 44, 46, 48, 51, 52, 54, 56, 58, 60, 62, 64, 66, 69, 71, 72, 74}
2791: {2, 4, 5, 7, 10, 12, 14, 16, 18, 20, 21, 24, 25, 28, 29, 31, 34, 36, 38, 40, 42, 44, 46, 48, 51, 52, 54, 57, 58, 60, 62, 64, 66, 69, 71, 72, 74}
2796: {2, 3, 5, 7, 9, 11, 13, 15, 17, 19, 21, 23, 25, 28, 29, 31, 34, 37, 38, 40, 42, 44, 46, 49, 50, 52, 55, 56, 58, 60, 62, 64, 66, 69, 70, 72, 74}
2797: {2, 3, 5, 8, 9, 12, 14, 16, 17, 19, 21, 23, 25, 28, 29, 31, 34, 36, 38, 40, 42, 44, 46, 48, 51, 52, 55, 56, 58, 60, 62, 64, 66, 69, 71, 72, 74}
2806: {2, 3, 5, 7, 9, 12, 13, 15, 17, 20, 21, 24, 25, 27, 29, 33, 34, 36, 38, 40, 42, 44, 47, 48, 51, 52, 54, 56, 58, 60, 62, 64, 66, 68, 70, 73, 74}
2811: {2, 3, 5, 7, 9, 12, 13, 15, 17, 20, 21, 23, 25, 27, 29, 33, 34, 36, 38, 40, 42, 44, 47, 48, 51, 52, 54, 56, 58, 60, 62, 64, 67, 68, 70, 73, 74}
2826: {2, 3, 5, 7, 9, 11, 13, 15, 17, 20, 21, 24, 25, 27, 29, 31, 34, 36, 38, 40, 43, 44, 47, 48, 50, 52, 54, 56, 58, 60, 62, 65, 66, 69, 70, 73, 74}
2830: {2, 3, 5, 7, 9, 11, 13, 16, 17, 20, 21, 23, 25, 27, 29, 31, 34, 36, 38, 40, 43, 44, 47, 48, 51, 52, 54, 56, 58, 60, 62, 64, 67, 68, 70, 73, 74}
2831: {2, 3, 6, 7, 9, 11, 13, 15, 17, 19, 21, 23, 25, 27, 29, 31, 34, 36, 38, 40, 42, 44, 46, 48, 50, 52, 54, 56, 58, 60, 62, 65, 67, 68, 71, 73, 74}
2838: {2, 4, 6, 7, 9, 11, 13, 15, 17, 19, 21, 23, 25, 27, 29, 31, 34, 36, 38, 40, 42, 44, 46, 48, 50, 52, 54, 56, 58, 60, 62, 64, 67, 68, 71, 73, 74}
2840: {2, 4, 5, 7, 9, 11, 13, 15, 17, 19, 21, 23, 25, 27, 29, 32, 34, 36, 38, 40, 42, 44, 46, 48, 50, 52, 54, 56, 58, 60, 62, 65, 67, 68, 70, 73, 74}
2847: {2, 3, 5, 7, 9, 11, 13, 15, 17, 19, 21, 24, 25, 27, 29, 31, 34, 36, 39, 40, 42, 44, 46, 48, 51, 53, 54, 56, 58, 60, 62, 65, 66, 68, 71, 73, 74}
2849: {2, 3, 5, 7, 9, 11, 13, 15, 17, 19, 21, 24, 25, 27, 29, 31, 34, 36, 39, 41, 42, 44, 46, 48, 51, 52, 54, 56, 58, 60, 63, 65, 66, 68, 71, 73, 74}
2852: {2, 3, 5, 7, 9, 11, 13, 15, 17, 19, 21, 24, 25, 27, 29, 31, 34, 36, 39, 40, 43, 44, 46, 48, 50, 52, 54, 56, 58, 60, 62, 65, 66, 69, 71, 73, 74}
2863: {2, 3, 6, 7, 9, 11, 13, 15, 17, 19, 21, 23, 25, 27, 29, 31, 34, 36, 39, 41, 42, 44, 46, 48, 51, 52, 54, 56, 58, 60, 63, 65, 67, 68, 71, 73, 74}
2874: {2, 4, 5, 7, 9, 12, 13, 15, 17, 20, 21, 23, 25, 27, 29, 33, 34, 36, 39, 40, 42, 44, 47, 48, 51, 52, 54, 56, 58, 60, 63, 64, 67, 68, 71, 73, 74}
2876: {2, 3, 5, 7, 9, 11, 13, 16, 18, 20, 21, 24, 25, 27, 29, 31, 34, 36, 38, 40, 43, 44, 46, 48, 50, 52, 54, 56, 58, 60, 62, 65, 66, 69, 70, 73, 74}
2877: {2, 3, 5, 7, 9, 11, 13, 16, 18, 20, 21, 24, 25, 27, 29, 31, 34, 36, 38, 40, 43, 44, 47, 48, 50, 52, 54, 56, 58, 60, 62, 64, 66, 69, 70, 73, 74}
2884: {2, 3, 5, 7, 9, 11, 13, 15, 17, 19, 21, 24, 25, 27, 29, 31, 34, 37, 38, 40, 42, 44, 46, 49, 50, 52, 54, 56, 58, 60, 62, 64, 66, 69, 70, 73, 74}
2901: {2, 3, 5, 7, 10, 11, 14, 15, 17, 19, 21, 24, 25, 27, 29, 31, 35, 36, 38, 40, 43, 44, 46, 48, 50, 53, 54, 57, 58, 60, 62, 65, 66, 69, 71, 73, 74}
2909: {2, 4, 5, 8, 9, 11, 14, 16, 17, 19, 21, 24, 25, 27, 29, 33, 34, 36, 38, 40, 42, 44, 46, 48, 51, 52, 54, 57, 58, 60, 62, 64, 66, 69, 71, 72, 74}
2913: {2, 4, 5, 8, 9, 11, 14, 15, 17, 19, 21, 24, 25, 27, 29, 31, 35, 36, 38, 40, 42, 44, 46, 48, 51, 52, 54, 57, 58, 60, 62, 65, 66, 69, 71, 72, 74}
2925: {2, 3, 5, 7, 9, 12, 14, 16, 17, 19, 21, 24, 25, 27, 29, 31, 35, 36, 39, 40, 42, 44, 46, 48, 51, 52, 54, 56, 58, 60, 62, 64, 66, 69, 71, 73, 74}
2926: {2, 3, 5, 7, 9, 11, 14, 16, 17, 19, 21, 24, 25, 27, 29, 31, 35, 36, 39, 40, 42, 44, 46, 48, 51, 52, 54, 56, 58, 60, 62, 65, 66, 69, 71, 73, 74}
2927: {2, 3, 5, 7, 9, 12, 14, 16, 17, 19, 21, 24, 25, 27, 29, 31, 35, 36, 39, 40, 42, 44, 46, 48, 51, 52, 54, 56, 58, 60, 62, 65, 66, 69, 71, 73, 74}
2932: {2, 3, 5, 8, 9, 12, 14, 16, 17, 19, 21, 23, 25, 27, 29, 31, 34, 36, 39, 40, 42, 44, 46, 48, 51, 52, 54, 56, 58, 60, 62, 64, 66, 69, 71, 72, 74}
2934: {2, 4, 5, 7, 10, 11, 14, 15, 17, 19, 21, 24, 25, 27, 29, 31, 34, 36, 39, 40, 42, 44, 46, 48, 51, 52, 54, 56, 58, 60, 62, 65, 66, 69, 71, 73, 74}
2935: {2, 4, 5, 8, 9, 11, 14, 16, 17, 19, 21, 24, 25, 27, 29, 31, 34, 36, 39, 40, 42, 44, 46, 48, 51, 52, 54, 56, 58, 60, 62, 64, 66, 69, 71, 73, 74}
2940: {2, 4, 5, 8, 9, 11, 14, 16, 17, 19, 21, 24, 25, 27, 29, 32, 34, 36, 39, 40, 42, 44, 46, 48, 51, 52, 54, 57, 58, 60, 62, 64, 66, 69, 71, 72, 74}
2946: {2, 3, 5, 7, 9, 11, 14, 16, 18, 20, 21, 24, 25, 27, 29, 31, 34, 36, 38, 40, 43, 44, 47, 48, 50, 52, 54, 56, 58, 60, 62, 64, 66, 69, 70, 73, 74}
2965: {2, 3, 5, 7, 9, 12, 13, 16, 18, 20, 21, 23, 25, 27, 29, 31, 34, 36, 38, 40, 42, 44, 47, 48, 50, 52, 55, 56, 58, 60, 62, 64, 66, 69, 70, 72, 74}
2968: {2, 3, 6, 7, 9, 11, 14, 15, 17, 19, 21, 23, 25, 27, 29, 31, 35, 36, 38, 40, 42, 44, 46, 48, 50, 52, 55, 56, 58, 60, 62, 64, 66, 69, 71, 72, 74}
2974: {2, 3, 5, 7, 9, 11, 14, 16, 18, 20, 21, 23, 25, 27, 29, 31, 35, 36, 38, 40, 42, 44, 46, 48, 50, 52, 55, 56, 58, 60, 62, 64, 66, 69, 71, 72, 74}
2975: {2, 3, 5, 7, 9, 12, 14, 16, 18, 20, 21, 23, 25, 27, 29, 31, 35, 36, 38, 40, 42, 44, 46, 48, 50, 52, 55, 56, 58, 60, 62, 64, 66, 69, 71, 72, 74}
2985: {2, 3, 5, 7, 9, 11, 13, 16, 18, 20, 21, 23, 26, 28, 29, 31, 34, 36, 38, 40, 42, 44, 46, 49, 50, 52, 54, 56, 58, 60, 62, 64, 67, 68, 70, 73, 74}
2997: {2, 3, 5, 7, 9, 11, 13, 15, 17, 20, 21, 24, 26, 27, 29, 31, 34, 36, 38, 40, 43, 44, 47, 49, 50, 52, 54, 56, 58, 60, 62, 65, 66, 68, 70, 73, 74}
3009: {2, 3, 5, 7, 9, 11, 14, 16, 17, 19, 21, 24, 26, 27, 29, 31, 34, 36, 39, 40, 43, 44, 46, 48, 51, 52, 54, 56, 58, 60, 62, 64, 66, 69, 71, 73, 74}
3012: {2, 3, 5, 7, 9, 12, 13, 16, 18, 20, 21, 23, 25, 28, 29, 31, 34, 36, 38, 40, 42, 44, 47, 48, 50, 52, 54, 56, 58, 60, 62, 64, 66, 69, 70, 72, 75}
3016: {2, 3, 5, 7, 10, 12, 14, 15, 17, 19, 21, 23, 25, 28, 29, 31, 35, 36, 38, 40, 42, 44, 46, 48, 50, 52, 54, 57, 58, 60, 62, 64, 66, 69, 71, 72, 75}
3017: {2, 3, 5, 7, 9, 11, 14, 15, 17, 20, 21, 23, 25, 28, 29, 31, 35, 36, 38, 40, 42, 44, 47, 48, 50, 52, 54, 56, 58, 60, 62, 64, 66, 69, 71, 72, 75}
3027: {2, 3, 5, 7, 9, 12, 13, 15, 17, 19, 21, 23, 25, 28, 29, 31, 34, 36, 38, 40, 42, 44, 46, 48, 51, 52, 55, 57, 58, 60, 62, 64, 66, 69, 70, 72, 75}
3030: {2, 3, 5, 7, 9, 11, 13, 15, 17, 20, 21, 23, 25, 28, 29, 31, 34, 36, 38, 40, 42, 44, 47, 48, 51, 52, 55, 57, 58, 60, 62, 64, 66, 69, 70, 72, 75}
3044: {2, 3, 5, 7, 9, 12, 14, 16, 17, 20, 21, 23, 25, 28, 29, 31, 34, 36, 38, 40, 42, 44, 47, 48, 51, 52, 55, 56, 58, 60, 62, 64, 66, 69, 70, 72, 75}
3046: {2, 3, 5, 7, 9, 12, 14, 15, 17, 19, 21, 23, 25, 28, 29, 31, 34, 36, 38, 40, 42, 44, 46, 48, 50, 52, 55, 57, 58, 60, 62, 64, 66, 69, 70, 72, 75}
3048: {2, 3, 5, 7, 9, 12, 14, 15, 17, 20, 21, 23, 25, 28, 29, 31, 34, 36, 38, 40, 42, 44, 47, 48, 50, 52, 55, 56, 58, 60, 62, 64, 66, 69, 70, 72, 75}
3050: {2, 3, 5, 7, 9, 12, 14, 15, 17, 20, 21, 23, 25, 28, 29, 31, 34, 36, 38, 40, 42, 44, 47, 48, 50, 52, 55, 57, 58, 60, 62, 64, 66, 69, 70, 72, 75}
3053: {2, 3, 5, 7, 9, 12, 14, 16, 17, 20, 21, 23, 25, 28, 29, 31, 34, 36, 38, 40, 42, 44, 47, 48, 50, 52, 55, 56, 58, 60, 62, 64, 66, 69, 70, 72, 75}
3056: {2, 3, 5, 7, 9, 12, 14, 16, 18, 20, 21, 23, 25, 28, 29, 31, 34, 36, 38, 40, 42, 44, 47, 48, 50, 52, 55, 56, 58, 60, 62, 64, 66, 69, 70, 72, 75}
3058: {2, 3, 5, 7, 9, 12, 14, 16, 18, 20, 21, 23, 25, 28, 29, 31, 34, 36, 38, 40, 42, 44, 47, 48, 50, 52, 55, 57, 58, 60, 62, 64, 66, 69, 70, 72, 75}
3060: {2, 3, 5, 7, 9, 12, 13, 15, 17, 19, 21, 23, 25, 27, 29, 31, 34, 36, 38, 40, 42, 44, 46, 48, 50, 52, 54, 57, 58, 60, 63, 64, 66, 69, 70, 72, 75}
3061: {2, 3, 5, 7, 9, 11, 13, 15, 17, 19, 21, 23, 25, 27, 29, 31, 34, 36, 39, 40, 42, 44, 46, 48, 51, 52, 54, 57, 58, 60, 63, 64, 66, 69, 71, 72, 75}
3063: {2, 3, 5, 7, 9, 11, 13, 15, 17, 19, 21, 23, 25, 27, 29, 31, 34, 36, 39, 40, 42, 44, 46, 48, 50, 52, 54, 57, 58, 60, 63, 64, 66, 69, 71, 72, 75}
3068: {2, 3, 5, 7, 10, 12, 14, 15, 17, 19, 21, 23, 25, 27, 29, 31, 34, 36, 38, 40, 42, 44, 46, 48, 50, 52, 54, 57, 58, 60, 63, 64, 66, 69, 70, 72, 75}
3070: {2, 3, 5, 7, 10, 12, 14, 15, 17, 19, 21, 23, 25, 27, 29, 31, 34, 36, 39, 40, 42, 44, 46, 48, 51, 52, 54, 57, 58, 60, 62, 64, 66, 69, 71, 72, 75}
3072: {2, 3, 5, 7, 9, 11, 14, 15, 17, 20, 21, 23, 25, 27, 29, 31, 35, 36, 39, 40, 42, 44, 47, 48, 51, 52, 54, 56, 58, 60, 62, 64, 66, 69, 71, 72, 75}
3074: {2, 3, 5, 7, 9, 11, 14, 16, 17, 19, 21, 23, 25, 27, 29, 31, 34, 36, 39, 40, 42, 44, 46, 48, 50, 52, 54, 56, 58, 60, 63, 64, 66, 69, 71, 72, 75}
3077: {2, 3, 5, 7, 9, 12, 14, 16, 18, 20, 21, 23, 25, 27, 29, 31, 34, 36, 39, 40, 42, 44, 46, 48, 50, 52, 54, 56, 58, 60, 62, 64, 66, 69, 71, 72, 75}
3081: {2, 3, 6, 7, 9, 11, 13, 15, 17, 19, 21, 23, 25, 27, 29, 31, 35, 36, 38, 40, 42, 44, 46, 48, 50, 52, 55, 56, 58, 60, 62, 64, 66, 69, 70, 72, 75}
3087: {2, 3, 5, 7, 9, 11, 13, 15, 17, 19, 21, 23, 25, 27, 29, 31, 34, 36, 39, 40, 42, 44, 46, 48, 51, 52, 55, 57, 58, 60, 63, 64, 66, 69, 71, 72, 75}
3090: {2, 3, 5, 7, 9, 11, 13, 16, 17, 20, 21, 23, 25, 27, 29, 31, 34, 36, 39, 40, 42, 44, 47, 48, 51, 52, 55, 57, 58, 60, 63, 64, 66, 69, 71, 72, 75}
3108: {2, 3, 6, 7, 9, 11, 14, 15, 17, 19, 21, 23, 25, 27, 29, 31, 35, 36, 38, 40, 42, 44, 46, 48, 50, 52, 55, 56, 58, 60, 62, 64, 66, 69, 71, 72, 75}
3114: {2, 3, 5, 7, 9, 11, 14, 15, 17, 20, 21, 23, 25, 27, 29, 31, 35, 36, 38, 40, 42, 44, 47, 48, 50, 52, 55, 56, 58, 60, 62, 64, 66, 69, 71, 72, 75}
3116: {2, 3, 5, 7, 9, 11, 14, 15, 17, 19, 21, 23, 25, 27, 29, 31, 35, 36, 39, 40, 42, 44, 46, 48, 51, 52, 55, 56, 58, 60, 62, 64, 66, 69, 71, 72, 75}
3121: {2, 3, 5, 7, 9, 11, 14, 15, 17, 20, 21, 23, 25, 27, 29, 31, 35, 36, 39, 40, 42, 44, 47, 48, 51, 52, 55, 56, 58, 60, 62, 64, 66, 69, 71, 72, 75}
3129: {2, 3, 5, 7, 9, 12, 14, 16, 18, 20, 21, 23, 25, 27, 29, 31, 34, 36, 38, 40, 42, 44, 46, 48, 50, 52, 55, 56, 58, 60, 62, 64, 66, 69, 71, 72, 75}
3130: {2, 3, 5, 7, 9, 12, 14, 16, 18, 20, 21, 23, 25, 27, 29, 31, 34, 36, 38, 40, 42, 44, 46, 48, 50, 52, 55, 57, 58, 60, 62, 64, 66, 69, 71, 72, 75}
3134: {2, 3, 5, 7, 10, 12, 14, 16, 18, 20, 21, 23, 25, 27, 29, 31, 34, 36, 38, 40, 42, 44, 47, 48, 50, 52, 55, 56, 58, 60, 62, 64, 66, 69, 70, 72, 75}
3138: {2, 3, 5, 7, 9, 12, 14, 16, 18, 20, 21, 23, 25, 27, 29, 31, 34, 36, 39, 40, 42, 44, 46, 48, 50, 52, 55, 56, 58, 60, 62, 64, 66, 69, 71, 72, 75}
3140: {2, 3, 5, 7, 9, 11, 13, 15, 17, 19, 21, 23, 26, 28, 29, 31, 34, 36, 38, 40, 42, 44, 46, 48, 50, 52, 54, 57, 58, 60, 62, 64, 66, 69, 70, 72, 75}
3145: {2, 3, 5, 7, 9, 11, 13, 15, 17, 20, 21, 23, 26, 28, 29, 31, 34, 36, 38, 40, 42, 44, 47, 48, 50, 52, 55, 57, 58, 60, 62, 64, 66, 69, 70, 72, 75}
3148: {2, 3, 5, 7, 9, 11, 13, 15, 17, 20, 21, 23, 26, 27, 29, 31, 34, 36, 38, 40, 42, 44, 47, 48, 51, 52, 55, 56, 58, 60, 62, 64, 66, 69, 70, 72, 75}
3149: {2, 3, 5, 7, 9, 11, 13, 15, 17, 20, 21, 23, 26, 27, 29, 31, 34, 36, 38, 40, 42, 44, 47, 48, 50, 52, 55, 56, 58, 60, 62, 64, 66, 69, 70, 72, 75}
3153: {2, 3, 5, 7, 9, 11, 14, 15, 17, 20, 21, 23, 26, 27, 29, 31, 34, 36, 39, 40, 42, 44, 47, 48, 50, 52, 55, 56, 58, 60, 62, 64, 66, 69, 71, 72, 75}
3166: {2, 3, 5, 7, 10, 11, 13, 15, 17, 19, 21, 23, 25, 27, 29, 32, 34, 36, 38, 40, 43, 44, 46, 48, 50, 52, 54, 56, 58, 61, 62, 64, 67, 68, 71, 73, 74}
3167: {2, 3, 5, 7, 9, 11, 13, 16, 17, 19, 21, 23, 25, 27, 29, 32, 34, 36, 38, 40, 43, 44, 46, 48, 50, 52, 54, 56, 58, 61, 62, 64, 67, 68, 70, 73, 74}
3176: {2, 3, 5, 7, 9, 11, 13, 16, 17, 19, 21, 23, 25, 27, 29, 33, 34, 36, 38, 40, 42, 44, 46, 49, 50, 52, 54, 56, 58, 61, 62, 64, 67, 68, 70, 73, 74}
3177: {2, 3, 5, 7, 9, 11, 13, 16, 17, 19, 21, 23, 25, 27, 29, 31, 34, 36, 38, 40, 42, 44, 46, 49, 50, 52, 54, 56, 58, 61, 62, 64, 67, 68, 70, 73, 74}
3183: {2, 4, 5, 7, 9, 11, 13, 16, 17, 19, 21, 23, 26, 28, 29, 31, 34, 36, 38, 40, 42, 44, 46, 49, 50, 52, 54, 56, 58, 61, 62, 64, 67, 68, 70, 73, 74}
