1: {1, 3, 5, 7, 9, 11, 13, 15, 17, 19, 21, 23, 25, 27, 29, 31, 34, 36, 38, 40, 42, 44, 46, 48, 50, 52, 54, 56, 58, 60, 62, 64, 66, 68, 70, 72, 74}
12: {1, 3, 5, 7, 9, 11, 13, 15, 17, 20, 21, 24, 25, 27, 29, 31, 34, 36, 38, 40, 42, 44, 47, 48, 50, 52, 54, 56, 58, 60, 62, 64, 66, 68, 70, 72, 74}
16: {1, 3, 5, 7, 9, 12, 13, 15, 17, 19, 21, 24, 25, 27, 29, 31, 34, 36, 38, 40, 42, 44, 46, 48, 51, 52, 54, 56, 58, 60, 62, 64, 66, 68, 70, 72, 74}
35: {1, 3, 5, 7, 9, 11, 13, 16, 17, 19, 21, 24, 25, 27, 29, 32, 34, 36, 38, 40, 42, 44, 46, 48, 50, 52, 54, 56, 58, 60, 62, 64, 66, 68, 70, 73, 74}
36: {1, 3, 5, 7, 9, 12, 13, 16, 17, 19, 21, 24, 25, 27, 29, 32, 34, 36, 38, 40, 42, 44, 46, 48, 50, 52, 54, 56, 58, 60, 62, 64, 66, 68, 70, 73, 74}
45: {1, 4, 5, 7, 9, 12, 13, 16, 17, 19, 21, 24, 25, 27, 29, 31, 34, 36, 38, 40, 43, 44, 46, 48, 51, 52, 54, 56, 58, 60, 62, 64, 66, 68, 70, 72, 74}
47: {1, 4, 5, 7, 9, 11, 13, 15, 17, 19, 21, 24, 25, 27, 29, 31, 34, 36, 38, 40, 42, 44, 46, 48, 51, 52, 54, 56, 58, 60, 62, 64, 66, 68, 70, 73, 74}
56: {1, 4, 5, 7, 9, 11, 13, 15, 17, 19, 21, 24, 25, 27, 29, 33, 34, 36, 38, 40, 42, 44, 46, 48, 50, 52, 54, 56, 58, 60, 62, 64, 66, 68, 70, 73, 74}
61: {1, 3, 5, 7, 9, 12, 13, 15, 17, 19, 21, 23, 25, 27, 29, 31, 34, 36, 39, 40, 42, 44, 46, 48, 50, 52, 54, 56, 58, 60, 62, 64, 66, 68, 70, 72, 74}
64: {1, 3, 5, 7, 9, 11, 13, 15, 17, 19, 21, 23, 25, 27, 29, 31, 34, 36, 39, 40, 42, 44, 46, 48, 51, 52, 54, 56, 58, 60, 62, 64, 66, 68, 70, 72, 74}
67: {1, 3, 5, 7, 9, 11, 13, 15, 17, 19, 21, 23, 25, 27, 29, 31, 34, 36, 39, 40, 42, 44, 46, 48, 51, 52, 54, 56, 58, 60, 63, 64, 66, 68, 71, 72, 74}
68: {1, 3, 5, 7, 9, 12, 13, 16, 17, 19, 21, 23, 25, 27, 29, 31, 34, 36, 39, 40, 42, 44, 46, 48, 51, 52, 54, 56, 58, 60, 62, 64, 66, 68, 70, 72, 74}
71: {1, 3, 5, 7, 9, 11, 13, 15, 17, 19, 21, 24, 25, 27, 29, 31, 34, 36, 39, 40, 42, 44, 46, 48, 50, 52, 54, 56, 58, 60, 62, 64, 66, 68, 71, 72, 74}
75: {1, 3, 5, 7, 9, 12, 13, 16, 17, 19, 21, 24, 25, 27, 29, 31, 34, 36, 39, 40, 42, 44, 46, 48, 50, 52, 54, 56, 58, 60, 62, 64, 66, 68, 71, 72, 74}
78: {1, 3, 5, 7, 9, 11, 13, 15, 17, 19, 21, 24, 25, 27, 29, 31, 34, 36, 39, 40, 42, 44, 46, 48, 51, 52, 54, 56, 58, 60, 62, 65, 66, 68, 71, 72, 74}
80: {1, 3, 5, 7, 9, 11, 13, 15, 17, 19, 21, 24, 25, 27, 29, 31, 34, 36, 39, 40, 42, 44, 46, 48, 50, 52, 54, 56, 58, 60, 62, 65, 66, 68, 71, 73, 74}
84: {1, 3, 5, 7, 9, 11, 13, 15, 17, 19, 21, 24, 25, 27, 29, 32, 34, 36, 39, 40, 42, 44, 46, 48, 50, 52, 54, 56, 58, 60, 62, 64, 66, 68, 70, 72, 74}
92: {1, 3, 5, 7, 9, 11, 13, 15, 17, 20, 21, 24, 25, 27, 29, 32, 34, 36, 39, 40, 42, 44, 47, 48, 51, 52, 54, 56, 58, 60, 62, 64, 66, 68, 70, 72, 74}
97: {1, 3, 5, 7, 9, 12, 13, 16, 17, 19, 21, 24, 25, 27, 29, 32, 34, 36, 39, 40, 42, 44, 46, 48, 50, 52, 54, 56, 58, 60, 62, 64, 66, 68, 71, 73, 74}
101: {1, 3, 5, 7, 9, 12, 13, 16, 18, 20, 21, 23, 25, 27, 29, 31, 34, 36, 38, 40, 42, 44, 47, 48, 50, 52, 54, 56, 58, 60, 62, 64, 66, 68, 70, 72, 74}
103: {1, 3, 5, 7, 9, 12, 13, 16, 18, 20, 21, 24, 25, 27, 29, 31, 34, 36, 38, 40, 42, 44, 46, 48, 50, 52, 54, 56, 58, 60, 62, 64, 66, 68, 70, 72, 74}
108: {1, 3, 5, 7, 9, 12, 13, 16, 18, 20, 21, 24, 25, 27, 29, 32, 34, 36, 38, 40, 42, 44, 46, 48, 50, 52, 54, 56, 58, 60, 62, 64, 66, 68, 70, 72, 74}
117: {1, 3, 5, 7, 9, 11, 14, 15, 17, 19, 21, 23, 25, 27, 29, 31, 34, 36, 38, 40, 42, 44, 46, 48, 50, 52, 54, 56, 58, 60, 62, 64, 66, 68, 71, 72, 74}
121: {1, 3, 5, 7, 10, 12, 14, 15, 17, 19, 21, 23, 25, 27, 29, 31, 34, 36, 38, 40, 42, 44, 46, 48, 50, 52, 54, 56, 58, 60, 62, 64, 66, 68, 71, 72, 74}
122: {1, 3, 5, 7, 9, 11, 14, 16, 17, 19, 21, 23, 25, 27, 29, 31, 34, 36, 38, 40, 42, 44, 46, 48, 50, 52, 54, 56, 58, 60, 62, 64, 66, 68, 71, 72, 74}
131: {1, 3, 5, 7, 10, 11, 14, 15, 17, 19, 21, 23, 25, 27, 29, 31, 34, 36, 38, 40, 42, 44, 46, 48, 51, 52, 54, 56, 58, 60, 62, 64, 66, 68, 71, 72, 74}
132: {1, 3, 5, 8, 9, 12, 14, 16, 17, 19, 21, 23, 25, 27, 29, 31, 34, 36, 38, 40, 42, 44, 46, 48, 51, 52, 54, 56, 58, 60, 62, 64, 66, 68, 71, 72, 74}
140: {1, 3, 5, 7, 9, 12, 14, 16, 17, 19, 21, 24, 25, 27, 29, 31, 34, 36, 38, 40, 42, 44, 46, 48, 50, 52, 54, 56, 58, 60, 62, 64, 66, 68, 70, 72, 74}
145: {1, 3, 5, 7, 9, 11, 14, 15, 17, 20, 21, 24, 25, 27, 29, 31, 34, 36, 38, 40, 43, 44, 47, 48, 50, 52, 54, 56, 58, 60, 62, 65, 66, 68, 70, 72, 74}
157: {1, 3, 5, 7, 9, 12, 14, 16, 17, 19, 21, 24, 25, 27, 29, 31, 34, 36, 38, 40, 42, 44, 46, 48, 50, 52, 54, 56, 58, 60, 62, 64, 66, 68, 71, 73, 74}
165: {1, 3, 5, 7, 9, 11, 14, 15, 17, 19, 21, 24, 25, 27, 29, 32, 34, 36, 38, 40, 43, 44, 46, 48, 50, 52, 54, 56, 58, 60, 62, 65, 66, 68, 70, 72, 74}
169: {1, 3, 5, 7, 9, 12, 14, 16, 17, 19, 21, 24, 25, 27, 29, 32, 34, 36, 38, 40, 42, 44, 46, 48, 50, 52, 54, 56, 58, 60, 62, 64, 66, 68, 71, 72, 74}
175: {1, 3, 5, 7, 9, 11, 14, 15, 17, 19, 21, 24, 25, 27, 29, 32, 34, 36, 38, 40, 42, 44, 46, 48, 50, 52, 54, 56, 58, 60, 62, 65, 66, 68, 71, 73, 74}
179: {1, 3, 5, 7, 9, 11, 14, 16, 17, 20, 21, 24, 25, 27, 29, 32, 34, 36, 38, 40, 42, 44, 47, 48, 50, 52, 54, 56, 58, 60, 62, 64, 66, 68, 70, 73, 74}
189: {1, 4, 5, 7, 9, 11, 14, 15, 17, 19, 21, 24, 25, 27, 29, 31, 34, 36, 38, 40, 42, 44, 46, 48, 50, 52, 54, 56, 58, 60, 62, 65, 66, 68, 70, 73, 74}
193: {1, 4, 5, 7, 9, 11, 14, 15, 17, 19, 21, 24, 25, 27, 29, 32, 34, 36, 38, 40, 42, 44, 46, 48, 50, 52, 54, 56, 58, 60, 62, 65, 66, 68, 70, 72, 74}
194: {1, 4, 5, 7, 9, 11, 14, 15, 17, 19, 21, 24, 25, 27, 29, 33, 34, 36, 38, 40, 42, 44, 46, 48, 50, 52, 54, 56, 58, 60, 62, 65, 66, 68, 70, 72, 74}
199: {1, 4, 5, 7, 9, 11, 14, 16, 17, 19, 21, 24, 25, 27, 29, 32, 34, 36, 38, 40, 42, 44, 46, 48, 51, 52, 54, 56, 58, 60, 62, 64, 66, 68, 70, 72, 74}
203: {1, 3, 5, 7, 9, 11, 14, 15, 17, 19, 21, 23, 25, 27, 29, 31, 34, 36, 39, 40, 42, 44, 46, 48, 50, 52, 54, 56, 58, 60, 62, 64, 66, 68, 70, 72, 74}
204: {1, 3, 5, 7, 9, 11, 14, 15, 17, 19, 21, 23, 25, 27, 29, 31, 34, 36, 39, 40, 42, 44, 46, 48, 50, 52, 54, 56, 58, 60, 62, 64, 66, 68, 71, 72, 74}
207: {1, 3, 5, 7, 10, 12, 14, 15, 17, 19, 21, 23, 25, 27, 29, 31, 34, 36, 39, 40, 42, 44, 46, 48, 50, 52, 54, 56, 58, 60, 62, 64, 66, 68, 70, 72, 74}
210: {1, 3, 5, 7, 9, 12, 14, 16, 17, 19, 21, 23, 25, 27, 29, 31, 34, 36, 39, 40, 42, 44, 46, 48, 50, 52, 54, 56, 58, 60, 62, 64, 66, 68, 70, 72, 74}
217: {1, 3, 5, 7, 10, 12, 14, 15, 17, 19, 21, 23, 25, 27, 29, 31, 34, 36, 39, 40, 42, 44, 46, 48, 51, 52, 54, 56, 58, 60, 62, 64, 66, 68, 71, 72, 74}
220: {1, 3, 5, 7, 9, 11, 14, 15, 17, 19, 21, 24, 25, 27, 29, 31, 34, 36, 39, 40, 42, 44, 46, 48, 50, 52, 54, 56, 58, 60, 62, 65, 66, 68, 71, 72, 74}
224: {1, 3, 5, 7, 9, 11, 14, 16, 17, 19, 21, 24, 25, 27, 29, 31, 34, 36, 39, 40, 42, 44, 46, 48, 51, 52, 54, 56, 58, 60, 62, 64, 66, 68, 71, 72, 74}
225: {1, 3, 5, 7, 9, 12, 14, 16, 17, 19, 21, 24, 25, 27, 29, 31, 34, 36, 39, 40, 42, 44, 46, 48, 51, 52, 54, 56, 58, 60, 62, 64, 66, 68, 71, 72, 74}
235: {1, 3, 5, 7, 9, 11, 14, 15, 17, 19, 21, 24, 25, 27, 29, 32, 34, 36, 39, 40, 42, 44, 46, 48, 50, 52, 54, 56, 58, 60, 62, 65, 66, 68, 71, 72, 74}
240: {1, 3, 5, 7, 9, 11, 14, 16, 17, 19, 21, 24, 25, 27, 29, 32, 34, 36, 39, 40, 42, 44, 46, 48, 51, 52, 54, 56, 58, 60, 62, 64, 66, 68, 71, 72, 74}
244: {1, 3, 5, 7, 9, 11, 14, 16, 17, 19, 21, 24, 25, 27, 29, 32, 34, 36, 39, 40, 42, 44, 46, 48, 51, 52, 54, 56, 58, 60, 62, 64, 66, 68, 70, 73, 74}
247: {1, 4, 5, 7, 9, 12, 14, 15, 17, 19, 21, 24, 25, 27, 29, 31, 34, 36, 39, 40, 42, 44, 46, 48, 50, 52, 54, 56, 58, 60, 62, 64, 66, 68, 71, 72, 74}
249: {1, 3, 5, 7, 9, 12, 14, 16, 18, 20, 21, 23, 25, 27, 29, 31, 34, 36, 38, 40, 42, 44, 46, 48, 50, 52, 54, 56, 58, 60, 62, 64, 66, 68, 70, 72, 74}
252: {1, 3, 5, 7, 9, 12, 14, 16, 18, 20, 21, 23, 25, 27, 29, 31, 34, 36, 38, 40, 42, 44, 47, 48, 50, 52, 54, 56, 58, 60, 62, 64, 66, 68, 70, 72, 74}
269: {1, 3, 5, 7, 9, 12, 13, 15, 17, 20, 21, 23, 25, 27, 29, 31, 34, 36, 38, 40, 42, 44, 47, 48, 50, 52, 55, 56, 58, 60, 62, 64, 66, 68, 70, 72, 74}
275: {1, 3, 5, 7, 9, 12, 13, 15, 17, 20, 21, 23, 25, 27, 29, 31, 34, 36, 38, 40, 42, 44, 47, 48, 51, 52, 55, 56, 58, 60, 62, 64, 66, 68, 70, 72, 74}
280: {1, 3, 5, 7, 9, 12, 13, 16, 17, 19, 21, 23, 25, 27, 29, 31, 34, 36, 39, 40, 42, 44, 46, 48, 50, 52, 55, 56, 58, 60, 62, 64, 66, 68, 70, 72, 74}
282: {1, 3, 5, 7, 9, 11, 13, 15, 17, 19, 21, 23, 25, 27, 29, 31, 34, 36, 39, 40, 42, 44, 46, 48, 50, 52, 55, 56, 58, 60, 62, 64, 66, 69, 71, 72, 74}
287: {1, 3, 5, 7, 9, 11, 13, 15, 17, 19, 21, 23, 25, 27, 29, 31, 34, 36, 39, 40, 42, 44, 46, 48, 51, 52, 55, 56, 58, 60, 62, 64, 66, 68, 71, 72, 74}
294: {1, 3, 5, 7, 9, 12, 13, 16, 18, 20, 21, 23, 25, 27, 29, 31, 34, 36, 38, 40, 42, 44, 46, 48, 50, 52, 55, 56, 58, 60, 62, 64, 66, 68, 70, 72, 74}
304: {1, 3, 5, 7, 9, 12, 14, 15, 17, 19, 21, 23, 25, 27, 29, 31, 34, 36, 38, 40, 42, 44, 46, 48, 50, 52, 55, 56, 58, 60, 62, 64, 66, 68, 71, 72, 74}
312: {1, 3, 5, 7, 9, 12, 14, 15, 17, 20, 21, 23, 25, 27, 29, 31, 34, 36, 38, 40, 42, 44, 47, 48, 50, 52, 55, 56, 58, 60, 62, 64, 66, 68, 70, 72, 74}
313: {1, 3, 5, 7, 10, 12, 14, 15, 17, 20, 21, 23, 25, 27, 29, 31, 34, 36, 38, 40, 42, 44, 47, 48, 50, 52, 55, 56, 58, 60, 62, 64, 66, 68, 70, 72, 74}
323: {1, 3, 5, 7, 9, 12, 14, 16, 17, 20, 21, 23, 25, 27, 29, 31, 34, 36, 38, 40, 42, 44, 47, 48, 51, 52, 55, 56, 58, 60, 62, 64, 66, 68, 70, 72, 74}
326: {1, 3, 5, 7, 9, 12, 14, 15, 17, 19, 21, 23, 25, 27, 29, 31, 34, 36, 39, 40, 42, 44, 46, 48, 50, 52, 55, 56, 58, 60, 62, 64, 66, 68, 71, 72, 74}
332: {1, 3, 5, 7, 9, 11, 14, 16, 17, 20, 21, 23, 25, 27, 29, 31, 34, 36, 39, 40, 42, 44, 47, 48, 50, 52, 55, 56, 58, 60, 62, 64, 66, 68, 70, 72, 74}
337: {1, 3, 5, 7, 9, 11, 14, 15, 17, 19, 21, 23, 25, 27, 29, 31, 34, 36, 39, 40, 42, 44, 46, 48, 51, 52, 55, 56, 58, 60, 62, 64, 66, 69, 71, 72, 74}
338: {1, 3, 5, 7, 9, 12, 14, 15, 17, 19, 21, 23, 25, 27, 29, 31, 34, 36, 39, 40, 42, 44, 46, 48, 51, 52, 55, 56, 58, 60, 62, 64, 66, 69, 71, 72, 74}
339: {1, 3, 5, 7, 9, 11, 14, 15, 17, 20, 21, 23, 25, 27, 29, 31, 34, 36, 39, 40, 42, 44, 47, 48, 51, 52, 55, 56, 58, 60, 62, 64, 66, 68, 71, 72, 74}
352: {1, 3, 5, 7, 9, 11, 13, 15, 17, 19, 21, 23, 25, 28, 29, 31, 34, 36, 38, 40, 42, 44, 46, 48, 51, 52, 54, 56, 58, 60, 63, 64, 66, 68, 70, 72, 74}
353: {1, 3, 5, 7, 9, 12, 13, 16, 17, 19, 21, 23, 25, 28, 29, 31, 34, 36, 38, 40, 42, 44, 46, 48, 51, 52, 54, 56, 58, 60, 62, 64, 66, 68, 70, 72, 74}
359: {1, 3, 5, 7, 10, 12, 13, 15, 17, 19, 21, 24, 25, 28, 29, 31, 34, 36, 38, 40, 42, 44, 46, 48, 50, 52, 54, 56, 58, 60, 62, 64, 66, 68, 70, 72, 74}
360: {1, 3, 5, 7, 9, 11, 13, 16, 17, 19, 21, 24, 25, 28, 29, 31, 34, 36, 38, 40, 42, 44, 46, 48, 50, 52, 54, 56, 58, 60, 62, 64, 66, 68, 70, 72, 74}
369: {1, 3, 5, 7, 9, 12, 13, 15, 17, 20, 21, 24, 25, 28, 29, 31, 34, 36, 38, 40, 42, 44, 47, 48, 51, 52, 54, 56, 58, 60, 62, 64, 66, 68, 70, 72, 74}
374: {1, 4, 5, 7, 9, 12, 13, 16, 17, 19, 21, 24, 25, 28, 29, 31, 34, 36, 38, 40, 42, 44, 46, 48, 51, 52, 54, 56, 58, 60, 62, 64, 66, 68, 70, 72, 74}
375: {1, 4, 5, 7, 9, 11, 13, 15, 17, 19, 21, 24, 25, 28, 29, 31, 34, 36, 38, 40, 42, 44, 46, 48, 50, 52, 54, 56, 58, 60, 62, 64, 66, 68, 70, 73, 74}
376: {1, 4, 5, 7, 9, 11, 13, 15, 17, 19, 21, 24, 25, 28, 29, 31, 34, 36, 38, 40, 42, 44, 46, 48, 51, 52, 54, 56, 58, 60, 62, 64, 66, 68, 70, 73, 74}
380: {1, 3, 5, 7, 9, 12, 13, 16, 18, 20, 21, 23, 25, 28, 29, 31, 34, 36, 38, 40, 42, 44, 46, 48, 50, 52, 54, 56, 58, 60, 62, 64, 66, 68, 70, 72, 74}
381: {1, 3, 5, 7, 9, 12, 13, 16, 18, 20, 21, 23, 25, 28, 29, 31, 34, 36, 38, 40, 42, 44, 47, 48, 50, 52, 54, 56, 58, 60, 62, 64, 66, 68, 70, 72, 74}
398: {1, 3, 5, 7, 9, 11, 14, 15, 17, 19, 21, 23, 25, 28, 29, 31, 34, 36, 38, 40, 42, 44, 46, 48, 50, 52, 54, 56, 58, 60, 62, 64, 66, 69, 71, 72, 74}
401: {1, 3, 5, 7, 9, 12, 14, 15, 17, 20, 21, 23, 25, 28, 29, 31, 34, 36, 38, 40, 42, 44, 47, 48, 50, 52, 54, 56, 58, 60, 62, 64, 66, 68, 70, 72, 74}
403: {1, 3, 5, 7, 9, 11, 14, 16, 17, 20, 21, 23, 25, 28, 29, 31, 34, 36, 38, 40, 42, 44, 47, 48, 50, 52, 54, 56, 58, 60, 62, 64, 66, 68, 70, 72, 74}
405: {1, 3, 5, 7, 9, 11, 14, 15, 17, 19, 21, 23, 25, 28, 29, 31, 34, 36, 38, 40, 42, 44, 46, 48, 51, 52, 54, 56, 58, 60, 62, 64, 66, 68, 70, 72, 74}
406: {1, 3, 5, 7, 9, 11, 14, 15, 17, 19, 21, 23, 25, 28, 29, 31, 34, 36, 38, 40, 42, 44, 46, 48, 51, 52, 54, 56, 58, 60, 62, 64, 66, 68, 71, 72, 74}
407: {1, 3, 5, 8, 9, 11, 14, 15, 17, 19, 21, 23, 25, 28, 29, 31, 34, 36, 38, 40, 42, 44, 46, 48, 51, 52, 54, 56, 58, 60, 62, 64, 66, 68, 71, 72, 74}
408: {1, 3, 5, 7, 10, 11, 14, 15, 17, 19, 21, 23, 25, 28, 29, 31, 34, 36, 38, 40, 42, 44, 46, 48, 51, 52, 54, 56, 58, 60, 62, 64, 66, 68, 71, 72, 74}
412: {1, 3, 5, 7, 9, 11, 14, 15, 17, 20, 21, 23, 25, 28, 29, 31, 34, 36, 38, 40, 42, 44, 47, 48, 51, 52, 54, 56, 58, 60, 62, 64, 66, 68, 70, 72, 74}
415: {1, 3, 5, 7, 10, 11, 14, 15, 17, 19, 21, 24, 25, 28, 29, 31, 34, 36, 38, 40, 42, 44, 46, 48, 50, 52, 54, 56, 58, 60, 62, 64, 66, 68, 70, 72, 74}
417: {1, 3, 5, 7, 9, 12, 14, 15, 17, 19, 21, 24, 25, 28, 29, 31, 34, 36, 38, 40, 42, 44, 46, 48, 50, 52, 54, 56, 58, 60, 62, 64, 66, 68, 70, 72, 74}
421: {1, 3, 5, 7, 10, 11, 14, 15, 17, 20, 21, 24, 25, 28, 29, 31, 34, 36, 38, 40, 42, 44, 47, 48, 50, 52, 54, 56, 58, 60, 62, 64, 66, 68, 70, 72, 74}
423: {1, 3, 5, 7, 9, 11, 14, 16, 17, 20, 21, 24, 25, 28, 29, 31, 34, 36, 38, 40, 42, 44, 47, 48, 50, 52, 54, 56, 58, 60, 62, 64, 66, 68, 70, 72, 74}
429: {1, 3, 5, 7, 9, 11, 14, 16, 17, 20, 21, 24, 25, 28, 29, 31, 34, 36, 38, 40, 42, 44, 47, 48, 51, 52, 54, 56, 58, 60, 62, 64, 66, 68, 70, 72, 74}
431: {1, 3, 5, 7, 9, 11, 14, 15, 17, 19, 21, 24, 25, 28, 29, 31, 34, 36, 38, 40, 42, 44, 46, 48, 50, 52, 54, 56, 58, 60, 62, 64, 66, 68, 70, 73, 74}
433: {1, 3, 5, 7, 9, 12, 14, 16, 17, 19, 21, 24, 25, 28, 29, 31, 34, 36, 38, 40, 42, 44, 46, 48, 50, 52, 54, 56, 58, 60, 62, 64, 66, 68, 70, 73, 74}
438: {1, 3, 5, 7, 9, 12, 14, 16, 17, 19, 21, 24, 25, 28, 29, 31, 34, 36, 38, 40, 42, 44, 46, 48, 51, 52, 54, 56, 58, 60, 62, 64, 66, 68, 70, 73, 74}
441: {1, 3, 5, 7, 9, 11, 14, 16, 17, 19, 21, 24, 25, 28, 29, 33, 34, 36, 38, 40, 42, 44, 46, 48, 50, 52, 54, 56, 58, 60, 62, 64, 66, 68, 70, 72, 74}
442: {1, 3, 5, 7, 9, 12, 14, 15, 17, 20, 21, 24, 25, 28, 29, 33, 34, 36, 38, 40, 42, 44, 47, 48, 50, 52, 54, 56, 58, 60, 62, 64, 66, 68, 70, 72, 74}
450: {1, 4, 5, 7, 9, 11, 14, 15, 17, 19, 21, 24, 25, 28, 29, 31, 34, 36, 38, 40, 42, 44, 46, 48, 51, 52, 54, 56, 58, 60, 62, 64, 66, 68, 70, 73, 74}
453: {1, 4, 5, 7, 9, 11, 14, 15, 17, 19, 21, 24, 25, 28, 29, 33, 34, 36, 38, 40, 42, 44, 46, 48, 51, 52, 54, 56, 58, 60, 62, 64, 66, 68, 70, 72, 74}
454: {1, 3, 5, 7, 9, 12, 14, 15, 17, 19, 21, 23, 25, 28, 29, 31, 34, 36, 39, 40, 42, 44, 46, 48, 51, 52, 54, 56, 58, 60, 62, 64, 66, 68, 71, 72, 74}
461: {1, 3, 5, 7, 9, 11, 14, 16, 18, 20, 21, 23, 25, 28, 29, 31, 34, 36, 38, 40, 42, 44, 47, 48, 50, 52, 54, 56, 58, 60, 62, 64, 66, 68, 70, 72, 74}
462: {1, 3, 5, 7, 9, 12, 14, 16, 18, 20, 21, 23, 25, 28, 29, 31, 34, 36, 38, 40, 42, 44, 47, 48, 50, 52, 54, 56, 58, 60, 62, 64, 66, 68, 70, 72, 74}
463: {1, 3, 5, 7, 9, 12, 14, 16, 18, 20, 21, 23, 25, 28, 29, 31, 34, 36, 38, 40, 42, 44, 46, 48, 51, 52, 54, 56, 58, 60, 62, 64, 66, 68, 70, 72, 74}
465: {1, 3, 5, 7, 9, 11, 14, 16, 18, 20, 21, 24, 25, 28, 29, 31, 34, 36, 38, 40, 42, 44, 47, 48, 50, 52, 54, 56, 58, 60, 62, 64, 66, 68, 70, 72, 74}
467: {1, 3, 5, 7, 9, 11, 14, 16, 18, 20, 21, 24, 25, 28, 29, 31, 34, 36, 38, 40, 42, 44, 46, 48, 50, 52, 54, 56, 58, 60, 62, 64, 66, 68, 70, 73, 74}
468: {1, 3, 5, 7, 9, 11, 14, 16, 18, 20, 21, 24, 25, 28, 29, 31, 34, 36, 38, 40, 42, 44, 46, 48, 51, 52, 54, 56, 58, 60, 62, 64, 66, 68, 70, 73, 74}
473: {1, 3, 5, 7, 9, 11, 14, 15, 17, 20, 21, 24, 25, 28, 29, 31, 34, 36, 38, 40, 42, 44, 47, 49, 50, 52, 54, 56, 58, 60, 62, 64, 66, 68, 70, 72, 74}
478: {1, 3, 5, 7, 9, 12, 13, 16, 17, 19, 21, 23, 25, 28, 29, 31, 34, 36, 38, 40, 42, 44, 46, 48, 50, 52, 55, 56, 58, 60, 62, 64, 66, 68, 70, 72, 74}
480: {1, 3, 5, 7, 9, 12, 13, 15, 17, 20, 21, 23, 25, 28, 29, 31, 34, 36, 38, 40, 42, 44, 47, 48, 50, 52, 55, 56, 58, 60, 62, 64, 66, 68, 70, 72, 74}
484: {1, 3, 5, 7, 9, 12, 13, 16, 17, 19, 21, 23, 25, 28, 29, 31, 34, 36, 38, 40, 42, 44, 46, 48, 51, 52, 55, 56, 58, 60, 62, 64, 66, 68, 70, 72, 74}
489: {1, 3, 5, 7, 9, 11, 13, 15, 17, 20, 21, 23, 25, 28, 29, 31, 34, 37, 38, 40, 42, 44, 47, 48, 50, 52, 55, 56, 58, 60, 62, 64, 66, 68, 70, 72, 74}
496: {1, 3, 5, 7, 9, 12, 14, 15, 17, 19, 21, 23, 25, 28, 29, 31, 34, 36, 38, 40, 42, 44, 46, 48, 50, 52, 55, 56, 58, 60, 62, 64, 66, 68, 70, 72, 74}
501: {1, 3, 5, 7, 9, 12, 14, 15, 17, 19, 21, 23, 25, 28, 29, 31, 34, 36, 38, 40, 42, 44, 46, 48, 50, 52, 55, 56, 58, 60, 62, 64, 66, 69, 71, 72, 74}
506: {1, 3, 5, 7, 9, 11, 14, 15, 17, 19, 21, 23, 25, 28, 29, 31, 34, 36, 38, 40, 42, 44, 46, 48, 51, 52, 55, 56, 58, 60, 62, 64, 66, 68, 70, 72, 74}
509: {1, 3, 5, 7, 10, 11, 14, 15, 17, 19, 21, 23, 25, 28, 29, 31, 34, 36, 38, 40, 42, 44, 46, 48, 51, 52, 55, 56, 58, 60, 62, 64, 66, 68, 71, 72, 74}
516: {1, 3, 5, 7, 9, 12, 14, 16, 18, 20, 21, 23, 25, 28, 29, 31, 34, 36, 38, 40, 42, 44, 46, 48, 50, 52, 55, 56, 58, 60, 62, 64, 66, 68, 71, 72, 74}
531: {1, 3, 5, 7, 9, 11, 14, 15, 17, 19, 21, 23, 26, 27, 29, 31, 34, 36, 38, 40, 42, 44, 46, 48, 50, 52, 54, 56, 58, 60, 62, 64, 66, 68, 70, 72, 74}
532: {1, 3, 5, 7, 9, 11, 14, 15, 17, 20, 21, 23, 26, 27, 29, 31, 34, 36, 38, 40, 42, 44, 47, 48, 50, 52, 54, 56, 58, 60, 62, 64, 66, 68, 70, 72, 74}
537: {1, 3, 5, 7, 9, 11, 13, 15, 17, 19, 21, 23, 26, 27, 29, 31, 34, 36, 38, 40, 42, 44, 46, 48, 50, 52, 55, 56, 58, 60, 62, 64, 66, 68, 70, 72, 74}
538: {1, 3, 5, 7, 9, 11, 13, 15, 17, 20, 21, 23, 26, 27, 29, 31, 34, 36, 38, 40, 42, 44, 47, 48, 50, 52, 55, 56, 58, 60, 62, 64, 66, 68, 70, 72, 74}
543: {1, 3, 5, 7, 9, 11, 13, 15, 17, 20, 21, 23, 26, 27, 29, 31, 34, 36, 39, 40, 42, 44, 47, 48, 50, 52, 55, 56, 58, 60, 62, 64, 66, 68, 70, 72, 74}
556: {1, 3, 5, 7, 9, 11, 13, 15, 17, 19, 21, 23, 26, 28, 29, 31, 34, 36, 38, 40, 42, 44, 46, 48, 51, 52, 55, 56, 58, 60, 62, 64, 66, 68, 70, 72, 74}
562: {1, 3, 5, 7, 9, 11, 13, 15, 17, 19, 21, 23, 25, 27, 29, 31, 34, 36, 38, 40, 42, 44, 46, 48, 51, 52, 54, 56, 58, 60, 62, 64, 66, 68, 70, 72, 75}
568: {1, 3, 5, 7, 9, 11, 13, 15, 17, 19, 21, 23, 25, 27, 29, 31, 34, 36, 39, 40, 42, 44, 46, 48, 50, 52, 54, 56, 58, 60, 62, 64, 66, 69, 71, 72, 75}
583: {1, 3, 5, 7, 9, 12, 14, 15, 17, 19, 21, 23, 25, 27, 29, 31, 34, 36, 39, 40, 42, 44, 46, 48, 50, 52, 54, 56, 58, 60, 62, 64, 66, 69, 71, 72, 75}
586: {1, 3, 6, 7, 9, 11, 14, 15, 17, 19, 21, 23, 25, 27, 29, 31, 34, 36, 39, 40, 42, 44, 46, 48, 51, 52, 54, 56, 58, 60, 62, 64, 66, 68, 71, 72, 75}
599: {1, 3, 5, 7, 9, 12, 13, 16, 17, 19, 21, 23, 25, 27, 29, 31, 34, 36, 38, 40, 42, 44, 46, 48, 50, 52, 55, 56, 58, 60, 62, 64, 66, 68, 70, 72, 75}
606: {1, 3, 5, 7, 9, 11, 13, 15, 17, 19, 21, 23, 25, 27, 29, 31, 34, 36, 39, 40, 42, 44, 46, 48, 50, 52, 55, 56, 58, 60, 62, 64, 66, 68, 70, 72, 75}
611: {1, 3, 5, 7, 9, 11, 13, 15, 17, 19, 21, 23, 25, 27, 29, 31, 34, 36, 39, 40, 42, 44, 46, 48, 51, 52, 55, 56, 58, 60, 62, 64, 66, 68, 70, 72, 75}
613: {1, 3, 5, 7, 9, 11, 13, 15, 17, 19, 21, 23, 25, 27, 29, 31, 34, 36, 39, 40, 42, 44, 46, 48, 51, 52, 55, 56, 58, 60, 62, 64, 66, 69, 71, 72, 75}
618: {1, 3, 5, 7, 10, 11, 14, 15, 17, 19, 21, 23, 25, 27, 29, 31, 34, 36, 38, 40, 42, 44, 46, 48, 50, 52, 55, 56, 58, 60, 62, 64, 66, 68, 71, 72, 75}
627: {1, 3, 5, 7, 9, 11, 14, 15, 17, 19, 21, 23, 25, 27, 29, 31, 34, 36, 38, 40, 42, 44, 46, 48, 51, 52, 55, 56, 58, 60, 62, 64, 66, 68, 70, 72, 75}
637: {1, 3, 5, 7, 9, 12, 14, 15, 17, 19, 21, 23, 25, 27, 29, 31, 34, 36, 39, 40, 42, 44, 46, 48, 50, 52, 55, 56, 58, 60, 62, 64, 66, 69, 71, 72, 75}
639: {1, 3, 5, 7, 9, 11, 14, 15, 17, 19, 21, 23, 25, 27, 29, 31, 34, 36, 39, 40, 42, 44, 46, 48, 51, 52, 55, 56, 58, 60, 62, 64, 66, 68, 71, 72, 75}
643: {1, 3, 5, 7, 9, 12, 14, 16, 18, 20, 21, 23, 25, 27, 29, 31, 34, 36, 38, 40, 42, 44, 46, 48, 50, 52, 55, 56, 58, 60, 62, 64, 66, 68, 70, 72, 75}
646: {1, 3, 5, 7, 9, 12, 13, 15, 17, 19, 21, 23, 25, 28, 29, 31, 34, 36, 38, 40, 42, 44, 46, 48, 50, 52, 54, 57, 58, 60, 62, 64, 66, 68, 70, 72, 75}
651: {1, 3, 6, 7, 9, 11, 13, 15, 17, 19, 21, 23, 25, 28, 29, 31, 34, 36, 39, 40, 42, 44, 46, 48, 50, 52, 54, 56, 58, 60, 62, 64, 66, 68, 71, 72, 75}
661: {1, 3, 5, 8, 9, 11, 14, 15, 17, 19, 21, 23, 25, 28, 29, 31, 34, 36, 38, 40, 42, 44, 46, 48, 51, 52, 54, 56, 58, 60, 62, 64, 66, 68, 71, 72, 75}
671: {1, 3, 5, 7, 9, 11, 13, 15, 17, 20, 21, 23, 25, 28, 29, 31, 34, 36, 38, 40, 42, 44, 47, 48, 50, 52, 55, 56, 58, 60, 62, 64, 66, 68, 70, 72, 75}
672: {1, 3, 5, 7, 9, 12, 13, 15, 17, 20, 21, 23, 25, 28, 29, 31, 34, 36, 38, 40, 42, 44, 47, 48, 50, 52, 55, 56, 58, 60, 62, 64, 66, 68, 70, 72, 75}
683: {1, 3, 5, 7, 9, 11, 14, 15, 17, 19, 21, 23, 25, 28, 29, 31, 34, 36, 38, 40, 42, 44, 46, 48, 51, 52, 55, 56, 58, 60, 62, 64, 66, 68, 70, 72, 75}
688: {1, 3, 5, 7, 9, 11, 13, 15, 17, 19, 21, 23, 26, 27, 29, 31, 34, 36, 39, 40, 42, 44, 46, 48, 51, 52, 54, 56, 58, 60, 62, 64, 66, 68, 71, 72, 75}
693: {1, 3, 5, 7, 9, 11, 13, 15, 17, 20, 21, 23, 26, 27, 29, 31, 34, 36, 38, 40, 42, 44, 47, 48, 50, 52, 55, 56, 58, 60, 62, 64, 66, 68, 70, 72, 75}
697: {1, 3, 5, 7, 9, 11, 14, 15, 17, 19, 21, 23, 26, 27, 29, 31, 34, 36, 38, 40, 42, 44, 46, 48, 50, 52, 55, 56, 58, 60, 62, 64, 66, 68, 70, 72, 75}
711: {1, 3, 5, 7, 9, 11, 13, 15, 17, 19, 21, 23, 25, 27, 29, 31, 34, 36, 39, 40, 42, 45, 46, 48, 50, 52, 54, 56, 58, 60, 62, 64, 66, 69, 71, 72, 74}
714: {1, 3, 5, 7, 9, 11, 13, 15, 17, 19, 21, 23, 25, 27, 29, 31, 34, 36, 39, 40, 42, 45, 46, 48, 51, 52, 54, 56, 58, 60, 63, 64, 66, 68, 71, 72, 74}
719: {1, 3, 5, 7, 9, 11, 14, 15, 17, 19, 21, 23, 25, 27, 29, 31, 34, 36, 38, 40, 42, 45, 46, 48, 51, 52, 54, 56, 58, 60, 62, 64, 66, 68, 70, 72, 74}
725: {1, 3, 5, 7, 9, 11, 13, 15, 17, 19, 21, 23, 25, 27, 29, 31, 34, 36, 38, 40, 42, 45, 46, 48, 50, 52, 55, 56, 58, 60, 62, 64, 66, 68, 70, 72, 74}
733: {1, 3, 5, 7, 9, 11, 13, 15, 17, 19, 21, 23, 25, 27, 29, 31, 34, 36, 39, 40, 42, 45, 46, 48, 50, 52, 55, 56, 58, 60, 62, 64, 66, 68, 71, 72, 74}
734: {1, 3, 5, 7, 9, 12, 13, 15, 17, 19, 21, 23, 25, 27, 29, 31, 34, 36, 39, 40, 42, 45, 46, 48, 50, 52, 55, 56, 58, 60, 62, 64, 66, 68, 71, 72, 74}
740: {1, 3, 5, 7, 9, 11, 13, 15, 17, 19, 21, 23, 25, 27, 29, 31, 34, 36, 39, 40, 42, 45, 46, 48, 51, 52, 55, 56, 58, 60, 62, 64, 66, 69, 71, 72, 74}
741: {1, 3, 5, 7, 9, 12, 13, 15, 17, 19, 21, 23, 25, 27, 29, 31, 34, 36, 39, 40, 42, 45, 46, 48, 51, 52, 55, 56, 58, 60, 62, 64, 66, 69, 71, 72, 74}
744: {1, 3, 5, 7, 9, 11, 14, 15, 17, 20, 21, 23, 25, 27, 29, 31, 34, 36, 38, 40, 42, 45, 47, 48, 50, 52, 55, 56, 58, 60, 62, 64, 66, 68, 70, 72, 74}
750: {1, 3, 5, 7, 9, 12, 14, 15, 17, 19, 21, 23, 25, 27, 29, 31, 34, 36, 39, 40, 42, 45, 46, 48, 50, 52, 55, 56, 58, 60, 62, 64, 66, 68, 71, 72, 74}
751: {1, 3, 5, 7, 9, 12, 14, 16, 17, 19, 21, 23, 25, 27, 29, 31, 34, 36, 39, 40, 42, 45, 46, 48, 50, 52, 55, 56, 58, 60, 62, 64, 66, 68, 71, 72, 74}
754: {1, 3, 5, 7, 9, 11, 14, 16, 17, 19, 21, 23, 25, 27, 29, 31, 34, 36, 39, 40, 42, 45, 46, 48, 50, 52, 55, 56, 58, 60, 62, 64, 66, 69, 71, 72, 74}
758: {1, 3, 5, 7, 9, 11, 13, 15, 17, 19, 21, 23, 25, 28, 29, 31, 34, 36, 38, 40, 42, 45, 46, 48, 50, 52, 54, 56, 58, 60, 62, 64, 66, 68, 70, 72, 74}
762: {1, 3, 5, 7, 9, 11, 13, 15, 17, 19, 21, 23, 25, 28, 29, 31, 34, 36, 38, 40, 42, 45, 46, 48, 51, 52, 54, 56, 58, 60, 62, 64, 66, 69, 70, 72, 74}
771: {1, 3, 5, 7, 9, 11, 13, 15, 17, 19, 21, 23, 25, 28, 29, 31, 34, 36, 38, 40, 42, 45, 46, 48, 51, 52, 55, 56, 58, 60, 63, 64, 66, 68, 70, 72, 74}
783: {1, 3, 5, 7, 9, 11, 14, 15, 17, 19, 21, 23, 26, 27, 29, 31, 34, 36, 39, 40, 42, 45, 46, 48, 50, 52, 54, 56, 58, 60, 62, 64, 66, 68, 71, 72, 74}
786: {1, 3, 5, 7, 9, 11, 14, 15, 17, 19, 21, 23, 26, 27, 29, 31, 34, 36, 38, 40, 42, 45, 46, 48, 50, 52, 55, 56, 58, 60, 62, 64, 66, 69, 70, 72, 74}
787: {1, 3, 5, 7, 9, 11, 14, 15, 17, 19, 21, 23, 26, 27, 29, 31, 34, 36, 39, 40, 42, 45, 46, 48, 50, 52, 55, 56, 58, 60, 62, 64, 66, 68, 71, 72, 74}
795: {1, 3, 5, 7, 9, 11, 14, 15, 17, 19, 21, 23, 26, 28, 29, 31, 34, 36, 38, 40, 42, 45, 46, 48, 50, 52, 55, 56, 58, 60, 62, 64, 66, 69, 70, 72, 74}
799: {1, 3, 5, 7, 9, 11, 13, 15, 17, 20, 21, 23, 25, 27, 29, 31, 34, 36, 38, 40, 42, 45, 47, 48, 51, 52, 54, 56, 58, 60, 62, 64, 66, 69, 70, 72, 75}
813: {1, 3, 5, 7, 9, 11, 14, 15, 17, 19, 21, 23, 25, 27, 29, 31, 34, 36, 39, 40, 42, 45, 46, 48, 51, 52, 54, 56, 58, 60, 62, 64, 66, 69, 71, 72, 75}
823: {1, 3, 5, 7, 9, 11, 14, 15, 17, 19, 21, 23, 25, 27, 29, 31, 34, 36, 38, 40, 42, 45, 46, 48, 50, 52, 55, 56, 58, 60, 62, 64, 66, 69, 70, 72, 75}
833: {1, 3, 5, 7, 9, 11, 13, 15, 17, 19, 22, 24, 25, 27, 29, 32, 34, 36, 38, 40, 42, 45, 46, 48, 50, 52, 54, 56, 58, 60, 62, 64, 66, 69, 70, 73, 74}
834: {1, 3, 5, 7, 9, 11, 13, 15, 17, 19, 22, 23, 25, 27, 29, 31, 34, 36, 39, 40, 42, 45, 46, 48, 50, 52, 54, 56, 58, 60, 62, 64, 66, 68, 70, 72, 74}
848: {1, 3, 5, 7, 9, 12, 13, 15, 17, 19, 22, 23, 25, 28, 29, 31, 34, 36, 38, 40, 42, 45, 46, 48, 50, 52, 54, 56, 58, 60, 62, 64, 66, 68, 70, 72, 74}
855: {1, 3, 5, 7, 9, 11, 13, 15, 17, 19, 22, 23, 25, 28, 29, 31, 34, 36, 38, 40, 42, 45, 46, 49, 50, 52, 54, 56, 58, 60, 62, 64, 66, 68, 70, 72, 74}
858: {1, 3, 5, 7, 9, 12, 14, 16, 17, 19, 22, 23, 25, 28, 29, 31, 34, 36, 38, 40, 42, 45, 46, 48, 50, 52, 54, 56, 58, 60, 62, 64, 66, 68, 70, 72, 74}
861: {1, 3, 5, 7, 9, 12, 14, 15, 17, 19, 22, 24, 25, 28, 29, 31, 34, 36, 38, 40, 42, 45, 46, 48, 50, 52, 54, 56, 58, 60, 62, 64, 66, 68, 70, 72, 74}
862: {1, 3, 5, 7, 9, 12, 14, 16, 17, 19, 22, 24, 25, 28, 29, 31, 34, 36, 38, 40, 42, 45, 46, 48, 50, 52, 54, 56, 58, 60, 62, 64, 66, 68, 70, 72, 74}
863: {1, 3, 5, 7, 9, 11, 14, 15, 17, 19, 22, 24, 25, 28, 29, 31, 34, 36, 38, 40, 42, 45, 46, 48, 50, 52, 54, 56, 58, 60, 62, 64, 66, 69, 70, 72, 74}
866: {1, 3, 5, 7, 9, 11, 14, 15, 17, 19, 22, 23, 25, 28, 29, 31, 34, 36, 38, 40, 42, 45, 46, 49, 50, 52, 54, 56, 58, 60, 62, 64, 66, 68, 70, 72, 74}
869: {1, 3, 5, 7, 9, 12, 13, 15, 17, 19, 22, 23, 25, 28, 29, 31, 34, 36, 38, 40, 42, 45, 46, 48, 51, 52, 55, 56, 58, 60, 62, 64, 66, 68, 70, 72, 74}
871: {1, 3, 5, 7, 9, 12, 14, 15, 17, 19, 22, 23, 25, 28, 29, 31, 34, 36, 38, 40, 42, 45, 46, 48, 50, 52, 55, 56, 58, 60, 62, 64, 66, 68, 70, 72, 74}
879: {1, 3, 5, 7, 9, 11, 13, 15, 17, 19, 22, 23, 25, 27, 29, 31, 34, 36, 38, 40, 42, 45, 46, 48, 51, 52, 54, 56, 58, 60, 62, 64, 66, 68, 70, 72, 75}
880: {1, 3, 5, 7, 9, 11, 13, 15, 17, 19, 22, 23, 25, 27, 29, 31, 34, 36, 39, 40, 42, 45, 46, 48, 50, 52, 54, 56, 58, 60, 62, 64, 66, 68, 70, 72, 75}
881: {1, 3, 5, 7, 9, 11, 13, 15, 17, 19, 22, 23, 25, 27, 29, 31, 34, 36, 39, 40, 42, 45, 46, 48, 51, 52, 54, 56, 58, 60, 62, 64, 66, 68, 70, 72, 75}
882: {1, 3, 5, 7, 9, 11, 14, 15, 17, 19, 22, 23, 25, 27, 29, 31, 34, 36, 38, 40, 42, 45, 46, 48, 50, 52, 54, 56, 58, 60, 62, 64, 66, 68, 70, 72, 75}
886: {1, 3, 5, 7, 9, 12, 13, 15, 17, 19, 22, 23, 25, 27, 29, 31, 34, 36, 38, 40, 42, 45, 46, 48, 50, 52, 55, 56, 58, 60, 62, 64, 66, 68, 70, 72, 75}
887: {1, 3, 5, 7, 9, 12, 13, 16, 17, 19, 22, 23, 25, 27, 29, 31, 34, 36, 38, 40, 42, 45, 46, 48, 50, 52, 55, 56, 58, 60, 62, 64, 66, 68, 70, 72, 75}
894: {1, 3, 5, 7, 9, 11, 14, 15, 17, 19, 22, 23, 25, 27, 29, 31, 34, 36, 38, 40, 42, 45, 46, 48, 50, 52, 55, 56, 58, 60, 62, 64, 66, 68, 70, 72, 75}
899: {1, 3, 5, 7, 9, 11, 14, 15, 17, 19, 22, 23, 25, 27, 29, 31, 34, 36, 39, 40, 42, 45, 46, 48, 50, 52, 55, 56, 58, 60, 62, 64, 66, 68, 70, 72, 75}
901: {1, 3, 5, 7, 9, 11, 13, 15, 17, 19, 22, 23, 25, 28, 29, 31, 34, 36, 38, 40, 42, 45, 46, 48, 50, 52, 55, 56, 58, 60, 62, 64, 66, 69, 70, 72, 75}
907: {2, 3, 5, 7, 9, 11, 13, 15, 17, 19, 21, 23, 25, 27, 29, 31, 34, 36, 38, 40, 42, 44, 46, 48, 51, 52, 54, 56, 58, 60, 62, 64, 66, 69, 70, 72, 74}
922: {2, 3, 5, 7, 9, 11, 13, 15, 17, 19, 21, 24, 25, 27, 29, 31, 34, 36, 38, 40, 43, 44, 46, 48, 50, 52, 54, 56, 58, 60, 62, 64, 66, 69, 70, 73, 74}
927: {2, 3, 5, 7, 9, 12, 13, 16, 17, 19, 21, 24, 25, 27, 29, 31, 34, 36, 38, 40, 42, 44, 46, 48, 50, 52, 54, 56, 58, 60, 62, 64, 66, 69, 70, 73, 74}
928: {2, 3, 5, 7, 9, 11, 13, 16, 17, 19, 21, 24, 25, 27, 29, 31, 34, 36, 38, 40, 43, 44, 46, 48, 50, 52, 54, 56, 58, 60, 62, 65, 66, 69, 70, 73, 74}
935: {2, 3, 5, 7, 9, 11, 13, 15, 17, 19, 21, 24, 25, 27, 29, 31, 34, 36, 38, 40, 42, 44, 46, 48, 51, 52, 54, 56, 58, 60, 62, 65, 66, 68, 70, 73, 74}
936: {2, 3, 5, 7, 9, 11, 13, 15, 17, 19, 21, 24, 25, 27, 29, 31, 34, 36, 38, 40, 42, 44, 46, 48, 51, 52, 54, 56, 58, 60, 62, 65, 66, 69, 70, 73, 74}
938: {2, 3, 5, 7, 9, 11, 13, 15, 17, 20, 21, 24, 25, 27, 29, 31, 34, 36, 38, 40, 42, 44, 47, 48, 51, 52, 54, 56, 58, 60, 62, 64, 66, 68, 70, 73, 74}
949: {2, 3, 5, 7, 10, 12, 13, 15, 17, 19, 21, 24, 25, 27, 29, 33, 34, 36, 38, 40, 42, 44, 46, 48, 50, 52, 54, 56, 58, 60, 62, 64, 66, 68, 70, 73, 74}
954: {2, 3, 5, 7, 9, 11, 13, 15, 17, 19, 21, 24, 25, 27, 29, 31, 34, 36, 39, 40, 42, 44, 46, 48, 50, 52, 54, 56, 58, 60, 62, 64, 66, 68, 71, 73, 74}
955: {2, 3, 5, 7, 9, 11, 13, 15, 17, 19, 21, 24, 25, 27, 29, 31, 34, 36, 39, 40, 43, 44, 46, 48, 50, 52, 54, 56, 58, 60, 62, 64, 66, 68, 71, 73, 74}
962: {2, 3, 5, 7, 9, 11, 13, 15, 17, 19, 21, 24, 25, 27, 29, 31, 34, 36, 39, 40, 43, 44, 46, 48, 50, 52, 54, 56, 58, 60, 62, 65, 66, 69, 70, 73, 74}
966: {2, 3, 5, 7, 9, 11, 13, 15, 17, 19, 21, 24, 25, 27, 29, 31, 34, 36, 39, 40, 42, 44, 46, 48, 51, 52, 54, 56, 58, 60, 62, 64, 66, 68, 71, 73, 74}
978: {2, 3, 5, 7, 9, 11, 13, 16, 18, 20, 21, 24, 25, 27, 29, 31, 34, 36, 38, 40, 42, 44, 47, 48, 50, 52, 54, 56, 58, 60, 62, 64, 66, 69, 70, 73, 74}
979: {2, 3, 5, 7, 9, 12, 13, 16, 18, 20, 21, 24, 25, 27, 29, 33, 34, 36, 38, 40, 42, 44, 46, 48, 50, 52, 54, 56, 58, 60, 62, 64, 66, 68, 70, 72, 74}
981: {2, 3, 5, 7, 9, 12, 13, 16, 18, 20, 21, 23, 25, 27, 29, 31, 34, 36, 39, 40, 42, 44, 46, 48, 50, 52, 54, 56, 58, 60, 62, 64, 66, 69, 71, 72, 74}
982: {2, 3, 5, 7, 9, 11, 13, 16, 18, 20, 21, 24, 25, 27, 29, 31, 34, 36, 39, 40, 42, 44, 46, 48, 50, 52, 54, 56, 58, 60, 62, 64, 66, 68, 71, 73, 74}
983: {2, 3, 5, 7, 9, 11, 13, 16, 18, 20, 21, 24, 25, 27, 29, 31, 34, 36, 39, 40, 42, 44, 46, 48, 50, 52, 54, 56, 58, 60, 62, 64, 66, 69, 71, 73, 74}
987: {2, 3, 5, 7, 9, 11, 14, 15, 17, 19, 21, 23, 25, 27, 29, 31, 34, 36, 38, 40, 42, 44, 46, 48, 50, 52, 54, 56, 58, 60, 62, 64, 66, 69, 70, 72, 74}
995: {2, 3, 5, 7, 9, 11, 14, 16, 17, 19, 21, 24, 25, 27, 29, 31, 34, 36, 38, 40, 43, 44, 46, 48, 50, 52, 54, 56, 58, 60, 62, 65, 66, 69, 70, 73, 74}
997: {2, 3, 5, 7, 9, 11, 14, 15, 17, 19, 21, 24, 25, 27, 29, 31, 34, 36, 38, 40, 42, 44, 46, 48, 51, 52, 54, 56, 58, 60, 62, 65, 66, 69, 70, 73, 74}
998: {2, 3, 5, 7, 9, 11, 14, 15, 17, 19, 21, 24, 25, 27, 29, 31, 34, 36, 38, 40, 43, 44, 46, 48, 51, 52, 54, 56, 58, 60, 62, 65, 66, 69, 70, 73, 74}
1008: {2, 3, 5, 7, 9, 12, 14, 16, 17, 19, 21, 24, 25, 27, 29, 31, 34, 36, 39, 40, 42, 44, 46, 48, 51, 52, 54, 56, 58, 60, 62, 64, 66, 69, 71, 73, 74}
1026: {2, 3, 5, 7, 9, 11, 13, 15, 17, 19, 21, 23, 25, 27, 29, 31, 34, 37, 38, 40, 42, 44, 46, 49, 50, 52, 55, 56, 58, 60, 62, 64, 66, 69, 70, 72, 74}
1036: {2, 3, 5, 7, 9, 12, 14, 16, 17, 20, 21, 23, 25, 27, 29, 31, 34, 36, 38, 40, 42, 44, 47, 48, 50, 52, 55, 56, 58, 60, 62, 64, 66, 69, 70, 72, 74}
1050: {2, 3, 5, 7, 9, 12, 13, 16, 17, 19, 21, 23, 25, 28, 29, 31, 34, 36, 38, 40, 42, 44, 46, 48, 50, 52, 54, 56, 58, 60, 62, 64, 66, 69, 70, 72, 74}
1052: {2, 3, 5, 7, 9, 11, 13, 15, 17, 19, 21, 23, 25, 28, 29, 31, 34, 36, 38, 40, 42, 44, 46, 48, 51, 52, 54, 56, 58, 60, 62, 64, 66, 69, 70, 72, 74}
1058: {2, 3, 5, 7, 9, 11, 13, 15, 17, 19, 21, 23, 25, 28, 29, 31, 34, 36, 38, 40, 42, 44, 46, 48, 50, 52, 54, 56, 58, 60, 62, 64, 67, 68, 70, 73, 74}
1059: {2, 3, 5, 7, 9, 11, 13, 15, 17, 19, 21, 23, 25, 28, 29, 31, 34, 36, 38, 40, 42, 44, 46, 48, 50, 52, 54, 56, 58, 60, 62, 65, 67, 68, 70, 73, 74}
1064: {2, 3, 5, 7, 9, 12, 13, 15, 17, 19, 21, 24, 25, 28, 29, 31, 34, 36, 38, 40, 42, 44, 46, 48, 50, 52, 54, 56, 58, 60, 62, 64, 66, 68, 70, 73, 74}
1070: {2, 3, 5, 7, 9, 11, 13, 15, 17, 19, 21, 24, 25, 28, 29, 31, 34, 36, 38, 40, 42, 44, 46, 48, 51, 52, 54, 56, 58, 60, 62, 64, 66, 68, 70, 73, 74}
1072: {2, 3, 5, 7, 9, 11, 13, 15, 17, 19, 21, 24, 25, 28, 29, 31, 34, 36, 38, 40, 42, 44, 46, 48, 51, 52, 54, 56, 58, 60, 63, 64, 66, 68, 70, 73, 74}
1086: {2, 3, 5, 7, 9, 12, 13, 16, 18, 20, 21, 23, 25, 28, 29, 31, 34, 36, 38, 40, 42, 44, 46, 48, 50, 52, 54, 56, 58, 60, 62, 64, 66, 69, 70, 72, 74}
1090: {2, 3, 5, 7, 9, 11, 13, 15, 17, 19, 21, 23, 25, 28, 29, 31, 34, 36, 38, 40, 42, 44, 46, 49, 50, 52, 54, 56, 58, 60, 62, 64, 66, 68, 70, 72, 74}
1091: {2, 3, 5, 7, 9, 11, 13, 15, 17, 19, 21, 23, 25, 28, 29, 31, 34, 36, 38, 40, 42, 44, 46, 49, 50, 52, 54, 56, 58, 60, 62, 64, 66, 69, 70, 72, 74}
1101: {2, 3, 5, 7, 10, 12, 14, 15, 17, 19, 21, 23, 25, 28, 29, 31, 34, 36, 38, 40, 42, 44, 46, 48, 50, 52, 54, 56, 58, 60, 62, 64, 66, 69, 70, 72, 74}
1109: {2, 3, 5, 7, 9, 12, 14, 16, 17, 19, 21, 23, 25, 28, 29, 31, 34, 36, 38, 40, 42, 44, 46, 48, 51, 52, 54, 56, 58, 60, 62, 64, 66, 69, 70, 72, 74}
1115: {2, 3, 5, 7, 9, 11, 14, 15, 17, 19, 21, 23, 25, 28, 29, 31, 34, 36, 38, 40, 42, 44, 46, 49, 50, 52, 54, 56, 58, 60, 62, 64, 66, 69, 70, 72, 74}
1136: {2, 3, 5, 7, 10, 12, 14, 15, 17, 19, 21, 23, 25, 28, 29, 31, 34, 36, 38, 40, 42, 44, 46, 48, 50, 52, 55, 56, 58, 60, 62, 64, 66, 69, 70, 72, 74}
1141: {2, 3, 5, 8, 9, 11, 14, 15, 17, 19, 21, 23, 25, 28, 29, 31, 34, 36, 38, 40, 42, 44, 46, 48, 51, 52, 55, 56, 58, 60, 62, 64, 66, 69, 71, 72, 74}
1144: {2, 3, 5, 7, 9, 12, 14, 16, 17, 19, 21, 23, 25, 28, 29, 31, 34, 36, 38, 40, 42, 44, 46, 48, 51, 52, 55, 56, 58, 60, 62, 64, 66, 69, 70, 72, 74}
1150: {2, 3, 5, 7, 9, 11, 13, 15, 17, 19, 21, 23, 26, 27, 29, 31, 34, 36, 38, 40, 42, 44, 46, 48, 50, 52, 55, 56, 58, 60, 62, 64, 66, 69, 70, 72, 74}
1156: {2, 3, 5, 7, 9, 11, 13, 15, 17, 20, 21, 23, 26, 28, 29, 31, 34, 36, 38, 40, 42, 44, 47, 48, 50, 52, 54, 56, 58, 60, 62, 64, 66, 69, 70, 72, 74}
1166: {2, 3, 5, 7, 9, 12, 13, 15, 17, 19, 21, 23, 25, 27, 29, 31, 34, 36, 38, 40, 42, 44, 46, 48, 50, 52, 54, 56, 58, 60, 62, 64, 66, 69, 70, 72, 75}
1171: {2, 3, 5, 7, 9, 11, 13, 15, 17, 19, 21, 23, 25, 27, 29, 31, 34, 36, 39, 40, 42, 44, 46, 48, 51, 52, 54, 56, 58, 60, 63, 64, 66, 69, 71, 72, 75}
1186: {2, 3, 5, 7, 9, 11, 13, 15, 17, 19, 21, 23, 25, 27, 29, 31, 34, 36, 38, 40, 42, 44, 46, 48, 51, 52, 55, 56, 58, 60, 62, 64, 66, 69, 70, 72, 75}
1195: {2, 3, 5, 7, 9, 11, 14, 15, 17, 19, 21, 23, 25, 27, 29, 31, 34, 36, 38, 40, 42, 44, 46, 48, 50, 52, 55, 56, 58, 60, 62, 64, 66, 69, 70, 72, 75}
1198: {2, 3, 5, 7, 9, 11, 14, 15, 17, 20, 21, 23, 25, 27, 29, 31, 34, 36, 38, 40, 42, 44, 47, 48, 50, 52, 55, 56, 58, 60, 62, 64, 66, 69, 70, 72, 75}
1199: {2, 3, 5, 7, 9, 11, 14, 15, 17, 19, 21, 23, 25, 27, 29, 31, 34, 36, 38, 40, 42, 44, 46, 48, 51, 52, 55, 56, 58, 60, 62, 64, 66, 69, 70, 72, 75}
1200: {2, 3, 5, 7, 9, 11, 14, 15, 17, 20, 21, 23, 25, 27, 29, 31, 34, 36, 38, 40, 42, 44, 47, 48, 51, 52, 55, 56, 58, 60, 62, 64, 66, 69, 70, 72, 75}
1201: {2, 3, 5, 7, 9, 12, 14, 16, 17, 19, 21, 23, 25, 27, 29, 31, 34, 36, 39, 40, 42, 44, 46, 48, 50, 52, 55, 56, 58, 60, 62, 64, 66, 69, 71, 72, 75}
1207: {2, 3, 5, 7, 9, 11, 13, 15, 17, 19, 21, 23, 25, 28, 29, 31, 34, 36, 38, 40, 42, 44, 46, 48, 51, 52, 54, 56, 58, 60, 62, 64, 66, 69, 70, 72, 75}
1210: {2, 3, 5, 7, 9, 11, 13, 15, 17, 20, 21, 23, 25, 28, 29, 31, 34, 36, 38, 40, 42, 44, 47, 48, 51, 52, 54, 56, 58, 60, 62, 64, 66, 69, 70, 72, 75}
1212: {2, 3, 5, 7, 9, 11, 14, 16, 17, 19, 21, 23, 25, 28, 29, 31, 34, 36, 38, 40, 42, 44, 46, 48, 50, 52, 54, 56, 58, 60, 62, 64, 66, 69, 70, 72, 75}
1214: {2, 3, 5, 7, 9, 11, 14, 15, 17, 20, 21, 23, 25, 28, 29, 31, 34, 36, 38, 40, 42, 44, 47, 48, 50, 52, 54, 56, 58, 60, 62, 64, 66, 69, 70, 72, 75}
1219: {2, 3, 5, 7, 9, 12, 13, 16, 17, 19, 21, 23, 25, 28, 29, 31, 34, 36, 38, 40, 42, 44, 46, 48, 50, 52, 55, 56, 58, 60, 62, 64, 66, 69, 70, 72, 75}
1220: {2, 3, 5, 7, 9, 11, 13, 15, 17, 20, 21, 23, 25, 28, 29, 31, 34, 36, 38, 40, 42, 44, 47, 48, 50, 52, 55, 56, 58, 60, 62, 64, 66, 69, 70, 72, 75}
1233: {2, 3, 5, 7, 9, 11, 13, 15, 17, 19, 21, 23, 26, 28, 29, 31, 34, 36, 38, 40, 42, 44, 46, 48, 50, 52, 54, 56, 58, 60, 62, 64, 66, 68, 70, 72, 75}
1238: {2, 3, 5, 7, 9, 11, 13, 15, 17, 19, 22, 23, 25, 27, 29, 31, 34, 36, 38, 40, 42, 44, 46, 48, 50, 52, 54, 56, 58, 60, 62, 64, 66, 68, 71, 72, 74}
1241: {2, 3, 5, 7, 9, 12, 13, 16, 17, 19, 22, 23, 25, 27, 29, 31, 34, 36, 38, 40, 42, 44, 46, 48, 50, 52, 54, 56, 58, 60, 62, 64, 66, 69, 70, 72, 74}
1242: {2, 3, 5, 7, 9, 11, 13, 15, 17, 19, 22, 23, 25, 27, 29, 31, 34, 36, 38, 40, 42, 44, 46, 48, 51, 52, 54, 56, 58, 60, 62, 64, 66, 68, 70, 72, 74}
1252: {2, 3, 5, 7, 9, 11, 13, 15, 17, 19, 22, 24, 25, 27, 29, 31, 34, 36, 38, 40, 42, 44, 46, 48, 51, 52, 54, 56, 58, 60, 62, 64, 66, 68, 70, 72, 74}
1255: {2, 3, 5, 7, 9, 11, 13, 15, 17, 19, 22, 23, 25, 27, 29, 31, 34, 36, 38, 40, 43, 44, 46, 48, 50, 52, 54, 56, 58, 60, 62, 64, 67, 68, 70, 73, 74}
1263: {2, 3, 5, 7, 9, 11, 13, 16, 17, 19, 22, 24, 25, 27, 29, 31, 34, 36, 38, 40, 43, 44, 46, 48, 50, 52, 54, 56, 58, 60, 62, 64, 66, 69, 70, 73, 74}
1270: {2, 3, 5, 7, 9, 11, 13, 15, 17, 19, 22, 24, 25, 27, 29, 33, 34, 36, 38, 40, 42, 44, 46, 48, 50, 52, 54, 56, 58, 60, 62, 64, 66, 68, 70, 72, 74}
1276: {2, 3, 5, 7, 9, 12, 13, 16, 17, 19, 22, 24, 25, 27, 29, 32, 34, 36, 38, 40, 42, 44, 46, 48, 50, 52, 54, 56, 58, 60, 62, 64, 66, 69, 70, 72, 74}
1280: {2, 3, 5, 7, 9, 11, 13, 15, 17, 19, 22, 24, 25, 27, 29, 33, 34, 36, 38, 40, 42, 44, 46, 48, 50, 52, 54, 56, 58, 60, 62, 64, 66, 69, 70, 73, 74}
1281: {2, 3, 5, 7, 9, 11, 13, 16, 17, 19, 22, 24, 25, 27, 29, 32, 34, 36, 38, 40, 42, 44, 46, 48, 50, 52, 54, 56, 58, 60, 62, 64, 66, 69, 70, 73, 74}
1284: {2, 3, 6, 7, 9, 11, 13, 15, 17, 19, 22, 23, 25, 27, 29, 31, 34, 36, 39, 40, 42, 44, 46, 48, 50, 52, 54, 56, 58, 60, 62, 64, 66, 68, 71, 72, 74}
1287: {2, 3, 6, 7, 9, 11, 13, 15, 17, 19, 22, 23, 25, 27, 29, 31, 34, 36, 39, 40, 42, 44, 46, 48, 51, 52, 54, 56, 58, 60, 62, 64, 66, 69, 71, 72, 74}
1290: {2, 3, 6, 7, 9, 11, 13, 15, 17, 19, 22, 24, 25, 27, 29, 31, 34, 36, 39, 40, 42, 44, 46, 48, 51, 52, 54, 56, 58, 60, 62, 64, 66, 68, 70, 72, 74}
1295: {2, 3, 5, 7, 9, 12, 13, 16, 18, 20, 22, 23, 25, 27, 29, 31, 34, 36, 38, 40, 42, 44, 46, 48, 50, 52, 54, 56, 58, 60, 62, 64, 66, 68, 71, 72, 74}
1299: {2, 3, 5, 7, 9, 12, 13, 16, 18, 20, 22, 23, 25, 27, 29, 31, 34, 36, 38, 40, 42, 44, 46, 48, 50, 52, 54, 56, 58, 60, 62, 64, 66, 69, 71, 72, 74}
1300: {2, 3, 5, 7, 9, 11, 13, 16, 18, 20, 22, 24, 25, 27, 29, 31, 34, 36, 38, 40, 42, 44, 46, 48, 50, 52, 54, 56, 58, 60, 62, 64, 66, 69, 70, 72, 74}
1305: {2, 3, 5, 7, 9, 11, 13, 16, 18, 20, 22, 24, 25, 27, 29, 31, 34, 36, 39, 40, 42, 44, 46, 48, 50, 52, 54, 56, 58, 60, 62, 64, 66, 69, 70, 72, 74}
1306: {2, 3, 5, 7, 9, 11, 13, 15, 17, 19, 22, 23, 25, 27, 29, 31, 34, 37, 38, 40, 42, 44, 46, 49, 50, 52, 54, 56, 58, 60, 62, 64, 66, 68, 70, 72, 74}
1309: {2, 3, 5, 7, 9, 11, 14, 15, 17, 19, 22, 23, 25, 27, 29, 31, 34, 36, 38, 40, 42, 44, 46, 48, 50, 52, 54, 56, 58, 60, 62, 64, 66, 68, 70, 72, 74}
1314: {2, 3, 5, 7, 9, 11, 14, 16, 17, 19, 22, 23, 25, 27, 29, 31, 34, 36, 38, 40, 42, 44, 46, 48, 50, 52, 54, 56, 58, 60, 62, 64, 66, 69, 70, 72, 74}
1317: {2, 3, 5, 7, 10, 11, 14, 15, 17, 19, 22, 23, 25, 27, 29, 31, 34, 36, 38, 40, 42, 44, 46, 48, 51, 52, 54, 56, 58, 60, 62, 64, 66, 68, 70, 72, 74}
1318: {2, 3, 5, 8, 9, 11, 14, 16, 17, 19, 22, 23, 25, 27, 29, 31, 34, 36, 38, 40, 42, 44, 46, 48, 51, 52, 54, 56, 58, 60, 62, 64, 66, 68, 70, 72, 74}
1323: {2, 3, 5, 7, 9, 11, 14, 15, 17, 19, 22, 24, 25, 27, 29, 31, 34, 36, 38, 40, 42, 44, 46, 48, 50, 52, 54, 56, 58, 60, 62, 65, 66, 69, 70, 72, 74}
1332: {2, 3, 5, 7, 9, 11, 14, 16, 17, 19, 22, 24, 25, 27, 29, 31, 34, 36, 38, 40, 42, 44, 46, 48, 50, 52, 54, 56, 58, 60, 62, 64, 66, 69, 70, 73, 74}
1336: {2, 3, 5, 7, 9, 11, 14, 15, 17, 19, 22, 24, 25, 27, 29, 32, 34, 36, 38, 40, 42, 44, 46, 48, 50, 52, 54, 56, 58, 60, 62, 64, 66, 68, 70, 72, 74}
1346: {2, 3, 6, 7, 9, 11, 14, 15, 17, 19, 22, 23, 25, 27, 29, 31, 34, 36, 39, 40, 42, 44, 46, 48, 50, 52, 54, 56, 58, 60, 62, 64, 66, 68, 71, 72, 74}
1364: {2, 3, 5, 7, 9, 11, 14, 15, 18, 20, 22, 24, 25, 27, 29, 31, 34, 36, 38, 40, 42, 44, 46, 48, 50, 52, 54, 56, 58, 60, 62, 64, 66, 69, 70, 72, 74}
1365: {2, 3, 5, 7, 9, 11, 14, 15, 18, 20, 22, 24, 25, 27, 29, 31, 34, 36, 38, 40, 43, 44, 46, 48, 50, 52, 54, 56, 58, 60, 62, 64, 66, 69, 70, 72, 74}
1366: {2, 3, 5, 7, 9, 11, 14, 16, 18, 20, 22, 24, 25, 27, 29, 31, 34, 36, 38, 40, 42, 44, 46, 48, 50, 52, 54, 56, 58, 60, 62, 64, 66, 69, 70, 72, 74}
1371: {2, 3, 5, 7, 9, 11, 14, 15, 18, 20, 22, 24, 25, 27, 29, 33, 34, 36, 38, 40, 42, 44, 46, 48, 50, 52, 54, 56, 58, 60, 62, 64, 66, 68, 70, 72, 74}
1374: {2, 3, 5, 7, 9, 11, 14, 15, 18, 20, 22, 24, 25, 27, 29, 33, 34, 36, 38, 40, 42, 44, 46, 48, 50, 52, 54, 56, 58, 60, 62, 64, 66, 69, 70, 72, 74}
1380: {2, 3, 5, 7, 9, 12, 14, 15, 18, 20, 22, 23, 25, 27, 29, 31, 34, 36, 39, 40, 42, 44, 46, 48, 50, 52, 54, 56, 58, 60, 62, 64, 66, 68, 71, 72, 74}
1384: {2, 3, 5, 7, 9, 11, 13, 15, 17, 19, 22, 23, 25, 27, 29, 31, 34, 36, 38, 40, 42, 44, 46, 48, 51, 52, 55, 56, 58, 60, 62, 64, 66, 68, 70, 72, 74}
1394: {2, 3, 5, 8, 9, 11, 14, 16, 17, 19, 22, 23, 25, 27, 29, 31, 34, 36, 38, 40, 42, 44, 46, 48, 51, 52, 55, 56, 58, 60, 62, 64, 66, 68, 70, 72, 74}
1400: {2, 3, 5, 7, 9, 11, 14, 15, 18, 20, 22, 23, 25, 27, 29, 31, 34, 36, 39, 40, 42, 44, 46, 48, 50, 52, 55, 56, 58, 60, 62, 64, 66, 68, 70, 72, 74}
1403: {2, 3, 5, 7, 9, 11, 14, 15, 18, 20, 22, 23, 25, 27, 29, 31, 34, 36, 39, 40, 42, 44, 46, 48, 50, 52, 55, 56, 58, 60, 62, 64, 66, 69, 71, 72, 74}
1409: {2, 3, 5, 7, 9, 11, 13, 15, 17, 19, 22, 23, 25, 28, 29, 31, 34, 36, 38, 40, 42, 44, 46, 48, 51, 52, 54, 56, 58, 60, 62, 64, 66, 69, 70, 72, 74}
1413: {2, 3, 5, 7, 9, 12, 13, 16, 17, 19, 22, 24, 25, 28, 29, 31, 34, 36, 38, 40, 42, 44, 46, 48, 50, 52, 54, 56, 58, 60, 62, 64, 66, 68, 70, 72, 74}
1415: {2, 3, 5, 7, 9, 11, 13, 16, 17, 19, 22, 24, 25, 28, 29, 31, 34, 36, 38, 40, 42, 44, 46, 48, 50, 52, 54, 56, 58, 60, 62, 64, 66, 69, 70, 72, 74}
1417: {2, 3, 5, 7, 9, 11, 13, 15, 17, 19, 22, 24, 25, 28, 29, 31, 34, 36, 38, 40, 42, 44, 46, 48, 51, 52, 54, 56, 58, 60, 62, 64, 66, 68, 70, 72, 74}
1418: {2, 3, 5, 7, 9, 11, 13, 15, 17, 19, 22, 24, 25, 28, 29, 31, 34, 36, 38, 40, 42, 44, 46, 48, 51, 52, 54, 56, 58, 60, 62, 64, 66, 69, 70, 72, 74}
1424: {2, 3, 5, 7, 9, 11, 13, 15, 17, 19, 22, 24, 25, 28, 29, 33, 34, 36, 38, 40, 42, 44, 46, 48, 50, 52, 54, 56, 58, 60, 62, 64, 66, 68, 70, 72, 74}
1428: {2, 3, 5, 7, 9, 11, 13, 15, 17, 19, 22, 24, 25, 28, 29, 33, 34, 36, 38, 40, 42, 44, 46, 48, 51, 52, 54, 56, 58, 60, 62, 64, 66, 68, 70, 72, 74}
1429: {2, 3, 5, 7, 9, 11, 13, 15, 17, 19, 22, 24, 25, 28, 29, 33, 34, 36, 38, 40, 42, 44, 46, 48, 51, 52, 54, 56, 58, 60, 62, 64, 66, 69, 70, 72, 74}
1433: {2, 3, 5, 7, 9, 11, 13, 16, 18, 20, 22, 23, 25, 28, 29, 31, 34, 36, 38, 40, 42, 44, 46, 48, 50, 52, 54, 56, 58, 60, 62, 64, 66, 68, 71, 72, 74}
1436: {2, 3, 5, 7, 9, 12, 13, 16, 18, 20, 22, 23, 25, 28, 29, 31, 34, 36, 38, 40, 42, 44, 46, 48, 50, 52, 54, 56, 58, 60, 62, 64, 66, 69, 70, 72, 74}
1438: {2, 3, 5, 7, 9, 11, 13, 16, 18, 20, 22, 24, 25, 28, 29, 31, 34, 36, 38, 40, 42, 44, 46, 48, 50, 52, 54, 56, 58, 60, 62, 64, 66, 69, 70, 72, 74}
1439: {2, 3, 5, 7, 9, 12, 13, 16, 18, 20, 22, 24, 25, 28, 29, 31, 34, 36, 38, 40, 42, 44, 46, 48, 50, 52, 54, 56, 58, 60, 62, 64, 66, 69, 70, 72, 74}
1447: {2, 3, 5, 7, 9, 11, 14, 15, 17, 19, 22, 23, 25, 28, 29, 31, 34, 36, 38, 40, 42, 44, 46, 48, 51, 52, 54, 56, 58, 60, 62, 64, 66, 68, 70, 72, 74}
1448: {2, 3, 5, 7, 10, 11, 14, 15, 17, 19, 22, 23, 25, 28, 29, 31, 34, 36, 38, 40, 42, 44, 46, 48, 51, 52, 54, 56, 58, 60, 62, 64, 66, 68, 70, 72, 74}
1466: {2, 3, 5, 7, 9, 11, 14, 15, 17, 19, 22, 24, 25, 28, 29, 31, 34, 36, 38, 40, 42, 44, 46, 48, 50, 52, 54, 56, 58, 60, 62, 64, 66, 69, 70, 73, 74}
1468: {2, 3, 5, 7, 9, 12, 14, 16, 17, 19, 22, 24, 25, 28, 29, 31, 34, 36, 38, 40, 42, 44, 46, 48, 50, 52, 54, 56, 58, 60, 62, 64, 66, 69, 70, 73, 74}
1470: {2, 3, 5, 7, 9, 11, 14, 15, 17, 19, 22, 24, 25, 28, 29, 33, 34, 36, 38, 40, 42, 44, 46, 48, 50, 52, 54, 56, 58, 60, 62, 64, 66, 68, 70, 72, 74}
1492: {2, 3, 5, 7, 9, 12, 13, 16, 17, 19, 22, 23, 25, 28, 29, 31, 34, 36, 38, 40, 42, 44, 46, 48, 50, 52, 55, 56, 58, 60, 62, 64, 66, 69, 70, 72, 74}
1493: {2, 3, 5, 7, 9, 11, 13, 15, 17, 19, 22, 23, 25, 28, 29, 31, 34, 36, 38, 40, 42, 44, 46, 48, 51, 52, 55, 56, 58, 60, 62, 64, 66, 68, 70, 72, 74}
1494: {2, 3, 5, 7, 9, 11, 13, 15, 17, 19, 22, 23, 25, 28, 29, 31, 34, 36, 38, 40, 42, 44, 46, 48, 51, 52, 55, 56, 58, 60, 62, 64, 66, 69, 70, 72, 74}
1495: {2, 3, 5, 7, 9, 11, 13, 15, 17, 19, 22, 23, 25, 28, 29, 31, 34, 37, 38, 40, 42, 44, 46, 48, 50, 52, 55, 56, 58, 60, 62, 64, 66, 68, 70, 72, 74}
1496: {2, 3, 5, 7, 9, 11, 13, 15, 17, 19, 22, 23, 25, 28, 29, 31, 34, 37, 38, 40, 42, 44, 46, 48, 50, 52, 55, 56, 58, 60, 62, 64, 66, 69, 70, 72, 74}
1512: {2, 3, 5, 7, 9, 11, 13, 15, 17, 19, 22, 23, 26, 27, 29, 31, 34, 36, 38, 40, 42, 44, 46, 48, 50, 52, 54, 56, 58, 60, 62, 64, 66, 68, 70, 72, 74}
1530: {2, 3, 5, 7, 9, 11, 13, 15, 17, 19, 22, 23, 26, 28, 29, 31, 34, 36, 38, 40, 42, 44, 46, 48, 51, 52, 55, 56, 58, 60, 62, 64, 66, 68, 70, 72, 74}
1541: {2, 3, 5, 7, 9, 12, 13, 16, 18, 20, 22, 23, 25, 27, 29, 31, 34, 36, 38, 40, 42, 44, 46, 48, 50, 52, 54, 56, 58, 60, 62, 64, 66, 68, 71, 72, 75}
1548: {2, 3, 5, 7, 9, 11, 14, 15, 18, 20, 22, 23, 25, 27, 29, 31, 34, 36, 38, 40, 42, 44, 46, 48, 50, 52, 54, 56, 58, 60, 62, 64, 66, 68, 70, 72, 75}
1554: {2, 3, 5, 7, 9, 12, 13, 16, 17, 19, 22, 23, 25, 27, 29, 31, 34, 36, 38, 40, 42, 44, 46, 48, 50, 52, 55, 56, 58, 60, 62, 64, 66, 69, 70, 72, 75}
1562: {2, 3, 5, 7, 9, 12, 14, 16, 17, 19, 22, 23, 25, 27, 29, 31, 34, 36, 38, 40, 42, 44, 46, 48, 50, 52, 55, 56, 58, 60, 62, 64, 66, 68, 70, 72, 75}
1575: {2, 3, 5, 7, 9, 11, 14, 15, 17, 19, 22, 23, 25, 28, 29, 31, 34, 36, 38, 40, 42, 44, 46, 48, 50, 52, 54, 56, 58, 60, 62, 64, 66, 68, 70, 72, 75}
1584: {2, 3, 5, 7, 9, 12, 13, 16, 17, 19, 22, 23, 25, 28, 29, 31, 34, 36, 38, 40, 42, 44, 46, 48, 50, 52, 55, 56, 58, 60, 62, 64, 66, 69, 70, 72, 75}
1585: {2, 3, 5, 7, 9, 11, 13, 15, 17, 19, 22, 23, 25, 28, 29, 31, 34, 36, 38, 40, 42, 44, 46, 48, 51, 52, 55, 56, 58, 60, 62, 64, 66, 68, 70, 72, 75}
1592: {2, 3, 5, 7, 9, 11, 13, 15, 17, 19, 22, 23, 26, 27, 29, 31, 34, 36, 38, 40, 42, 44, 46, 48, 50, 52, 54, 56, 58, 60, 62, 64, 66, 68, 71, 72, 75}
1593: {2, 3, 5, 7, 9, 11, 14, 15, 17, 19, 22, 23, 26, 27, 29, 31, 34, 36, 38, 40, 42, 44, 46, 48, 50, 52, 54, 56, 58, 60, 62, 64, 66, 68, 70, 72, 75}
1594: {2, 3, 5, 7, 9, 11, 13, 15, 17, 19, 22, 23, 26, 27, 29, 31, 34, 36, 38, 40, 42, 44, 46, 48, 50, 52, 55, 56, 58, 60, 62, 64, 66, 68, 70, 72, 75}
1599: {2, 3, 5, 7, 9, 11, 13, 15, 17, 19, 22, 23, 26, 28, 29, 31, 34, 36, 38, 40, 42, 44, 46, 48, 50, 52, 55, 56, 58, 60, 62, 64, 66, 68, 70, 72, 75}
1608: {1, 4, 6, 7, 9, 11, 13, 15, 17, 19, 21, 24, 25, 28, 29, 31, 34, 36, 38, 40, 42, 44, 46, 48, 50, 52, 54, 56, 58, 60, 62, 64, 66, 68, 71, 73, 74}
1610: {1, 4, 5, 7, 9, 12, 13, 15, 17, 20, 21, 24, 25, 28, 29, 31, 34, 36, 38, 40, 42, 44, 47, 48, 50, 52, 54, 56, 58, 60, 62, 64, 66, 68, 70, 73, 74}
1613: {1, 4, 5, 7, 10, 12, 13, 15, 17, 19, 21, 24, 25, 28, 29, 33, 34, 36, 39, 40, 42, 44, 46, 48, 51, 52, 54, 56, 58, 60, 62, 64, 66, 68, 71, 73, 74}
1614: {1, 4, 5, 7, 9, 12, 13, 15, 17, 20, 21, 24, 25, 28, 29, 33, 34, 36, 39, 40, 42, 44, 47, 48, 51, 52, 54, 56, 58, 60, 62, 64, 66, 68, 71, 73, 74}
1615: {1, 4, 6, 7, 9, 11, 13, 15, 17, 19, 21, 24, 25, 28, 29, 33, 34, 36, 39, 40, 42, 44, 46, 48, 50, 52, 54, 56, 58, 60, 62, 64, 66, 68, 71, 73, 74}
1619: {1, 3, 5, 7, 9, 11, 13, 15, 17, 19, 21, 24, 25, 28, 29, 31, 34, 37, 38, 40, 42, 44, 46, 49, 51, 52, 54, 56, 58, 60, 62, 64, 66, 68, 70, 72, 74}
1624: {1, 4, 5, 7, 9, 11, 14, 16, 17, 19, 21, 24, 25, 28, 29, 33, 34, 36, 38, 40, 42, 44, 46, 48, 51, 52, 54, 56, 58, 60, 62, 64, 66, 68, 70, 72, 74}
1630: {1, 4, 5, 7, 9, 12, 14, 15, 17, 20, 21, 24, 25, 28, 29, 33, 34, 36, 38, 40, 42, 44, 47, 48, 50, 52, 54, 56, 58, 60, 62, 64, 66, 68, 70, 72, 74}
1631: {1, 4, 5, 7, 9, 12, 14, 16, 17, 20, 21, 24, 25, 28, 29, 33, 34, 36, 38, 40, 42, 44, 47, 48, 50, 52, 54, 56, 58, 60, 62, 64, 66, 68, 70, 72, 74}
1639: {1, 3, 5, 7, 10, 12, 14, 16, 18, 20, 21, 23, 25, 28, 29, 31, 34, 36, 38, 40, 42, 44, 46, 48, 51, 52, 54, 56, 58, 60, 62, 64, 66, 68, 71, 72, 74}
1643: {1, 4, 5, 7, 9, 12, 14, 16, 18, 20, 21, 24, 25, 28, 29, 33, 34, 36, 38, 40, 42, 44, 46, 48, 50, 52, 54, 56, 58, 60, 62, 64, 66, 68, 71, 72, 74}
1654: {1, 3, 5, 7, 9, 12, 13, 16, 18, 20, 21, 23, 25, 28, 29, 31, 34, 36, 38, 40, 42, 44, 47, 48, 50, 52, 55, 56, 58, 60, 62, 64, 66, 68, 70, 72, 74}
1657: {1, 3, 5, 7, 9, 11, 13, 15, 17, 20, 21, 23, 25, 28, 29, 31, 34, 37, 38, 40, 42, 44, 47, 49, 50, 52, 55, 56, 58, 60, 62, 64, 66, 68, 70, 72, 74}
1661: {1, 3, 5, 7, 10, 12, 14, 16, 18, 20, 21, 23, 25, 28, 29, 31, 34, 36, 38, 40, 42, 44, 46, 48, 51, 52, 55, 56, 58, 60, 62, 64, 66, 68, 71, 72, 74}
1664: {1, 3, 5, 7, 9, 11, 13, 15, 17, 19, 21, 24, 25, 27, 29, 32, 34, 36, 38, 40, 43, 44, 46, 48, 51, 52, 54, 56, 58, 60, 62, 65, 66, 68, 70, 73, 74}
1670: {1, 3, 5, 7, 9, 11, 13, 15, 17, 20, 21, 24, 25, 27, 29, 32, 34, 36, 38, 40, 43, 44, 47, 48, 50, 52, 54, 56, 58, 60, 62, 65, 66, 68, 70, 72, 74}
1675: {1, 4, 5, 7, 9, 11, 13, 15, 17, 19, 21, 24, 25, 27, 29, 32, 34, 36, 38, 40, 42, 44, 46, 48, 51, 52, 54, 56, 58, 60, 62, 65, 66, 68, 70, 73, 74}
1685: {1, 4, 5, 7, 9, 11, 13, 15, 17, 19, 21, 24, 25, 27, 29, 31, 34, 36, 38, 40, 43, 44, 46, 48, 50, 52, 54, 56, 58, 60, 62, 65, 66, 68, 70, 73, 74}
1690: {1, 4, 5, 7, 9, 11, 13, 15, 17, 19, 21, 24, 25, 27, 29, 32, 34, 36, 38, 40, 42, 44, 46, 48, 51, 52, 54, 56, 58, 60, 63, 65, 66, 68, 70, 72, 74}
1697: {1, 3, 5, 7, 9, 12, 13, 16, 17, 19, 21, 24, 25, 27, 29, 32, 34, 36, 39, 40, 42, 44, 46, 48, 51, 52, 54, 56, 58, 60, 62, 64, 66, 68, 71, 73, 74}
1704: {1, 3, 5, 7, 9, 11, 13, 16, 17, 19, 21, 24, 25, 27, 29, 32, 34, 36, 39, 40, 43, 44, 46, 48, 50, 52, 54, 56, 58, 60, 62, 65, 66, 68, 71, 73, 74}
1712: {1, 3, 5, 7, 9, 11, 13, 15, 17, 20, 21, 24, 25, 27, 29, 31, 34, 36, 39, 40, 43, 44, 47, 48, 51, 52, 54, 56, 58, 60, 62, 65, 66, 68, 71, 72, 74}
1733: {1, 3, 5, 7, 9, 11, 13, 16, 18, 20, 21, 24, 25, 27, 29, 32, 34, 36, 38, 40, 42, 44, 47, 48, 51, 52, 54, 56, 58, 60, 62, 64, 66, 68, 70, 72, 74}
1735: {1, 4, 5, 7, 9, 12, 13, 16, 18, 20, 21, 24, 25, 27, 29, 33, 34, 36, 38, 40, 42, 44, 46, 48, 50, 52, 54, 56, 58, 60, 62, 64, 66, 68, 70, 72, 74}
1736: {1, 4, 5, 7, 9, 11, 13, 16, 18, 20, 21, 24, 25, 27, 29, 32, 34, 36, 38, 40, 42, 44, 46, 48, 51, 52, 54, 56, 58, 60, 62, 64, 66, 68, 70, 72, 74}
1740: {1, 3, 5, 7, 9, 11, 13, 16, 18, 20, 21, 24, 25, 27, 29, 32, 34, 36, 39, 40, 42, 44, 46, 48, 50, 52, 54, 56, 58, 60, 62, 64, 66, 68, 71, 73, 74}
1746: {1, 3, 5, 7, 9, 11, 13, 15, 17, 20, 21, 24, 25, 27, 29, 31, 34, 37, 38, 40, 42, 44, 47, 49, 50, 52, 54, 56, 58, 60, 62, 65, 66, 68, 70, 72, 74}
1748: {1, 3, 5, 7, 9, 11, 13, 15, 17, 19, 21, 24, 25, 27, 29, 31, 34, 37, 39, 40, 42, 44, 46, 49, 50, 52, 54, 56, 58, 60, 62, 65, 66, 68, 71, 72, 74}
1752: {1, 3, 5, 7, 9, 11, 14, 15, 17, 19, 21, 24, 25, 27, 29, 32, 34, 36, 38, 40, 43, 44, 46, 48, 50, 52, 54, 56, 58, 60, 62, 65, 66, 68, 70, 73, 74}
1755: {1, 3, 6, 7, 9, 11, 14, 15, 17, 19, 21, 24, 25, 27, 29, 32, 35, 36, 38, 40, 43, 44, 46, 48, 50, 52, 54, 56, 58, 60, 62, 65, 66, 68, 70, 73, 74}
1764: {1, 3, 5, 7, 10, 11, 14, 15, 17, 19, 21, 24, 25, 27, 29, 32, 34, 36, 38, 40, 43, 44, 46, 48, 50, 52, 54, 56, 58, 60, 62, 65, 66, 68, 71, 72, 74}
1766: {1, 3, 5, 7, 9, 11, 14, 15, 17, 20, 21, 24, 25, 27, 29, 32, 34, 36, 38, 40, 43, 44, 47, 48, 50, 52, 54, 56, 58, 60, 62, 65, 66, 68, 70, 72, 74}
1771: {1, 3, 5, 7, 9, 12, 14, 16, 17, 20, 21, 24, 25, 27, 29, 31, 34, 36, 38, 40, 43, 44, 47, 48, 50, 52, 54, 56, 58, 60, 62, 65, 66, 68, 70, 72, 74}
1773: {1, 4, 6, 7, 10, 11, 14, 15, 17, 19, 21, 24, 25, 27, 29, 33, 34, 36, 38, 40, 42, 44, 46, 48, 51, 52, 54, 56, 58, 60, 62, 64, 66, 68, 71, 72, 74}
1775: {1, 4, 5, 7, 9, 12, 14, 15, 17, 20, 21, 24, 25, 27, 29, 33, 34, 36, 38, 40, 42, 44, 47, 48, 51, 52, 54, 56, 58, 60, 62, 64, 66, 68, 70, 72, 74}
1779: {1, 4, 5, 7, 9, 12, 14, 16, 17, 20, 21, 24, 25, 27, 29, 33, 34, 36, 38, 40, 42, 44, 47, 48, 50, 52, 54, 56, 58, 60, 62, 64, 66, 68, 70, 72, 74}
1800: {1, 3, 5, 7, 9, 12, 14, 16, 17, 19, 21, 24, 25, 27, 29, 32, 34, 36, 39, 40, 43, 44, 46, 48, 51, 52, 54, 56, 58, 60, 62, 64, 66, 68, 71, 73, 74}
1804: {1, 3, 5, 7, 9, 11, 14, 15, 17, 19, 21, 24, 25, 27, 29, 32, 34, 36, 39, 40, 42, 44, 46, 48, 50, 52, 54, 56, 58, 60, 62, 65, 66, 68, 71, 73, 74}
1811: {1, 3, 5, 7, 9, 11, 14, 15, 17, 19, 21, 24, 25, 27, 29, 32, 34, 36, 39, 41, 42, 44, 46, 48, 51, 52, 54, 56, 58, 60, 62, 65, 66, 68, 71, 72, 74}
1812: {1, 3, 5, 7, 10, 11, 14, 15, 17, 19, 21, 24, 25, 27, 29, 31, 34, 36, 39, 41, 42, 44, 46, 48, 51, 52, 54, 56, 58, 60, 62, 65, 66, 68, 71, 72, 74}
1818: {1, 3, 5, 7, 9, 11, 14, 15, 17, 20, 21, 24, 25, 27, 29, 31, 34, 36, 39, 41, 42, 44, 47, 48, 51, 52, 54, 56, 58, 60, 62, 65, 66, 68, 71, 72, 74}
1827: {1, 3, 5, 7, 9, 11, 14, 16, 17, 20, 21, 24, 25, 27, 29, 31, 34, 36, 39, 40, 43, 44, 47, 48, 50, 52, 54, 56, 58, 60, 62, 64, 66, 68, 71, 72, 74}
1829: {1, 4, 5, 7, 9, 12, 14, 15, 17, 19, 21, 24, 25, 27, 29, 33, 34, 36, 39, 40, 42, 44, 46, 48, 51, 52, 54, 56, 58, 60, 62, 64, 66, 68, 71, 72, 74}
1830: {1, 4, 5, 7, 9, 12, 14, 15, 17, 19, 21, 24, 25, 27, 29, 31, 34, 36, 39, 40, 42, 44, 46, 48, 50, 52, 54, 56, 58, 60, 62, 65, 66, 68, 71, 73, 74}
1831: {1, 3, 5, 7, 9, 11, 14, 16, 18, 20, 21, 24, 25, 27, 29, 32, 34, 36, 38, 40, 42, 44, 46, 48, 50, 52, 54, 56, 58, 60, 62, 64, 66, 68, 71, 73, 74}
1845: {1, 4, 5, 7, 9, 12, 14, 16, 18, 20, 21, 24, 25, 27, 29, 33, 34, 36, 38, 40, 42, 44, 46, 48, 50, 52, 54, 56, 58, 60, 62, 64, 66, 68, 70, 72, 74}
1848: {1, 4, 5, 7, 9, 12, 14, 16, 18, 20, 21, 24, 25, 27, 29, 32, 34, 36, 38, 40, 42, 44, 46, 48, 50, 52, 54, 56, 58, 60, 62, 64, 66, 68, 70, 73, 74}
1850: {1, 4, 5, 7, 9, 12, 14, 16, 18, 20, 21, 24, 25, 27, 29, 32, 34, 36, 38, 40, 42, 44, 46, 48, 50, 52, 54, 56, 58, 60, 62, 64, 66, 68, 70, 72, 74}
1852: {1, 3, 5, 7, 9, 11, 14, 16, 18, 20, 21, 24, 25, 27, 29, 32, 34, 36, 39, 40, 42, 44, 46, 48, 51, 52, 54, 56, 58, 60, 62, 64, 66, 68, 70, 73, 74}
1853: {1, 3, 5, 7, 9, 11, 14, 16, 18, 20, 21, 24, 25, 27, 29, 31, 34, 36, 39, 40, 42, 44, 46, 48, 51, 52, 54, 56, 58, 60, 62, 64, 66, 68, 71, 73, 74}
1866: {1, 4, 5, 7, 9, 11, 14, 15, 17, 19, 21, 24, 25, 27, 29, 33, 34, 36, 38, 40, 42, 44, 46, 49, 51, 52, 54, 56, 58, 60, 62, 64, 66, 68, 70, 72, 74}
1868: {1, 4, 5, 7, 9, 11, 14, 15, 17, 19, 21, 24, 25, 27, 29, 31, 34, 37, 38, 40, 42, 44, 46, 49, 50, 52, 54, 56, 58, 60, 62, 65, 66, 68, 70, 72, 74}
1872: {1, 3, 6, 7, 10, 11, 14, 15, 17, 19, 21, 23, 25, 27, 29, 31, 34, 36, 38, 40, 42, 44, 46, 48, 51, 52, 55, 56, 58, 60, 62, 64, 66, 68, 71, 72, 74}
1877: {1, 3, 5, 7, 9, 11, 13, 15, 17, 19, 21, 24, 26, 28, 29, 31, 34, 37, 38, 40, 42, 44, 46, 49, 50, 52, 54, 56, 58, 60, 62, 64, 66, 68, 70, 72, 74}
1894: {1, 3, 5, 7, 9, 11, 13, 15, 17, 19, 21, 24, 26, 27, 29, 31, 34, 36, 39, 40, 42, 44, 46, 49, 50, 52, 54, 56, 58, 60, 62, 65, 66, 68, 71, 73, 74}
1902: {1, 3, 5, 7, 9, 11, 13, 15, 17, 19, 21, 24, 26, 27, 29, 31, 34, 37, 39, 40, 42, 44, 46, 49, 50, 52, 54, 56, 58, 60, 62, 65, 66, 68, 71, 72, 74}
1904: {1, 3, 5, 7, 9, 11, 14, 16, 17, 20, 21, 24, 26, 27, 29, 32, 34, 36, 38, 40, 42, 44, 47, 48, 50, 52, 54, 56, 58, 60, 62, 64, 66, 68, 70, 73, 74}
1906: {1, 4, 5, 7, 9, 11, 14, 16, 17, 19, 21, 24, 26, 27, 29, 31, 34, 36, 38, 40, 43, 44, 46, 48, 51, 52, 54, 56, 58, 60, 62, 65, 66, 68, 70, 73, 74}
1910: {1, 3, 5, 7, 9, 11, 14, 16, 17, 19, 21, 24, 26, 27, 29, 32, 34, 37, 38, 40, 42, 44, 46, 48, 51, 52, 54, 56, 58, 60, 62, 64, 66, 68, 70, 72, 74}
1915: {1, 3, 5, 7, 9, 11, 14, 16, 17, 20, 21, 24, 26, 27, 29, 31, 34, 36, 38, 40, 43, 44, 47, 49, 50, 52, 54, 56, 58, 60, 62, 64, 66, 68, 70, 73, 74}
1917: {1, 3, 5, 7, 9, 11, 14, 16, 17, 19, 21, 24, 26, 27, 29, 31, 34, 36, 39, 40, 43, 44, 46, 49, 50, 52, 54, 56, 58, 60, 62, 64, 66, 68, 71, 73, 74}
1918: {1, 3, 6, 8, 9, 11, 14, 15, 17, 19, 21, 23, 25, 28, 29, 31, 34, 36, 38, 40, 42, 44, 46, 48, 51, 52, 54, 56, 58, 60, 62, 64, 66, 68, 71, 72, 75}
1924: {1, 3, 5, 7, 9, 12, 13, 15, 17, 19, 21, 23, 25, 28, 29, 31, 34, 36, 38, 40, 42, 44, 46, 48, 51, 52, 55, 57, 58, 60, 62, 64, 66, 68, 70, 72, 75}
1936: {1, 3, 5, 7, 10, 11, 14, 15, 17, 19, 21, 23, 25, 28, 29, 31, 34, 36, 38, 40, 42, 44, 46, 48, 51, 52, 55, 56, 58, 60, 62, 64, 66, 68, 71, 72, 75}
1950: {1, 3, 5, 7, 10, 12, 14, 16, 18, 20, 21, 23, 25, 27, 29, 31, 34, 36, 39, 40, 42, 44, 46, 48, 51, 52, 54, 56, 58, 60, 62, 64, 66, 68, 71, 72, 75}
1951: {1, 3, 5, 7, 9, 11, 13, 15, 17, 19, 21, 23, 25, 27, 29, 31, 34, 36, 39, 40, 42, 44, 46, 48, 51, 52, 55, 56, 58, 60, 63, 64, 66, 68, 71, 72, 75}
1952: {1, 3, 6, 7, 9, 11, 13, 15, 17, 19, 21, 23, 25, 27, 29, 31, 34, 36, 39, 40, 42, 44, 46, 48, 50, 52, 55, 56, 58, 60, 62, 64, 66, 69, 71, 72, 75}
1962: {1, 3, 5, 7, 10, 11, 14, 15, 17, 19, 21, 23, 25, 27, 29, 31, 34, 36, 39, 40, 42, 44, 46, 48, 51, 52, 55, 56, 58, 60, 62, 64, 66, 68, 71, 72, 75}
1964: {1, 3, 5, 8, 9, 12, 14, 16, 17, 19, 21, 23, 25, 27, 29, 31, 34, 36, 39, 40, 42, 44, 46, 48, 51, 52, 55, 56, 58, 60, 62, 64, 66, 68, 71, 72, 75}
1966: {1, 3, 5, 7, 9, 11, 14, 16, 17, 20, 21, 23, 25, 27, 29, 31, 34, 36, 39, 40, 42, 44, 47, 48, 51, 52, 55, 56, 58, 60, 62, 64, 66, 68, 71, 72, 75}
1971: {1, 3, 5, 7, 9, 12, 14, 16, 18, 20, 21, 23, 25, 27, 29, 31, 34, 36, 38, 40, 42, 44, 46, 48, 50, 52, 55, 56, 58, 60, 62, 64, 66, 68, 71, 72, 75}
1972: {1, 3, 5, 7, 10, 12, 14, 16, 18, 20, 21, 23, 25, 27, 29, 31, 34, 36, 38, 40, 42, 44, 46, 48, 50, 52, 55, 56, 58, 60, 62, 64, 66, 68, 71, 72, 75}
1974: {1, 3, 5, 7, 10, 12, 14, 16, 18, 20, 21, 23, 25, 27, 29, 31, 34, 36, 39, 40, 42, 44, 46, 48, 51, 52, 55, 56, 58, 60, 62, 64, 66, 68, 71, 72, 75}
1975: {1, 3, 5, 7, 9, 11, 13, 15, 17, 20, 21, 23, 26, 28, 29, 31, 34, 36, 38, 40, 42, 44, 47, 48, 51, 52, 55, 56, 58, 60, 62, 64, 66, 68, 70, 72, 75}
1979: {1, 3, 5, 7, 9, 12, 13, 15, 17, 19, 21, 23, 26, 27, 29, 31, 34, 36, 38, 40, 42, 44, 46, 48, 51, 52, 55, 57, 58, 60, 62, 64, 66, 68, 70, 72, 75}
1983: {1, 3, 5, 7, 9, 11, 14, 15, 17, 20, 21, 23, 26, 27, 29, 31, 34, 36, 38, 40, 42, 44, 47, 48, 50, 52, 55, 56, 58, 60, 62, 64, 66, 68, 70, 72, 75}
1993: {1, 3, 5, 7, 10, 12, 14, 15, 17, 19, 22, 23, 25, 28, 29, 31, 34, 36, 38, 40, 42, 45, 46, 48, 50, 52, 54, 56, 58, 60, 62, 64, 66, 68, 70, 72, 74}
1994: {1, 3, 5, 7, 10, 11, 14, 16, 18, 20, 22, 24, 25, 28, 29, 31, 34, 36, 38, 40, 42, 45, 46, 48, 50, 52, 54, 56, 58, 60, 62, 64, 66, 69, 70, 72, 74}
2000: {1, 3, 5, 7, 9, 12, 14, 16, 18, 20, 22, 23, 25, 28, 29, 31, 34, 36, 38, 40, 42, 45, 46, 48, 50, 52, 55, 56, 58, 60, 62, 64, 66, 68, 70, 72, 74}
2004: {1, 3, 5, 7, 9, 11, 13, 15, 17, 19, 22, 24, 25, 27, 29, 32, 34, 36, 38, 40, 43, 45, 46, 48, 51, 52, 54, 56, 58, 60, 62, 65, 66, 69, 71, 73, 74}
2005: {1, 3, 5, 7, 9, 11, 13, 15, 17, 19, 22, 24, 25, 27, 29, 32, 34, 36, 38, 40, 42, 45, 46, 48, 50, 52, 54, 56, 58, 60, 62, 65, 66, 69, 70, 73, 74}
2007: {1, 3, 5, 7, 9, 11, 13, 15, 17, 19, 22, 24, 25, 27, 29, 32, 34, 36, 38, 40, 43, 45, 46, 48, 50, 52, 54, 56, 58, 60, 62, 65, 66, 69, 71, 73, 74}
2010: {1, 3, 5, 7, 9, 11, 13, 15, 17, 19, 22, 24, 25, 27, 29, 31, 34, 36, 38, 40, 43, 45, 46, 48, 51, 52, 54, 56, 58, 60, 62, 65, 66, 69, 70, 72, 74}
2032: {1, 3, 5, 7, 9, 11, 13, 16, 18, 20, 22, 24, 25, 27, 29, 32, 34, 36, 39, 40, 42, 45, 46, 48, 51, 52, 54, 56, 58, 60, 62, 64, 66, 69, 71, 72, 74}
2035: {1, 3, 5, 7, 9, 11, 14, 15, 17, 19, 22, 24, 25, 27, 29, 32, 34, 36, 38, 40, 43, 45, 46, 48, 51, 52, 54, 56, 58, 60, 62, 65, 66, 69, 70, 73, 74}
2036: {1, 3, 5, 7, 9, 11, 14, 15, 17, 19, 22, 24, 25, 27, 29, 32, 34, 36, 38, 40, 43, 45, 46, 48, 51, 52, 54, 56, 58, 60, 62, 65, 66, 69, 71, 73, 74}
2037: {1, 3, 5, 7, 9, 11, 14, 16, 17, 19, 22, 24, 25, 27, 29, 32, 34, 36, 38, 40, 42, 45, 46, 48, 51, 52, 54, 56, 58, 60, 62, 64, 66, 69, 70, 73, 74}
2038: {1, 3, 5, 7, 9, 11, 14, 15, 17, 19, 22, 24, 25, 27, 29, 32, 34, 36, 38, 40, 42, 45, 46, 48, 50, 52, 54, 56, 58, 60, 62, 65, 66, 69, 70, 73, 74}
2043: {1, 3, 5, 7, 9, 12, 14, 16, 17, 19, 22, 24, 25, 27, 29, 32, 34, 36, 38, 40, 42, 45, 46, 48, 51, 52, 54, 56, 58, 60, 62, 64, 66, 69, 70, 72, 74}
2047: {1, 3, 5, 7, 10, 11, 14, 15, 17, 19, 22, 24, 25, 27, 29, 31, 34, 36, 38, 40, 43, 45, 46, 48, 50, 52, 54, 56, 58, 60, 62, 65, 66, 69, 70, 72, 74}
2059: {1, 3, 5, 7, 9, 11, 13, 15, 17, 19, 22, 24, 26, 28, 29, 31, 34, 37, 38, 40, 42, 45, 46, 49, 50, 52, 54, 56, 58, 60, 62, 64, 66, 68, 70, 72, 74}
2060: {1, 3, 5, 7, 9, 11, 13, 15, 17, 19, 22, 23, 26, 28, 29, 31, 34, 36, 38, 40, 42, 45, 46, 48, 50, 52, 55, 56, 58, 60, 62, 64, 66, 68, 70, 72, 74}
2062: {1, 3, 5, 7, 9, 11, 13, 15, 17, 19, 22, 24, 26, 27, 29, 32, 34, 36, 38, 40, 42, 45, 46, 48, 50, 52, 54, 56, 58, 60, 62, 64, 66, 69, 70, 73, 74}
2063: {1, 3, 5, 8, 9, 11, 13, 16, 17, 19, 22, 23, 26, 27, 29, 31, 34, 36, 38, 40, 43, 45, 46, 48, 51, 52, 54, 56, 58, 60, 62, 64, 67, 69, 70, 73, 74}
2069: {1, 3, 5, 7, 9, 11, 13, 15, 17, 19, 22, 23, 26, 27, 29, 31, 34, 36, 39, 40, 42, 45, 46, 48, 50, 52, 55, 56, 58, 60, 62, 64, 66, 68, 70, 72, 74}
2079: {1, 3, 5, 7, 9, 11, 14, 15, 17, 19, 22, 23, 25, 28, 29, 31, 34, 36, 38, 40, 42, 45, 46, 48, 51, 52, 55, 56, 58, 60, 62, 64, 66, 68, 70, 72, 75}
2081: {1, 3, 5, 7, 9, 12, 14, 15, 17, 19, 22, 23, 25, 28, 29, 31, 34, 36, 38, 40, 42, 45, 46, 48, 50, 52, 55, 56, 58, 60, 62, 64, 66, 69, 70, 72, 75}
2084: {1, 3, 5, 7, 9, 12, 14, 16, 17, 19, 22, 23, 25, 28, 29, 31, 34, 36, 38, 40, 42, 45, 46, 48, 50, 52, 55, 56, 58, 60, 62, 64, 66, 69, 70, 72, 75}
2090: {1, 3, 6, 7, 9, 11, 13, 15, 17, 19, 22, 23, 25, 27, 29, 31, 34, 36, 39, 40, 42, 45, 46, 48, 51, 52, 55, 56, 58, 60, 62, 64, 66, 69, 71, 72, 75}
2092: {1, 3, 5, 7, 9, 11, 13, 15, 17, 19, 22, 23, 25, 27, 29, 31, 34, 36, 39, 40, 42, 45, 46, 48, 50, 52, 55, 56, 58, 60, 62, 64, 66, 69, 71, 72, 75}
2094: {1, 3, 6, 7, 9, 11, 13, 15, 17, 19, 22, 23, 25, 27, 29, 31, 34, 36, 39, 40, 42, 45, 46, 48, 50, 52, 55, 56, 58, 60, 62, 64, 66, 69, 71, 72, 75}
2096: {1, 3, 5, 7, 9, 12, 13, 15, 17, 19, 22, 23, 25, 27, 29, 31, 34, 36, 39, 40, 42, 45, 46, 48, 50, 52, 55, 57, 58, 60, 62, 64, 66, 69, 70, 72, 75}
2098: {1, 3, 5, 7, 9, 12, 13, 15, 17, 19, 22, 23, 25, 27, 29, 31, 34, 36, 39, 40, 42, 45, 46, 48, 50, 52, 55, 56, 58, 60, 63, 64, 66, 69, 71, 72, 75}
2099: {1, 3, 5, 7, 9, 12, 13, 15, 17, 19, 22, 23, 25, 27, 29, 31, 34, 36, 39, 40, 42, 45, 46, 48, 50, 52, 55, 56, 58, 60, 62, 64, 66, 68, 71, 72, 75}
2110: {1, 3, 5, 7, 9, 11, 14, 15, 17, 19, 22, 23, 25, 27, 29, 31, 34, 36, 39, 40, 42, 45, 46, 48, 50, 52, 55, 56, 58, 60, 62, 64, 66, 69, 70, 72, 75}
2115: {1, 3, 5, 7, 9, 11, 14, 15, 17, 19, 22, 23, 25, 27, 29, 31, 34, 36, 39, 40, 42, 45, 46, 48, 50, 52, 55, 56, 58, 60, 62, 64, 66, 68, 71, 72, 75}
2120: {1, 3, 5, 7, 9, 11, 13, 15, 17, 19, 22, 23, 26, 28, 29, 31, 34, 36, 38, 40, 42, 45, 46, 48, 50, 52, 55, 57, 58, 60, 62, 64, 66, 69, 70, 72, 75}
2121: {1, 3, 5, 7, 9, 11, 13, 15, 17, 19, 22, 23, 26, 28, 29, 31, 34, 36, 38, 40, 42, 45, 46, 48, 50, 52, 55, 56, 58, 60, 62, 64, 66, 68, 70, 72, 75}
2124: {1, 3, 5, 7, 9, 11, 13, 15, 17, 19, 22, 23, 26, 27, 29, 31, 34, 36, 38, 40, 42, 45, 46, 48, 51, 52, 55, 56, 58, 60, 62, 64, 66, 69, 70, 72, 75}
2125: {1, 3, 5, 7, 9, 11, 13, 15, 17, 19, 22, 23, 26, 27, 29, 31, 34, 36, 38, 40, 42, 45, 46, 48, 50, 52, 55, 56, 58, 60, 62, 64, 66, 68, 70, 72, 75}
2127: {1, 3, 6, 7, 9, 11, 13, 15, 17, 19, 22, 23, 26, 27, 29, 31, 34, 36, 39, 40, 42, 45, 46, 48, 51, 52, 55, 56, 58, 60, 62, 64, 66, 69, 71, 72, 75}
2129: {1, 3, 5, 7, 9, 11, 13, 15, 17, 19, 22, 23, 26, 27, 29, 31, 34, 36, 39, 40, 42, 45, 46, 48, 50, 52, 55, 57, 58, 60, 62, 64, 66, 69, 70, 72, 75}
2135: {1, 3, 5, 7, 9, 11, 13, 15, 17, 19, 21, 23, 25, 28, 29, 31, 34, 36, 38, 40, 42, 45, 46, 48, 51, 52, 55, 56, 58, 60, 63, 64, 66, 69, 70, 72, 74}
2147: {1, 3, 5, 7, 9, 12, 13, 15, 17, 20, 21, 24, 25, 27, 29, 31, 34, 36, 38, 40, 43, 45, 47, 48, 50, 52, 54, 56, 58, 60, 62, 65, 66, 69, 70, 73, 74}
2150: {1, 3, 5, 7, 9, 12, 13, 15, 17, 20, 21, 24, 25, 27, 29, 32, 34, 36, 38, 40, 42, 45, 47, 48, 50, 52, 54, 56, 58, 60, 62, 65, 66, 68, 70, 73, 74}
2174: {1, 3, 5, 7, 9, 11, 13, 15, 17, 19, 21, 24, 25, 27, 29, 31, 34, 36, 39, 40, 43, 45, 46, 48, 50, 52, 54, 56, 58, 60, 62, 65, 66, 69, 71, 73, 74}
2181: {1, 3, 5, 7, 9, 12, 13, 15, 17, 19, 21, 24, 25, 27, 29, 32, 34, 36, 39, 40, 42, 45, 46, 48, 50, 52, 54, 56, 58, 60, 62, 65, 66, 68, 71, 73, 74}
2183: {1, 3, 5, 7, 9, 12, 13, 15, 17, 19, 21, 24, 25, 27, 29, 32, 34, 36, 39, 40, 43, 45, 46, 48, 50, 52, 54, 56, 58, 60, 62, 65, 66, 68, 71, 73, 74}
2186: {1, 3, 5, 7, 9, 12, 13, 15, 17, 20, 21, 24, 25, 27, 29, 31, 34, 36, 39, 40, 43, 45, 47, 48, 50, 52, 54, 56, 58, 60, 62, 65, 66, 69, 70, 73, 74}
2193: {1, 3, 6, 7, 9, 12, 13, 15, 17, 20, 21, 23, 25, 27, 29, 32, 34, 36, 39, 40, 43, 45, 47, 48, 51, 52, 54, 56, 58, 60, 62, 65, 67, 68, 71, 73, 74}
2194: {1, 3, 6, 7, 9, 11, 13, 15, 17, 20, 21, 23, 25, 27, 29, 32, 35, 36, 39, 40, 43, 45, 47, 48, 51, 52, 54, 56, 58, 60, 62, 65, 67, 68, 71, 73, 74}
2195: {1, 3, 6, 7, 9, 12, 13, 15, 17, 20, 21, 23, 25, 27, 29, 32, 35, 36, 39, 40, 43, 45, 47, 48, 51, 52, 54, 56, 58, 60, 62, 65, 67, 68, 71, 73, 74}
2196: {1, 3, 6, 7, 9, 11, 13, 15, 17, 20, 21, 23, 25, 27, 29, 32, 34, 36, 39, 40, 43, 45, 47, 48, 50, 52, 54, 56, 58, 60, 62, 65, 67, 68, 71, 73, 74}
2200: {1, 3, 6, 7, 10, 11, 13, 15, 17, 20, 21, 23, 25, 27, 29, 32, 35, 36, 39, 40, 43, 45, 47, 48, 50, 52, 54, 56, 58, 60, 62, 65, 67, 68, 71, 73, 74}
2201: {1, 3, 6, 7, 9, 12, 13, 15, 17, 20, 21, 23, 25, 27, 29, 32, 35, 36, 39, 40, 43, 45, 47, 48, 50, 52, 54, 56, 58, 60, 62, 65, 67, 68, 71, 73, 74}
2206: {1, 3, 6, 7, 9, 12, 13, 15, 17, 20, 21, 24, 25, 27, 29, 32, 34, 36, 39, 40, 43, 45, 47, 48, 51, 52, 54, 56, 58, 60, 62, 65, 66, 68, 71, 72, 74}
2208: {1, 3, 5, 7, 9, 11, 13, 15, 17, 19, 21, 24, 25, 27, 29, 32, 34, 36, 39, 40, 42, 45, 46, 48, 50, 52, 54, 56, 58, 60, 62, 65, 66, 68, 71, 72, 74}
2209: {1, 3, 5, 7, 9, 11, 13, 15, 17, 19, 21, 24, 25, 27, 29, 32, 34, 36, 39, 40, 43, 45, 46, 48, 50, 52, 54, 56, 58, 60, 62, 65, 66, 68, 71, 72, 74}
2213: {1, 3, 5, 7, 10, 12, 13, 15, 17, 19, 21, 24, 25, 27, 29, 32, 34, 36, 39, 40, 43, 45, 46, 48, 50, 52, 54, 56, 58, 60, 62, 65, 66, 68, 71, 72, 74}
2228: {1, 4, 5, 7, 9, 12, 14, 15, 17, 20, 21, 24, 25, 27, 29, 32, 34, 36, 38, 40, 42, 45, 47, 48, 50, 52, 54, 56, 58, 60, 62, 65, 66, 68, 70, 73, 74}
2238: {1, 3, 5, 7, 9, 11, 14, 15, 17, 19, 21, 24, 25, 27, 29, 32, 34, 36, 39, 40, 43, 45, 46, 48, 50, 52, 54, 56, 58, 60, 62, 65, 66, 68, 71, 73, 74}
2245: {1, 3, 5, 7, 9, 11, 14, 15, 17, 19, 21, 24, 25, 27, 29, 32, 34, 36, 39, 40, 42, 45, 46, 48, 50, 52, 54, 56, 58, 60, 62, 65, 66, 68, 71, 72, 74}
2246: {1, 3, 5, 7, 9, 11, 14, 15, 17, 19, 21, 24, 25, 27, 29, 32, 34, 36, 39, 40, 43, 45, 46, 48, 50, 52, 54, 56, 58, 60, 62, 65, 66, 68, 71, 72, 74}
2250: {1, 3, 6, 7, 9, 11, 14, 15, 17, 20, 21, 24, 25, 27, 29, 32, 35, 36, 39, 40, 43, 45, 47, 48, 50, 52, 54, 56, 58, 60, 62, 65, 66, 68, 71, 72, 74}
2251: {1, 3, 6, 7, 10, 11, 14, 15, 17, 20, 21, 24, 25, 27, 29, 32, 35, 36, 39, 40, 43, 45, 47, 48, 50, 52, 54, 56, 58, 60, 62, 65, 66, 68, 71, 72, 74}
2252: {1, 4, 5, 8, 9, 11, 14, 15, 17, 19, 21, 24, 25, 27, 29, 32, 34, 36, 39, 40, 42, 45, 46, 48, 51, 52, 54, 56, 58, 60, 62, 65, 66, 69, 71, 73, 74}
2254: {1, 4, 5, 7, 10, 11, 14, 15, 17, 19, 21, 24, 25, 27, 29, 32, 34, 36, 39, 40, 42, 45, 46, 48, 50, 52, 54, 56, 58, 60, 62, 65, 66, 69, 71, 73, 74}
2268: {1, 3, 5, 7, 9, 12, 14, 16, 17, 19, 21, 23, 25, 27, 29, 31, 34, 36, 39, 40, 42, 45, 46, 48, 51, 52, 55, 56, 58, 60, 62, 64, 66, 69, 71, 72, 74}
2270: {1, 3, 5, 7, 10, 12, 14, 15, 17, 19, 21, 23, 25, 27, 29, 31, 34, 36, 39, 40, 42, 45, 46, 48, 50, 52, 55, 56, 58, 60, 62, 64, 66, 68, 71, 72, 74}
2278: {1, 3, 5, 7, 9, 11, 13, 15, 17, 20, 21, 23, 26, 27, 29, 31, 34, 36, 38, 40, 42, 45, 47, 48, 50, 52, 55, 56, 58, 60, 62, 64, 66, 69, 70, 72, 74}
2281: {1, 3, 5, 7, 9, 11, 13, 15, 17, 19, 21, 23, 26, 27, 29, 31, 34, 36, 39, 40, 42, 45, 46, 48, 50, 52, 55, 56, 58, 60, 62, 64, 66, 69, 71, 72, 74}
2282: {1, 3, 5, 7, 9, 11, 13, 15, 17, 20, 21, 23, 26, 27, 29, 31, 34, 36, 39, 40, 42, 45, 47, 48, 50, 52, 55, 56, 58, 60, 62, 64, 66, 69, 70, 72, 74}
2283: {1, 3, 6, 7, 9, 11, 13, 15, 17, 20, 21, 23, 26, 27, 29, 31, 34, 36, 39, 40, 42, 45, 47, 48, 50, 52, 55, 56, 58, 60, 62, 64, 66, 68, 71, 72, 74}
2286: {1, 3, 5, 7, 9, 11, 14, 15, 17, 19, 21, 23, 26, 27, 29, 31, 34, 36, 39, 40, 42, 45, 46, 48, 51, 52, 55, 56, 58, 60, 62, 64, 66, 69, 71, 72, 74}
2290: {1, 3, 5, 7, 9, 11, 13, 15, 17, 19, 21, 23, 25, 27, 29, 31, 34, 36, 39, 40, 42, 45, 46, 48, 50, 52, 54, 57, 58, 60, 63, 64, 66, 69, 71, 72, 75}
2291: {1, 3, 5, 7, 9, 12, 13, 15, 17, 19, 21, 23, 25, 27, 29, 31, 34, 36, 39, 40, 42, 45, 46, 48, 50, 52, 54, 57, 58, 60, 63, 64, 66, 69, 71, 72, 75}
2294: {1, 3, 5, 8, 9, 11, 14, 15, 17, 19, 21, 23, 25, 27, 29, 31, 34, 36, 39, 40, 42, 45, 46, 48, 51, 52, 54, 56, 58, 60, 62, 64, 66, 68, 71, 72, 75}
2295: {1, 3, 5, 7, 10, 11, 14, 15, 17, 19, 21, 23, 25, 27, 29, 31, 34, 36, 39, 40, 42, 45, 46, 48, 51, 52, 54, 56, 58, 60, 62, 64, 66, 68, 71, 72, 75}
2300: {1, 3, 5, 7, 9, 11, 14, 15, 17, 20, 21, 23, 25, 27, 29, 31, 34, 36, 39, 40, 42, 45, 47, 48, 50, 52, 54, 56, 58, 60, 62, 64, 66, 69, 70, 72, 75}
2302: {1, 3, 5, 7, 9, 11, 13, 15, 17, 20, 21, 23, 25, 27, 29, 31, 34, 36, 38, 40, 42, 45, 47, 48, 50, 52, 55, 56, 58, 60, 62, 64, 66, 69, 70, 72, 75}
2304: {1, 3, 5, 7, 9, 11, 13, 15, 17, 19, 21, 23, 25, 27, 29, 31, 34, 36, 39, 40, 42, 45, 46, 48, 51, 52, 55, 57, 58, 60, 62, 64, 66, 69, 71, 72, 75}
2312: {1, 3, 5, 7, 9, 11, 13, 15, 17, 20, 21, 23, 25, 27, 29, 31, 34, 36, 39, 40, 42, 45, 47, 48, 51, 52, 55, 56, 58, 60, 62, 64, 66, 68, 70, 72, 75}
2313: {1, 3, 6, 7, 9, 11, 13, 15, 17, 19, 21, 23, 25, 27, 29, 31, 34, 36, 39, 40, 42, 45, 46, 48, 50, 52, 55, 56, 58, 60, 62, 64, 66, 69, 70, 72, 75}
2323: {1, 3, 6, 7, 9, 11, 13, 15, 17, 20, 21, 23, 25, 27, 29, 31, 34, 36, 39, 40, 42, 45, 47, 48, 50, 52, 55, 56, 58, 60, 63, 64, 66, 69, 71, 72, 75}
2325: {1, 3, 5, 7, 9, 11, 13, 15, 17, 20, 21, 23, 25, 27, 29, 31, 34, 36, 39, 40, 42, 45, 47, 48, 50, 52, 55, 56, 58, 60, 62, 64, 66, 68, 70, 72, 75}
2328: {1, 3, 5, 7, 9, 11, 14, 15, 17, 20, 21, 23, 25, 27, 29, 31, 34, 36, 38, 40, 42, 45, 47, 48, 50, 52, 55, 56, 58, 60, 62, 64, 66, 69, 70, 72, 75}
2347: {1, 3, 6, 7, 9, 11, 14, 15, 17, 20, 21, 23, 25, 27, 29, 31, 34, 36, 39, 40, 42, 45, 47, 48, 50, 52, 55, 56, 58, 60, 62, 64, 66, 69, 71, 72, 75}
2350: {1, 3, 6, 7, 9, 11, 14, 15, 17, 20, 21, 23, 25, 27, 29, 31, 34, 36, 39, 40, 42, 45, 47, 48, 50, 52, 55, 56, 58, 60, 63, 64, 66, 69, 71, 72, 75}
2361: {1, 3, 5, 7, 9, 11, 13, 15, 17, 19, 21, 23, 26, 27, 29, 31, 34, 36, 39, 40, 42, 45, 46, 48, 50, 52, 55, 56, 58, 60, 62, 64, 66, 69, 71, 72, 75}
2371: {2, 3, 5, 7, 9, 11, 13, 15, 17, 19, 22, 24, 25, 28, 29, 33, 34, 37, 38, 40, 42, 44, 46, 48, 50, 52, 54, 56, 58, 60, 62, 64, 66, 69, 70, 72, 74}
2372: {2, 3, 5, 7, 9, 12, 13, 16, 18, 20, 22, 24, 25, 28, 29, 33, 34, 36, 38, 40, 42, 44, 46, 48, 50, 52, 54, 56, 58, 60, 62, 64, 66, 69, 70, 72, 74}
2376: {2, 3, 5, 8, 9, 12, 13, 16, 18, 20, 22, 23, 25, 28, 29, 31, 34, 36, 38, 40, 42, 44, 46, 48, 51, 52, 54, 56, 58, 60, 62, 64, 66, 69, 71, 72, 74}
2378: {2, 3, 5, 8, 9, 11, 13, 16, 18, 20, 22, 23, 25, 28, 29, 31, 34, 36, 38, 40, 42, 44, 46, 48, 51, 52, 54, 56, 58, 60, 62, 64, 66, 68, 71, 72, 74}
2379: {2, 3, 5, 8, 9, 12, 13, 16, 18, 20, 22, 23, 25, 28, 29, 31, 34, 36, 38, 40, 42, 44, 46, 48, 51, 52, 54, 56, 58, 60, 62, 64, 66, 68, 71, 72, 74}
2384: {2, 3, 5, 7, 9, 11, 13, 16, 18, 20, 22, 23, 25, 28, 29, 31, 34, 36, 38, 40, 42, 44, 47, 48, 50, 52, 54, 56, 58, 60, 62, 64, 66, 68, 71, 72, 74}
2388: {2, 4, 5, 7, 9, 11, 13, 16, 18, 20, 22, 24, 25, 28, 29, 33, 34, 36, 38, 40, 42, 44, 46, 48, 50, 52, 54, 56, 58, 60, 62, 64, 66, 68, 71, 72, 74}
2406: {2, 3, 5, 7, 9, 11, 13, 15, 17, 19, 22, 24, 25, 28, 29, 31, 34, 37, 38, 40, 42, 44, 46, 49, 50, 52, 54, 56, 58, 60, 62, 64, 66, 69, 70, 72, 74}
2407: {2, 3, 5, 7, 9, 11, 13, 15, 17, 19, 22, 24, 25, 28, 29, 31, 34, 37, 38, 40, 42, 44, 46, 49, 50, 52, 54, 56, 58, 60, 62, 64, 66, 68, 70, 72, 74}
2411: {2, 3, 5, 7, 9, 11, 13, 16, 18, 20, 22, 23, 25, 28, 29, 31, 34, 36, 38, 40, 42, 44, 46, 49, 50, 52, 54, 56, 58, 60, 62, 64, 67, 69, 70, 73, 74}
2412: {2, 3, 5, 7, 10, 11, 14, 15, 17, 19, 22, 24, 25, 28, 29, 33, 34, 36, 38, 40, 42, 44, 46, 48, 51, 52, 54, 56, 58, 60, 62, 64, 66, 68, 70, 72, 74}
2416: {2, 3, 5, 8, 9, 12, 14, 16, 17, 19, 22, 23, 25, 28, 29, 31, 34, 36, 38, 40, 42, 44, 46, 48, 51, 52, 54, 56, 58, 60, 62, 64, 66, 68, 70, 72, 74}
2417: {2, 3, 5, 7, 9, 11, 14, 15, 18, 20, 22, 24, 25, 28, 29, 33, 34, 36, 38, 40, 42, 44, 46, 48, 50, 52, 54, 56, 58, 60, 62, 64, 66, 69, 70, 72, 74}
2419: {2, 3, 5, 7, 9, 11, 14, 16, 18, 20, 22, 24, 25, 28, 29, 31, 34, 36, 38, 40, 42, 44, 46, 48, 50, 52, 54, 56, 58, 60, 62, 64, 66, 69, 70, 73, 74}
2420: {2, 3, 5, 7, 9, 12, 14, 15, 18, 20, 22, 24, 25, 28, 29, 31, 34, 36, 38, 40, 42, 44, 46, 48, 50, 52, 54, 56, 58, 60, 62, 64, 66, 68, 70, 73, 74}
2426: {2, 3, 5, 7, 9, 11, 14, 15, 17, 19, 22, 23, 25, 28, 29, 31, 34, 37, 38, 40, 42, 44, 46, 49, 51, 52, 54, 56, 58, 60, 62, 64, 66, 68, 70, 72, 74}
2443: {2, 3, 5, 7, 9, 12, 14, 16, 18, 20, 22, 23, 25, 28, 29, 31, 34, 36, 38, 40, 42, 44, 46, 48, 50, 52, 55, 56, 58, 60, 62, 64, 66, 68, 70, 72, 74}
2444: {2, 3, 5, 7, 9, 11, 13, 15, 17, 19, 22, 24, 25, 27, 29, 33, 34, 36, 38, 40, 42, 44, 46, 48, 51, 52, 54, 56, 58, 60, 62, 65, 66, 69, 70, 73, 74}
2487: {2, 3, 5, 7, 9, 12, 13, 16, 18, 20, 22, 24, 25, 27, 29, 31, 34, 36, 38, 40, 42, 44, 46, 48, 50, 52, 54, 56, 58, 60, 62, 64, 66, 69, 70, 73, 74}
2488: {2, 3, 5, 7, 9, 12, 13, 16, 18, 20, 22, 24, 25, 27, 29, 32, 34, 36, 38, 40, 42, 44, 46, 48, 50, 52, 54, 56, 58, 60, 62, 64, 66, 69, 70, 73, 74}
2492: {2, 3, 5, 7, 9, 11, 13, 16, 18, 20, 22, 23, 25, 27, 29, 31, 35, 36, 38, 40, 42, 44, 46, 48, 50, 52, 54, 56, 58, 60, 62, 64, 66, 69, 71, 72, 74}
2493: {2, 3, 5, 7, 9, 12, 13, 16, 18, 20, 22, 23, 25, 27, 29, 31, 34, 36, 38, 40, 42, 44, 47, 48, 50, 52, 54, 56, 58, 60, 62, 64, 66, 68, 71, 72, 74}
2495: {2, 4, 5, 7, 10, 11, 13, 16, 18, 20, 22, 24, 25, 27, 29, 33, 34, 36, 38, 40, 42, 44, 46, 48, 51, 52, 54, 56, 58, 60, 62, 64, 66, 68, 71, 72, 74}
2496: {2, 4, 5, 7, 9, 11, 13, 16, 18, 20, 22, 24, 25, 27, 29, 33, 34, 36, 38, 40, 42, 44, 46, 48, 50, 52, 54, 56, 58, 60, 62, 64, 66, 68, 71, 72, 74}
2506: {2, 4, 5, 7, 9, 12, 13, 16, 18, 20, 22, 24, 25, 27, 29, 31, 34, 36, 38, 40, 43, 44, 47, 48, 50, 52, 54, 56, 58, 60, 62, 64, 66, 69, 71, 73, 74}
2512: {2, 4, 5, 7, 9, 12, 13, 16, 18, 20, 22, 24, 25, 27, 29, 32, 34, 36, 38, 40, 42, 44, 46, 48, 50, 52, 54, 56, 58, 60, 62, 64, 66, 68, 71, 73, 74}
2517: {2, 4, 5, 7, 9, 12, 13, 16, 18, 20, 22, 24, 25, 27, 29, 31, 34, 36, 38, 40, 43, 44, 47, 48, 50, 52, 54, 56, 58, 60, 62, 64, 66, 68, 71, 73, 74}
2518: {2, 4, 5, 7, 9, 12, 13, 16, 18, 20, 22, 24, 25, 27, 29, 32, 34, 36, 38, 40, 43, 44, 47, 48, 50, 52, 54, 56, 58, 60, 62, 64, 66, 68, 71, 73, 74}
2520: {2, 4, 5, 7, 9, 11, 13, 16, 18, 20, 22, 24, 25, 27, 29, 32, 34, 36, 38, 40, 42, 44, 46, 48, 50, 52, 54, 56, 58, 60, 62, 64, 66, 68, 71, 72, 74}
2523: {2, 4, 5, 7, 9, 12, 13, 16, 18, 20, 22, 24, 25, 27, 29, 32, 34, 36, 38, 40, 42, 44, 46, 48, 50, 52, 54, 56, 58, 60, 62, 64, 66, 68, 71, 72, 74}
2526: {2, 4, 5, 7, 9, 12, 13, 16, 18, 20, 22, 24, 25, 27, 29, 31, 34, 36, 38, 40, 42, 44, 47, 48, 50, 52, 54, 56, 58, 60, 62, 64, 66, 68, 71, 72, 74}
2533: {2, 3, 5, 8, 9, 11, 13, 16, 18, 20, 22, 23, 25, 27, 29, 31, 34, 36, 39, 40, 42, 44, 46, 48, 51, 52, 54, 56, 58, 60, 62, 64, 66, 68, 71, 72, 74}
2537: {2, 4, 5, 8, 9, 12, 13, 16, 18, 20, 22, 24, 25, 27, 29, 33, 34, 36, 39, 40, 42, 44, 46, 48, 51, 52, 54, 56, 58, 60, 62, 64, 66, 68, 71, 72, 74}
2544: {2, 4, 5, 7, 10, 12, 13, 16, 18, 20, 22, 24, 25, 27, 29, 31, 34, 36, 39, 40, 43, 44, 46, 48, 51, 52, 54, 56, 58, 60, 62, 64, 66, 69, 71, 73, 74}
2545: {2, 4, 5, 7, 10, 12, 13, 16, 18, 20, 22, 24, 25, 27, 29, 32, 34, 36, 39, 40, 43, 44, 46, 48, 51, 52, 54, 56, 58, 60, 62, 64, 66, 69, 71, 73, 74}
2549: {2, 4, 5, 7, 9, 12, 13, 16, 18, 20, 22, 24, 25, 27, 29, 31, 34, 36, 39, 40, 42, 44, 46, 48, 50, 52, 54, 56, 58, 60, 62, 64, 66, 69, 71, 73, 74}
2551: {2, 4, 5, 7, 9, 12, 13, 16, 18, 20, 22, 24, 25, 27, 29, 31, 34, 36, 39, 40, 42, 44, 46, 48, 50, 52, 54, 56, 58, 60, 62, 64, 66, 68, 71, 73, 74}
2554: {2, 4, 5, 7, 9, 12, 13, 16, 18, 20, 22, 24, 25, 27, 29, 32, 34, 36, 39, 40, 43, 44, 46, 48, 50, 52, 54, 56, 58, 60, 62, 64, 66, 68, 71, 73, 74}
2568: {2, 3, 6, 7, 10, 11, 14, 15, 17, 19, 22, 24, 25, 27, 29, 33, 35, 36, 38, 40, 42, 44, 46, 48, 51, 52, 54, 56, 58, 60, 62, 64, 66, 68, 70, 72, 74}
2569: {2, 3, 5, 8, 9, 11, 14, 16, 17, 19, 22, 24, 25, 27, 29, 33, 34, 36, 38, 40, 43, 44, 46, 48, 51, 52, 54, 56, 58, 60, 62, 64, 66, 68, 70, 72, 74}
2571: {2, 3, 5, 7, 9, 11, 14, 15, 17, 19, 22, 24, 25, 27, 29, 31, 34, 36, 38, 40, 43, 44, 46, 48, 51, 52, 54, 56, 58, 60, 62, 65, 66, 69, 71, 73, 74}
2573: {2, 3, 5, 7, 9, 11, 14, 15, 17, 19, 22, 24, 25, 27, 29, 31, 34, 36, 38, 40, 43, 44, 46, 48, 50, 52, 54, 56, 58, 60, 62, 65, 66, 69, 71, 73, 74}
2575: {2, 3, 5, 7, 9, 12, 14, 16, 17, 19, 22, 24, 25, 27, 29, 32, 34, 36, 38, 40, 43, 44, 46, 48, 50, 52, 54, 56, 58, 60, 62, 64, 66, 69, 70, 73, 74}
2585: {2, 3, 5, 7, 9, 11, 14, 15, 18, 20, 22, 24, 25, 27, 29, 31, 34, 36, 38, 40, 43, 44, 46, 48, 50, 52, 54, 56, 58, 60, 62, 64, 66, 69, 70, 73, 74}
2589: {2, 3, 5, 7, 9, 11, 14, 16, 18, 20, 22, 24, 25, 27, 29, 31, 34, 36, 38, 40, 43, 44, 46, 48, 50, 52, 54, 56, 58, 60, 62, 64, 66, 69, 70, 73, 74}
2598: {2, 3, 5, 7, 9, 12, 14, 15, 18, 20, 22, 24, 25, 27, 29, 31, 34, 36, 39, 40, 42, 44, 46, 48, 50, 52, 54, 56, 58, 60, 62, 65, 66, 69, 71, 73, 74}
2600: {2, 3, 5, 7, 9, 12, 14, 15, 18, 20, 22, 24, 25, 27, 29, 32, 34, 36, 39, 40, 42, 44, 46, 48, 50, 52, 54, 56, 58, 60, 62, 64, 66, 68, 71, 73, 74}
2601: {2, 3, 5, 7, 9, 12, 14, 15, 18, 20, 22, 24, 25, 27, 29, 31, 34, 36, 39, 40, 43, 44, 46, 48, 50, 52, 54, 56, 58, 60, 62, 64, 66, 68, 71, 73, 74}
2609: {2, 3, 5, 7, 9, 11, 13, 16, 18, 20, 22, 23, 25, 27, 29, 31, 34, 36, 38, 40, 42, 44, 47, 48, 50, 52, 55, 56, 58, 60, 62, 64, 66, 69, 71, 72, 74}
2625: {2, 3, 5, 7, 9, 11, 13, 16, 18, 20, 22, 24, 26, 28, 29, 31, 34, 36, 38, 40, 42, 44, 46, 49, 50, 52, 54, 56, 58, 60, 62, 64, 66, 69, 70, 73, 74}
2636: {2, 3, 5, 7, 9, 11, 13, 16, 18, 20, 22, 24, 26, 27, 29, 31, 34, 36, 38, 40, 42, 44, 46, 49, 50, 52, 54, 56, 58, 60, 62, 64, 66, 69, 70, 73, 74}
2660: {2, 3, 5, 7, 9, 11, 13, 15, 17, 19, 22, 23, 25, 28, 29, 31, 34, 37, 38, 40, 42, 44, 46, 48, 50, 52, 55, 56, 58, 60, 62, 64, 66, 68, 70, 72, 75}
2661: {2, 3, 5, 8, 9, 12, 13, 16, 18, 20, 22, 23, 25, 28, 29, 31, 34, 36, 38, 40, 42, 44, 46, 48, 51, 52, 55, 56, 58, 60, 62, 64, 66, 68, 71, 72, 75}
2663: {2, 3, 5, 7, 10, 12, 13, 16, 18, 20, 22, 23, 25, 28, 29, 31, 34, 36, 38, 40, 42, 44, 46, 48, 50, 52, 55, 56, 58, 60, 62, 64, 66, 69, 71, 72, 75}
2667: {2, 3, 5, 7, 9, 12, 13, 16, 18, 20, 22, 23, 25, 28, 29, 31, 34, 36, 38, 40, 42, 44, 46, 48, 50, 52, 55, 56, 58, 60, 62, 64, 66, 68, 71, 72, 75}
2670: {2, 3, 5, 8, 9, 12, 13, 16, 18, 20, 22, 23, 25, 28, 29, 31, 34, 36, 39, 40, 42, 44, 46, 48, 51, 52, 55, 56, 58, 60, 62, 64, 66, 68, 71, 72, 75}
2678: {2, 3, 5, 7, 9, 12, 14, 15, 18, 20, 22, 23, 25, 28, 29, 31, 34, 36, 38, 40, 42, 44, 46, 48, 50, 52, 55, 57, 58, 60, 62, 64, 66, 69, 70, 72, 75}
2683: {2, 3, 5, 7, 9, 11, 13, 16, 18, 20, 22, 23, 25, 27, 29, 31, 35, 36, 38, 40, 42, 44, 47, 48, 50, 52, 54, 56, 58, 60, 62, 64, 66, 69, 71, 72, 75}
2684: {2, 3, 5, 8, 9, 11, 13, 16, 18, 20, 22, 23, 25, 27, 29, 31, 34, 36, 39, 40, 42, 44, 46, 48, 51, 52, 54, 56, 58, 60, 62, 64, 66, 68, 71, 72, 75}
2691: {2, 3, 5, 7, 9, 12, 14, 15, 18, 20, 22, 23, 25, 27, 29, 31, 34, 36, 39, 40, 42, 44, 46, 48, 50, 52, 54, 56, 58, 60, 62, 64, 66, 69, 71, 72, 75}
2704: {2, 3, 5, 7, 9, 12, 13, 16, 18, 20, 22, 23, 25, 27, 29, 31, 34, 36, 38, 40, 42, 44, 46, 48, 50, 52, 55, 56, 58, 60, 62, 64, 66, 68, 70, 72, 75}
2724: {2, 3, 6, 7, 10, 11, 14, 15, 17, 19, 22, 23, 25, 27, 29, 31, 34, 36, 39, 40, 42, 44, 46, 48, 51, 52, 55, 56, 58, 60, 62, 64, 66, 68, 71, 72, 75}
2726: {2, 3, 6, 7, 9, 11, 14, 15, 17, 19, 22, 23, 25, 27, 29, 31, 34, 36, 39, 40, 42, 44, 46, 48, 50, 52, 55, 56, 58, 60, 62, 64, 66, 68, 71, 72, 75}
2728: {2, 3, 5, 7, 9, 12, 14, 15, 18, 20, 22, 23, 25, 27, 29, 31, 34, 36, 38, 40, 42, 44, 46, 48, 50, 52, 55, 57, 58, 60, 62, 64, 66, 69, 70, 72, 75}
2730: {2, 3, 5, 7, 9, 11, 14, 16, 18, 20, 22, 23, 25, 27, 29, 31, 34, 36, 38, 40, 42, 44, 46, 48, 50, 52, 55, 56, 58, 60, 62, 64, 66, 69, 70, 72, 75}
2733: {2, 3, 5, 7, 10, 11, 14, 16, 18, 20, 22, 23, 25, 27, 29, 31, 34, 36, 39, 40, 42, 44, 46, 48, 51, 52, 55, 56, 58, 60, 62, 64, 66, 68, 70, 72, 75}
2736: {2, 3, 5, 7, 9, 11, 13, 15, 17, 19, 22, 23, 26, 28, 29, 31, 34, 36, 38, 40, 42, 44, 46, 48, 51, 52, 55, 56, 58, 60, 62, 64, 66, 68, 70, 72, 75}
2741: {2, 3, 5, 7, 9, 11, 13, 16, 17, 19, 22, 23, 25, 28, 29, 31, 34, 36, 38, 40, 43, 44, 46, 49, 50, 52, 54, 56, 58, 61, 62, 64, 67, 68, 70, 73, 74}
2742: {2, 3, 5, 7, 9, 11, 13, 16, 17, 19, 22, 23, 25, 27, 29, 31, 34, 36, 38, 40, 43, 44, 46, 49, 50, 52, 54, 56, 58, 61, 62, 64, 67, 68, 70, 73, 74}
2755: {2, 3, 5, 7, 9, 11, 13, 16, 17, 20, 21, 23, 25, 28, 29, 31, 34, 36, 38, 40, 42, 44, 47, 48, 50, 52, 54, 56, 58, 60, 62, 64, 67, 68, 70, 73, 74}
2762: {2, 3, 5, 7, 9, 12, 13, 16, 18, 20, 21, 24, 25, 28, 29, 33, 34, 36, 38, 40, 42, 44, 47, 48, 51, 52, 54, 56, 58, 60, 62, 64, 66, 68, 70, 72, 74}
2763: {2, 3, 5, 7, 9, 12, 13, 16, 18, 20, 21, 24, 25, 28, 29, 33, 34, 36, 38, 40, 42, 44, 46, 48, 50, 52, 54, 56, 58, 60, 62, 64, 66, 68, 70, 72, 74}
2770: {2, 3, 5, 7, 9, 11, 13, 16, 18, 20, 21, 23, 25, 28, 29, 31, 34, 36, 38, 40, 42, 44, 47, 49, 50, 52, 54, 56, 58, 60, 62, 64, 67, 68, 70, 73, 74}
2779: {2, 3, 5, 8, 9, 12, 14, 16, 17, 19, 21, 23, 25, 28, 29, 31, 34, 36, 38, 40, 42, 44, 46, 48, 51, 52, 54, 56, 58, 60, 62, 64, 66, 69, 71, 72, 74}
2780: {2, 3, 5, 7, 10, 12, 14, 15, 17, 19, 21, 23, 25, 28, 29, 31, 35, 36, 38, 40, 42, 44, 46, 48, 50, 52, 54, 56, 58, 60, 62, 64, 66, 69, 71, 72, 74}
2782: {2, 4, 5, 7, 10, 11, 14, 15, 17, 19, 21, 24, 25, 28, 29, 33, 34, 36, 38, 40, 42, 44, 46, 48, 51, 52, 54, 57, 58, 60, 62, 64, 66, 69, 71, 72, 74}
2803: {2, 3, 5, 7, 9, 12, 14, 16, 18, 20, 21, 23, 25, 28, 29, 31, 34, 36, 38, 40, 42, 44, 46, 48, 50, 52, 55, 56, 58, 60, 62, 64, 66, 69, 71, 72, 74}
2804: {2, 3, 5, 7, 9, 12, 14, 16, 18, 20, 21, 23, 25, 28, 29, 31, 34, 36, 38, 40, 42, 44, 47, 48, 50, 52, 55, 56, 58, 60, 62, 64, 66, 69, 70, 72, 74}
2807: {2, 3, 5, 7, 9, 12, 13, 15, 17, 20, 21, 24, 25, 27, 29, 33, 34, 36, 38, 40, 43, 44, 47, 48, 51, 52, 54, 56, 58, 60, 62, 64, 66, 68, 70, 73, 74}
2812: {2, 3, 5, 7, 9, 12, 13, 15, 17, 20, 21, 23, 25, 27, 29, 33, 34, 36, 38, 40, 43, 44, 47, 48, 51, 52, 54, 56, 58, 60, 62, 64, 67, 68, 70, 73, 74}
2814: {2, 3, 5, 7, 9, 12, 13, 15, 17, 20, 21, 23, 25, 27, 29, 33, 34, 36, 38, 40, 42, 44, 47, 48, 50, 52, 54, 56, 58, 60, 62, 64, 67, 68, 70, 73, 74}
2817: {2, 3, 5, 7, 9, 11, 13, 15, 17, 19, 21, 24, 25, 27, 29, 31, 34, 36, 38, 40, 43, 44, 46, 48, 51, 53, 54, 57, 58, 60, 62, 65, 66, 69, 70, 73, 74}
2819: {2, 3, 5, 7, 9, 11, 13, 15, 17, 20, 21, 24, 25, 27, 29, 31, 34, 36, 38, 40, 43, 44, 47, 48, 51, 52, 54, 56, 58, 60, 62, 65, 66, 68, 70, 73, 74}
2828: {2, 3, 5, 7, 9, 12, 13, 15, 17, 20, 21, 24, 25, 27, 29, 31, 34, 36, 38, 40, 43, 44, 47, 48, 50, 52, 54, 56, 58, 60, 62, 65, 66, 68, 70, 73, 74}
2835: {2, 4, 5, 7, 9, 11, 13, 15, 17, 19, 21, 23, 25, 27, 29, 31, 34, 36, 38, 40, 42, 44, 46, 48, 51, 52, 54, 56, 58, 60, 62, 65, 67, 68, 70, 73, 74}
2842: {2, 3, 5, 7, 9, 11, 13, 15, 17, 19, 21, 24, 25, 27, 29, 31, 34, 36, 39, 40, 43, 44, 46, 48, 51, 52, 54, 57, 58, 60, 62, 65, 66, 69, 70, 73, 74}
2843: {2, 3, 5, 7, 9, 11, 13, 15, 17, 19, 21, 24, 25, 27, 29, 31, 35, 36, 39, 40, 42, 44, 46, 48, 51, 52, 54, 56, 58, 60, 62, 65, 66, 69, 71, 73, 74}
2854: {2, 3, 5, 7, 9, 12, 13, 16, 17, 19, 21, 24, 25, 27, 29, 31, 34, 36, 39, 40, 42, 44, 46, 48, 50, 52, 54, 56, 58, 60, 62, 65, 66, 69, 71, 73, 74}
2857: {2, 3, 5, 7, 9, 11, 13, 15, 17, 19, 21, 24, 25, 27, 29, 31, 34, 36, 39, 40, 43, 44, 46, 48, 50, 52, 54, 56, 58, 60, 62, 65, 66, 68, 71, 73, 74}
2859: {2, 3, 5, 7, 10, 12, 13, 15, 17, 19, 21, 24, 25, 27, 29, 31, 34, 36, 39, 40, 43, 44, 46, 48, 50, 52, 54, 56, 58, 60, 62, 65, 66, 68, 71, 73, 74}
2865: {2, 3, 5, 7, 9, 11, 13, 15, 17, 20, 21, 23, 25, 27, 29, 31, 34, 36, 39, 40, 43, 44, 47, 48, 51, 52, 54, 56, 58, 60, 62, 65, 67, 68, 70, 73, 74}
2873: {2, 4, 5, 7, 9, 12, 13, 15, 17, 20, 21, 23, 25, 27, 29, 33, 34, 36, 39, 40, 42, 44, 47, 48, 51, 52, 54, 56, 58, 60, 62, 64, 67, 68, 71, 73, 74}
2880: {2, 4, 5, 7, 9, 11, 13, 16, 18, 20, 21, 23, 25, 27, 29, 32, 34, 36, 38, 40, 42, 44, 46, 48, 51, 52, 54, 56, 58, 60, 62, 64, 67, 68, 70, 73, 74}
2888: {2, 4, 6, 8, 9, 11, 13, 15, 17, 19, 21, 23, 25, 27, 30, 33, 35, 36, 38, 40, 42, 44, 46, 48, 51, 52, 54, 56, 58, 60, 62, 64, 67, 68, 71, 73, 74}
2892: {2, 4, 5, 7, 9, 11, 13, 15, 17, 19, 21, 24, 25, 27, 29, 33, 34, 36, 38, 40, 42, 44, 46, 48, 51, 52, 54, 56, 59, 60, 63, 64, 66, 68, 70, 73, 74}
2894: {2, 3, 5, 7, 10, 11, 14, 15, 17, 19, 21, 24, 25, 27, 29, 31, 34, 36, 38, 40, 43, 44, 46, 48, 50, 52, 54, 57, 58, 60, 62, 65, 66, 69, 70, 73, 74}
2896: {2, 3, 5, 7, 9, 11, 14, 15, 17, 19, 21, 24, 25, 27, 29, 31, 35, 36, 38, 40, 42, 44, 46, 48, 50, 52, 54, 56, 58, 60, 62, 65, 66, 69, 71, 73, 74}
2898: {2, 3, 5, 7, 9, 11, 14, 15, 17, 19, 21, 24, 25, 27, 29, 31, 35, 36, 38, 40, 43, 44, 46, 48, 50, 52, 54, 56, 58, 60, 62, 65, 66, 69, 71, 73, 74}
2899: {2, 3, 6, 7, 9, 11, 14, 15, 17, 19, 21, 24, 25, 27, 29, 31, 35, 36, 38, 40, 43, 44, 46, 48, 50, 52, 54, 56, 58, 60, 62, 65, 66, 69, 71, 73, 74}
2900: {2, 3, 5, 7, 10, 11, 14, 15, 17, 19, 21, 24, 25, 27, 29, 31, 35, 36, 38, 40, 43, 44, 46, 48, 50, 52, 54, 57, 58, 60, 62, 65, 66, 69, 71, 73, 74}
2905: {2, 3, 5, 7, 9, 12, 14, 16, 17, 19, 21, 24, 25, 27, 29, 31, 35, 36, 38, 40, 43, 44, 46, 48, 50, 52, 54, 56, 58, 60, 62, 65, 66, 69, 71, 73, 74}
2906: {2, 3, 5, 7, 9, 11, 14, 16, 17, 20, 21, 24, 25, 27, 29, 31, 34, 36, 38, 40, 43, 44, 47, 48, 50, 52, 54, 56, 58, 60, 62, 65, 66, 69, 70, 73, 74}
2910: {2, 4, 5, 7, 10, 11, 14, 15, 17, 19, 21, 24, 25, 27, 29, 33, 34, 36, 38, 40, 42, 44, 46, 48, 50, 52, 54, 57, 58, 60, 62, 65, 66, 69, 71, 72, 74}
2912: {2, 4, 5, 7, 10, 11, 14, 15, 17, 19, 21, 24, 25, 27, 29, 31, 34, 36, 38, 40, 42, 44, 46, 48, 51, 52, 54, 57, 58, 60, 62, 65, 66, 69, 71, 72, 74}
2914: {2, 4, 5, 8, 9, 11, 14, 16, 17, 19, 21, 24, 25, 27, 29, 31, 34, 36, 38, 40, 42, 44, 46, 48, 51, 52, 54, 57, 58, 60, 62, 64, 66, 69, 71, 72, 74}
2915: {2, 4, 5, 7, 10, 11, 14, 15, 17, 19, 21, 24, 25, 27, 29, 31, 34, 36, 38, 40, 42, 44, 46, 48, 50, 52, 54, 57, 58, 60, 62, 65, 66, 69, 71, 72, 74}
2916: {2, 3, 5, 7, 9, 11, 14, 15, 17, 19, 21, 24, 25, 27, 29, 31, 35, 36, 39, 40, 42, 44, 46, 48, 51, 52, 54, 56, 58, 60, 62, 65, 66, 69, 71, 73, 74}
2921: {2, 3, 5, 7, 10, 11, 14, 15, 17, 19, 21, 24, 25, 27, 29, 31, 35, 36, 39, 41, 42, 44, 46, 48, 51, 52, 54, 57, 58, 60, 62, 65, 66, 69, 71, 73, 74}
2924: {2, 3, 5, 7, 9, 12, 14, 16, 17, 19, 21, 24, 25, 27, 29, 31, 34, 36, 39, 40, 42, 44, 46, 48, 51, 52, 54, 56, 58, 60, 62, 65, 66, 69, 71, 73, 74}
2929: {2, 3, 5, 7, 10, 11, 14, 15, 17, 19, 21, 24, 25, 27, 29, 31, 34, 36, 39, 40, 43, 44, 46, 48, 50, 52, 54, 57, 58, 60, 62, 65, 66, 69, 70, 73, 74}
2939: {2, 4, 5, 8, 9, 11, 14, 16, 17, 19, 21, 24, 25, 27, 29, 31, 34, 36, 39, 40, 42, 44, 46, 48, 51, 52, 54, 57, 58, 60, 62, 64, 66, 69, 71, 72, 74}
2945: {2, 3, 5, 7, 9, 11, 14, 16, 18, 20, 21, 24, 25, 27, 29, 31, 34, 36, 38, 40, 42, 44, 47, 48, 50, 52, 54, 56, 58, 60, 62, 64, 66, 69, 70, 73, 74}
2956: {2, 3, 5, 7, 9, 12, 14, 16, 18, 20, 21, 23, 25, 27, 29, 31, 34, 36, 39, 40, 42, 44, 46, 48, 51, 52, 54, 56, 58, 60, 62, 64, 66, 69, 71, 72, 74}
2960: {2, 4, 5, 7, 9, 12, 14, 16, 18, 20, 21, 24, 25, 27, 29, 31, 34, 36, 39, 40, 42, 44, 46, 48, 50, 52, 54, 56, 58, 60, 62, 64, 66, 69, 71, 73, 74}
2961: {2, 4, 5, 7, 10, 12, 14, 16, 18, 20, 21, 24, 25, 27, 29, 31, 34, 36, 39, 40, 42, 44, 46, 48, 51, 52, 54, 57, 58, 60, 62, 64, 66, 69, 71, 72, 74}
2970: {2, 3, 6, 7, 9, 11, 14, 15, 17, 19, 21, 23, 25, 27, 29, 31, 35, 36, 39, 40, 42, 44, 46, 48, 51, 52, 55, 56, 58, 60, 62, 64, 66, 69, 71, 72, 74}
2972: {2, 3, 5, 7, 9, 11, 14, 16, 17, 20, 21, 23, 25, 27, 29, 31, 34, 36, 39, 40, 42, 44, 47, 48, 51, 52, 55, 56, 58, 60, 62, 64, 66, 69, 71, 72, 74}
2978: {2, 3, 5, 7, 9, 12, 14, 16, 18, 20, 21, 23, 25, 27, 29, 31, 34, 36, 39, 40, 42, 44, 46, 48, 50, 52, 55, 56, 58, 60, 62, 64, 66, 69, 71, 72, 74}
2981: {2, 3, 5, 7, 9, 11, 13, 15, 17, 20, 21, 24, 26, 28, 29, 31, 34, 36, 38, 40, 42, 44, 47, 49, 50, 52, 54, 56, 58, 60, 62, 64, 66, 68, 70, 73, 74}
2984: {2, 3, 5, 7, 9, 11, 13, 16, 18, 20, 21, 23, 26, 28, 29, 31, 34, 36, 38, 40, 42, 44, 46, 49, 51, 52, 54, 56, 58, 60, 62, 64, 67, 68, 70, 73, 74}
2986: {2, 3, 5, 7, 9, 11, 13, 16, 18, 20, 21, 23, 26, 28, 29, 31, 34, 36, 38, 40, 42, 44, 47, 49, 50, 52, 54, 56, 58, 60, 62, 64, 67, 68, 70, 73, 74}
2990: {2, 3, 5, 7, 9, 11, 13, 15, 17, 20, 21, 24, 26, 27, 29, 31, 34, 36, 38, 40, 43, 44, 47, 48, 51, 52, 54, 56, 58, 60, 62, 65, 66, 69, 70, 73, 74}
2994: {2, 3, 5, 7, 9, 11, 13, 15, 17, 19, 21, 24, 26, 27, 29, 31, 34, 36, 38, 40, 42, 44, 46, 49, 50, 52, 54, 56, 58, 60, 62, 65, 66, 68, 70, 73, 74}
3001: {2, 3, 5, 7, 9, 11, 13, 16, 18, 20, 21, 24, 26, 27, 29, 31, 34, 36, 38, 40, 43, 44, 46, 49, 50, 52, 54, 56, 58, 60, 62, 64, 66, 68, 70, 73, 74}
3003: {2, 3, 5, 7, 9, 11, 13, 16, 18, 20, 21, 23, 26, 27, 29, 31, 34, 36, 38, 40, 43, 44, 46, 49, 50, 52, 54, 56, 58, 60, 62, 65, 67, 68, 71, 73, 74}
3006: {2, 3, 5, 7, 9, 11, 13, 16, 18, 20, 21, 23, 26, 27, 29, 31, 34, 36, 39, 40, 43, 44, 46, 49, 51, 52, 54, 56, 58, 60, 62, 65, 67, 68, 71, 73, 74}
3018: {2, 3, 5, 7, 9, 12, 14, 16, 17, 20, 21, 23, 25, 28, 29, 31, 34, 36, 38, 40, 42, 44, 47, 48, 50, 52, 54, 56, 58, 60, 62, 64, 66, 69, 70, 72, 75}
3020: {2, 3, 5, 7, 10, 12, 14, 15, 17, 19, 21, 23, 25, 28, 29, 31, 34, 36, 39, 40, 42, 44, 46, 48, 51, 52, 54, 57, 58, 60, 62, 64, 66, 69, 71, 72, 75}
3023: {2, 3, 5, 7, 9, 12, 14, 16, 18, 20, 21, 23, 25, 28, 29, 31, 34, 36, 38, 40, 42, 44, 46, 48, 50, 52, 54, 56, 58, 60, 62, 64, 66, 69, 71, 72, 75}
3028: {2, 3, 5, 7, 9, 12, 13, 16, 17, 19, 21, 23, 25, 28, 29, 31, 34, 36, 38, 40, 42, 44, 46, 48, 51, 52, 55, 57, 58, 60, 62, 64, 66, 69, 70, 72, 75}
3029: {2, 3, 5, 7, 9, 11, 13, 15, 17, 20, 21, 23, 25, 28, 29, 31, 34, 36, 38, 40, 42, 44, 47, 48, 51, 52, 55, 56, 58, 60, 62, 64, 66, 69, 70, 72, 75}
3032: {2, 3, 5, 7, 9, 11, 13, 16, 17, 20, 21, 23, 25, 28, 29, 31, 34, 36, 38, 40, 42, 44, 47, 48, 51, 52, 55, 56, 58, 60, 62, 64, 66, 69, 70, 72, 75}
3036: {2, 3, 5, 7, 9, 11, 13, 15, 17, 20, 21, 23, 25, 28, 29, 31, 34, 36, 38, 40, 42, 44, 47, 48, 50, 52, 55, 57, 58, 60, 62, 64, 66, 69, 70, 72, 75}
3037: {2, 3, 5, 7, 9, 12, 13, 15, 17, 20, 21, 23, 25, 28, 29, 31, 34, 36, 38, 40, 42, 44, 47, 48, 50, 52, 55, 56, 58, 60, 62, 64, 66, 69, 70, 72, 75}
3041: {2, 3, 5, 7, 9, 12, 13, 16, 18, 20, 21, 23, 25, 28, 29, 31, 34, 36, 38, 40, 42, 44, 47, 48, 50, 52, 55, 56, 58, 60, 62, 64, 66, 69, 70, 72, 75}
3043: {2, 3, 5, 7, 9, 11, 14, 15, 17, 20, 21, 23, 25, 28, 29, 31, 34, 36, 38, 40, 42, 44, 47, 48, 51, 52, 55, 56, 58, 60, 62, 64, 66, 69, 70, 72, 75}
3064: {2, 3, 5, 7, 9, 12, 13, 15, 17, 19, 21, 23, 25, 27, 29, 31, 34, 36, 39, 40, 42, 44, 46, 48, 50, 52, 54, 57, 58, 60, 63, 64, 66, 69, 71, 72, 75}
3066: {2, 3, 5, 7, 9, 12, 13, 16, 18, 20, 21, 23, 25, 27, 29, 31, 34, 36, 38, 40, 42, 44, 47, 48, 50, 52, 54, 56, 58, 60, 62, 64, 66, 69, 70, 72, 75}
3071: {2, 3, 5, 7, 10, 12, 14, 15, 17, 19, 21, 23, 25, 27, 29, 31, 35, 36, 39, 40, 42, 44, 46, 48, 51, 52, 54, 57, 58, 60, 62, 64, 66, 69, 71, 72, 75}
3073: {2, 3, 5, 7, 10, 12, 14, 15, 17, 19, 21, 23, 25, 27, 29, 31, 34, 36, 39, 40, 42, 44, 46, 48, 50, 52, 54, 57, 58, 60, 63, 64, 66, 69, 71, 72, 75}
3078: {2, 3, 5, 7, 9, 12, 13, 15, 17, 19, 21, 23, 25, 27, 29, 31, 34, 36, 38, 40, 42, 44, 46, 48, 51, 52, 55, 57, 58, 60, 62, 64, 66, 69, 70, 72, 75}
3079: {2, 3, 5, 7, 9, 11, 13, 15, 17, 19, 21, 23, 25, 27, 29, 31, 35, 36, 38, 40, 42, 44, 46, 48, 51, 52, 55, 57, 58, 60, 62, 64, 66, 69, 70, 72, 75}
3089: {2, 3, 5, 7, 9, 11, 13, 15, 17, 20, 21, 23, 25, 27, 29, 31, 34, 36, 39, 40, 42, 44, 47, 48, 51, 52, 55, 57, 58, 60, 63, 64, 66, 69, 71, 72, 75}
3095: {2, 3, 5, 7, 9, 12, 13, 15, 17, 19, 21, 23, 25, 27, 29, 31, 34, 36, 39, 40, 42, 44, 46, 48, 50, 52, 55, 57, 58, 60, 63, 64, 66, 69, 71, 72, 75}
3100: {2, 3, 5, 7, 9, 12, 13, 16, 18, 20, 21, 23, 25, 27, 29, 31, 34, 36, 38, 40, 42, 44, 46, 48, 51, 52, 55, 57, 58, 60, 62, 64, 66, 69, 70, 72, 75}
3109: {2, 3, 5, 7, 10, 12, 14, 15, 17, 19, 21, 23, 25, 27, 29, 31, 35, 36, 38, 40, 42, 44, 46, 48, 50, 52, 55, 57, 58, 60, 62, 64, 66, 69, 71, 72, 75}
3110: {2, 3, 5, 7, 10, 12, 14, 15, 17, 19, 21, 23, 25, 27, 29, 31, 34, 36, 38, 40, 42, 44, 46, 48, 50, 52, 55, 57, 58, 60, 63, 64, 66, 69, 70, 72, 75}
3118: {2, 3, 5, 7, 10, 12, 14, 15, 17, 19, 21, 23, 25, 27, 29, 31, 35, 36, 39, 40, 42, 44, 46, 48, 51, 52, 55, 57, 58, 60, 62, 64, 66, 69, 71, 72, 75}
3122: {2, 3, 5, 7, 10, 12, 14, 15, 17, 19, 21, 23, 25, 27, 29, 31, 34, 36, 39, 40, 42, 44, 46, 48, 50, 52, 55, 57, 58, 60, 62, 64, 66, 69, 71, 72, 75}
3128: {2, 3, 5, 7, 9, 12, 14, 16, 18, 20, 21, 23, 25, 27, 29, 31, 34, 36, 38, 40, 42, 44, 46, 48, 50, 52, 55, 56, 58, 60, 62, 64, 66, 69, 70, 72, 75}
3131: {2, 3, 5, 7, 9, 11, 14, 16, 18, 20, 21, 23, 25, 27, 29, 31, 35, 36, 38, 40, 42, 44, 46, 48, 50, 52, 55, 56, 58, 60, 62, 64, 66, 69, 71, 72, 75}
3133: {2, 3, 5, 7, 9, 12, 14, 16, 18, 20, 21, 23, 25, 27, 29, 31, 34, 36, 38, 40, 42, 44, 47, 48, 50, 52, 55, 56, 58, 60, 62, 64, 66, 69, 70, 72, 75}
3136: {2, 3, 5, 7, 9, 12, 14, 16, 18, 20, 21, 23, 25, 27, 29, 31, 34, 36, 39, 40, 42, 44, 46, 48, 51, 52, 55, 56, 58, 60, 62, 64, 66, 69, 71, 72, 75}
3139: {2, 3, 5, 7, 9, 11, 13, 15, 17, 19, 21, 23, 26, 28, 29, 31, 34, 36, 38, 40, 42, 44, 46, 48, 51, 52, 54, 56, 58, 60, 63, 64, 66, 68, 70, 72, 75}
3146: {2, 3, 5, 7, 9, 11, 13, 15, 17, 19, 21, 23, 26, 27, 29, 31, 34, 36, 39, 40, 42, 44, 46, 48, 50, 52, 54, 57, 58, 60, 63, 64, 66, 69, 71, 72, 75}
3150: {2, 3, 6, 7, 9, 11, 13, 15, 17, 19, 21, 23, 26, 27, 29, 31, 35, 36, 39, 40, 42, 44, 46, 48, 51, 52, 55, 56, 58, 60, 62, 64, 66, 69, 70, 72, 75}
3154: {2, 3, 5, 7, 9, 11, 13, 15, 17, 19, 21, 23, 25, 28, 29, 32, 34, 36, 38, 40, 43, 44, 46, 48, 51, 52, 54, 56, 58, 61, 62, 64, 67, 68, 70, 73, 74}
3157: {2, 3, 5, 7, 9, 11, 13, 16, 17, 19, 21, 23, 25, 28, 29, 31, 34, 36, 38, 40, 42, 44, 46, 49, 50, 52, 54, 56, 58, 61, 62, 64, 67, 68, 70, 73, 74}
3160: {2, 3, 5, 7, 9, 12, 13, 16, 17, 19, 21, 23, 25, 27, 29, 33, 34, 36, 38, 40, 42, 44, 46, 48, 51, 52, 54, 56, 58, 61, 62, 64, 67, 68, 70, 73, 74}
3163: {2, 3, 5, 7, 9, 12, 13, 16, 17, 19, 21, 23, 25, 27, 29, 31, 34, 36, 38, 40, 42, 44, 46, 48, 51, 52, 54, 56, 58, 61, 62, 64, 67, 68, 70, 73, 74}
3164: {2, 3, 5, 7, 9, 11, 13, 15, 17, 19, 21, 23, 25, 27, 29, 32, 34, 36, 38, 40, 43, 44, 46, 48, 50, 52, 54, 56, 58, 61, 62, 64, 67, 68, 70, 73, 74}
3168: {2, 3, 5, 7, 9, 11, 13, 15, 17, 19, 21, 23, 25, 27, 29, 32, 34, 36, 39, 40, 43, 44, 46, 48, 51, 52, 54, 56, 58, 61, 62, 64, 67, 68, 70, 73, 74}
3174: {2, 3, 5, 7, 9, 11, 13, 16, 17, 20, 21, 23, 25, 27, 29, 32, 34, 36, 39, 40, 42, 44, 47, 48, 50, 52, 54, 56, 58, 61, 62, 64, 67, 68, 70, 73, 74}
3179: {2, 4, 5, 7, 9, 11, 13, 16, 17, 19, 21, 23, 25, 27, 29, 33, 34, 36, 38, 40, 42, 44, 46, 49, 50, 52, 54, 56, 58, 61, 62, 64, 67, 68, 70, 73, 74}
3180: {2, 3, 5, 7, 9, 11, 13, 16, 17, 19, 21, 23, 26, 28, 29, 31, 34, 36, 38, 40, 43, 44, 46, 49, 50, 52, 54, 56, 58, 61, 62, 64, 67, 68, 70, 73, 74}
3191: {2, 3, 5, 7, 9, 11, 13, 16, 17, 19, 21, 23, 26, 27, 29, 31, 34, 36, 38, 40, 43, 44, 46, 49, 50, 52, 54, 56, 58, 61, 62, 64, 67, 68, 70, 73, 74}
3193: {2, 4, 5, 7, 9, 11, 13, 16, 17, 19, 21, 23, 26, 27, 29, 33, 34, 36, 38, 40, 42, 44, 46, 49, 50, 52, 54, 56, 58, 61, 62, 64, 67, 68, 70, 73, 74}
3196: {2, 4, 5, 8, 9, 11, 13, 16, 17, 19, 21, 23, 26, 27, 30, 31, 35, 36, 38, 40, 42, 44, 46, 48, 51, 52, 54, 56, 58, 61, 62, 64, 67, 68, 71, 73, 74}
