2 3 7 9 11 13 16 19 21 22 23 25 27 29 30
1 2 3 6 7 8 9 10 15 17 22 24 26 29
7 8 11 14 15 18 23 25 29 30
7 8 10 15 16 19 22 23 25
2 6 8 11 12 15 16 21 27 29
2 8 13 14 16 17 21 28 29
6 7 8 11 17 19 20 26 29
1 3 5 6 9 16 17 21 23 24 25 26 28 29
3 8 9 15 17 19 20 24 25 27 29
1 5 10 19 23 25
1 3 4 5 7 8 11 13 21 24 28 30
2 4 9 10 15 16 17 19 21 22 23 27 29 30
2 4 9 10 16 19 21
5 8 10 12 16 19 20 23 24 26 29 30
1 2 5 8 10 12 14 15 16 18 19 20 22 23 25
1 2 3 4 10 15 17 18 19 20 21 24 25 29
2 4 5 7 8 9 10 11 15 16 18 19 20 27 28 30
2 3 5 9 16 18 20 22 23 25 26 28 29
6 8 9 10 12 16 17 19 20 25 27 28 29
3 7 8 9 11 12 14 16 18 19 20 21 23 28 29
2 3 6 8 12 14 19 21 25 26
3 5 11 16 19 22 25 26 27 29 30
1 3 4 7 9 11 13 15 21 28
5 6 8 9 11 14 15 16 17 23 24 25 26 27
3 4 7 9 10 12 15 17 18 20 22 23 24 25 29
1 3 4 7 12 13 16 18 20 22 24 27 30
4 5 8 10 11 14 17 19 23 25 28
1 6 7 8 9 14 15 16 20 23 25 26 28 29 30
2 3 4 6 7 11 13 18 20 21 22 24 26 28 29
1 10 11 13 14 18 19 29
1 2 5 6 8 10 15 19 20 25 28 29
4 7 9 12 13 14 16 17 28 29 30
1 2 6 7 12 13 14 16 19 20 23 24 25 27
1 2 3 8 10 11 20 21 22 24 28
5 10 12 15 16 17 22 23 24 27 29 30
8 10 12 14 20 21 22 24 25 26 30
1 7 9 10 11 16 17 18 23 25
3 7 11 12 15 16 17 18 19 21 25 28
5 9 11 17 19 22 24 27 29
7 8 10 12 15 22 24 27 28
2 6 7 9 12 13 17 18 19 20 25 26 28
1 4 6 7 10 15 16 17 20 24 28
1 3 4 5 6 8 11 12 16 17 21 23 25 26
1 5 6 7 8 9 10 13 14 17 22 25 27 28 29
1 4 5 8 15 19 20 21 23 24 26 27 28 29 30
15 16 18 20 21 22
1 4 5 6 8 11 13 16 18 21 24 26 29 30
3 6 9 13 19 25 27 28 30
2 3 4 6 8 11 16 18 20 24
3 5 6 9 10 12 14 15 16 20 22 23 25
1 3 4 6 8 9 10 13 14 15 16 20 21 25 26 28 30
1 6 9 10 13 18 23 24 29
2 6 7 10 12 13 14 15 16 19 20 24 25 26 27 28 30
1 2 4 5 11 12 13 14 15 16 19 21 25 26 27 28
1 2 3 5 9 11 12 13 16 20 21 23 27 28
3 8 10 12 13 14 15 16 18 22 25 27
2 5 6 16 18 20 22 23 26 27 28 29
2 5 10 12 15 20 21 26 28 29 30
2 6 8 10 11 16 21 26 28
1 7 8 10 11 13 19 21 23 24 26 28
4 7 10 13 14 15 16 20 27 30
6 12 13 15 16 17 23 24 27 29
2 4 9 10 11 12 15 18 23 24 29 30
2 7 8 12 14 15 17 20 21 22 23 30
3 5 11 16 17 19 20 23 25 26 28
1 4 5 6 7 13 16 24 26
1 3 4 5 6 9 10 11 14 15 16 19 20 22 25 27 29 30
6 7 9 10 11 13 14 15 19 20 22 28
2 4 6 8 9 11 14 17 18 19 20 22 24
2 4 10 11 18 20 23 24 29
1 2 7 8 11 12 16 21 23 24 25 26 29
1 5 8 9 10 11 18 20 21 25 27 28
2 5 6 9 15 16 17 19 20 21 23 24 27 30
1 2 3 9 10 11 12 13 18 24 25 27 29
3 5 6 7 10 11 13 15 16 19 20 24 26 27 28 29 30
1 3 5 11 13 16 18 19 23 24 29
2 6 9 17 21 26 27 28
2 8 11 15 16 17 18 22 23 26 29 30
8 9
5 6 7 14 15 21 22 23 24
1 3 4 7 11 12 14 18 25 27 28 29 30
1 3 4 7 8 9 11 13 14 15 18 21 22 24 25 28 29 30
3 10 11 22 24 25
3 5 9 11 12 13 14 16 17 18 19 20 21 23 26 27 29
4 9 12 13 14 17 18 19 20 21 22 24 26 27
2 5 6 7 12 14 15 16 21 24 26 27 29 30
1 2 3 10 12 13 14 17 18 19 20 23 27
1 4 7 8 12 15 18 19 21 25
1 3 5 7 9 13 14 15 16 17 18 19 21 22 24 25 28
6 8 10 11 16 17 20 21 23 28
1 3 5 6 8 13 14 16 20 21 23 24 26 28 30
4 7 8 10 11 23 28
1 3 6 7 8 10 13 14 16 19 20 22 23 24 29
2 3 7 8 9 10 11 13 17 19 21 22 23 24 26 29 30
1 2 5 8 10 13 14 17 18 19 21 22 24 26 28
1 4 5 7 9 11 12 15 16 17 19 21 23 27 28
14 15 16 18 19 20 22 25 26 30
2 3 5 6 10 12 13 15 23 24 25 27 28
2 11 12 13 20 21 22 29 30
1 2 3 4 6 7 9 13 20 22 23 25 26 28
2 5 9 10 11 12 14 17 18 20 22 23 26 28 29 30
1 3 4 6 8 13 14 15 17 20 22 23 25 28 29
2 3 5 6 8 16 17 18 20 28 30
1 2 3 5 6 8 15 16 17 18 20 21 22 23 24
2 3 6 11 13 14 17 20 22 24 27 30
1 3 4 7 8 11 17 21 22 25 27 28 29 30
7 8 12 16 20 21 22 24 27 28 30
2 6 7 11 12 16 20 23 25 26 28 30
1 2 3 5 6 10 13 17 19 21 22 24 26 27
2 6 13 14 15 18 21 27
1 3 4 5 7 11 12 16 19 22 23 26 28 30
2 4 5 6 7 9 10 12 14 15 19 20 21 23 27 28
1 2 3 4 6 8 9 11 12 16 19 21 23 24 26 29
2 3 5 8 14 16 18 22 23 24 25 26 27 30
1 4 13 15 18 21 22 23 25 26 28
1 4 5 9 14 24 25
1 4 7 13 17 19 22 23 25 26 28 30
11 12 13 14 18 19 24 26 27 28 29
2 3 8 10 11 13 16 18 19 20 24 25 28 30
1 2 5 15 17 22 23 25 26
2 4 7 15 17 18 19 21 22 27 28
1 2 14 17 19 22 23 25 30
2 5 7 8 17 19 20 26 27
3 4 7 9 12 13 20 21 24 26 27 28 29 30
3 4 5 6 8 9 11 16 18 19 21 22 23 24 25 30
1 2 3 6 8 10 12 15 18 21 23 24 25 26
3 4 5 7 8 11 13 14 17 18 19 21 23 27 29 30
2 4 5 7 8 9 12 15 18 19 21 23 25 27 29 30
3 8 12 16 19 22 24 26 27 28
1 2 4 7 8 15 16 18 20 23
5 6 7 10 16 17 19 20 22 23 24 25 26 27
2 6 7 9 10 12 15 16 18 21 22 23 30
3 4 7 8 14 17 20 22 24 26 27 29
2 5 8 13 17 19 20 25 26 30
6 7 8 9 14 16 17 20 21 24 25 26 27 29
5 6 13 16 18 21 23 27 29
4 7 10 12 13 14 15 18 21 26 27
3 4 7 12 13 16 17 21 22 23 24 29 30
1 5 6 7 11 12 14 15 17 18 20 23 27 28 30
1 5 6 7 8 9 10 13 14 15 22 23 24 27 28 30
2 3 5 6 9 12 13 14 15 17 18 22 27 28 30
5 9 11 12 15 17 19 20 21 22 26 30
1 2 3 6 11 13 14 15 18 19 20 21 22 24 26 28
1 2 5 7 9 11 12 13 15 24 25 26 30
1 4 8 9 10 11 12 13 15 16 24 25 28
4 5 7 12 14 15 17 20 23 25 26
1 3 6 7 13 19 20 21 22 24 27 30
1 2 3 6 7 8 10 11 12 13 14 17 18 19 21 25 29
3 4 8 10 11 12 17 21 26 27 28
1 7 9 12 14 15 16 17 18 21 22 23 25 27 28 29
2 4 7 8 9 11 15 16 19 26 28 30
2 4 5 8 9 17 19 21 24 25 26
3 4 6 7 8 10 11 13 16 17 19 21 22 23 26 27 30
1 3 4 12 13 14 16 17 22 26 30
7 9 12 14 17 20 21 24 26 27 29
2 3 4 5 6 8 12 13 15 23 29
6 7 10 11 14 20 21 27
1 2 6 7 8 9 13 16 17 18 20 22 23 27
1 2 5 7 8 11 14 16 17 18 19 21 23 26 27 28 30
1 3 4 5 9 12 15 16 19 20 22 23 25 27 28
3 5 6 8 11 13 20 21 23 25 29
1 3 8 9 11 16 19 24 26 27
1 2 4 5 9 16 18 20 22 27 28 29
1 3 6 8 9 10 13 18 25 27 29
2 5 9 10 11 14 17 23 28
1 3 4 6 8 9 10 20 22 24 25 27 29
2 4 5 6 8 10 12 14 15 22 25 30
9 14 16 17 20 26 27 30
3 5 8 9 13 14 15 16 18 19 22 25 27 28
4 5 11 12 13 14 17 18 20 21 26 29 30
1 4 5 6 7 10 13 14 15 21 26 27 29 30
1 3 5 12 13 14 15 17 19 21 24
2 3 7 10 12 19 20 21 26
2 3 4 5 6 9 10 13 20 22 24 25 28 30
2 3 11 19 21 22 27 28 29 30
3 4 5 6 13 19 20 22 23 26 27 29 30
2 4 5 6 7 11 13 15 22 23 24 27 29
3 5 6 9 10 13 14 15 17 18 21 27
1 4 7 8 12 15 19 22 23 29
3 4 9 11 14 17 18 22 26 28 29 30
1 2 3 4 6 8 13 14 16 18 23 25 29
2 3 6 9 11 15 16 18 23 24 25 26
1 9 11 14 16 19 20 21 24 25 27 30
1 2 4 11 12 13 16 18 19 20 24 26 28
11 17 18 20 22 23 29
1 11 18 19 26 28
3 4 8 9 10 15 17 19 21 26 30
1 3 8 9 13 14 16 18 20 24 29
1 3 10 12 14 17 21 22 26 27
3 4 7 14 22 26 29
2 3 4 7 8 9 10 18 19 20 21 24 26 29 30
5 8 14 15 16 18 24 27 29
3 10 12 19 24 26 28
2 3 5 6 10 11 12 15 18 24 25 28 29 30
1 2 3 6 8 9 12 16 19 22 24 28
2 4 5 6 15 16 18 21 22 23 28
9 12 14 22 24 27 29
2 3 7 9 10 11 12 15 18 20 23 27 30
3 8 10 11 13 18 19 20 22 25 26
2 4 6 11 12 13 14 17 19 20 21 23 25 26 29 30
