7: {1, 3, 5, 7, 9, 11, 13, 15, 17, 20, 21, 23, 25, 27, 29, 31, 34, 36, 38, 40, 42, 44, 47, 48, 51, 52, 54, 56, 58, 60, 62, 64, 66, 68, 70, 72, 74}
24: {1, 3, 5, 7, 9, 11, 13, 15, 17, 19, 21, 24, 25, 27, 29, 32, 34, 36, 38, 40, 42, 44, 46, 48, 50, 52, 54, 56, 58, 60, 62, 65, 66, 68, 70, 72, 74}
30: {1, 3, 5, 7, 9, 11, 13, 15, 17, 19, 21, 24, 25, 27, 29, 32, 34, 36, 38, 40, 42, 44, 46, 48, 51, 52, 54, 56, 58, 60, 62, 65, 66, 68, 70, 72, 74}
47: {1, 4, 5, 7, 9, 11, 13, 15, 17, 19, 21, 24, 25, 27, 29, 31, 34, 36, 38, 40, 42, 44, 46, 48, 51, 52, 54, 56, 58, 60, 62, 64, 66, 68, 70, 73, 74}
49: {1, 4, 5, 7, 9, 11, 13, 15, 17, 19, 21, 24, 25, 27, 29, 31, 34, 36, 38, 40, 42, 44, 46, 48, 51, 52, 54, 56, 58, 60, 62, 65, 66, 68, 70, 73, 74}
50: {1, 4, 5, 7, 9, 11, 13, 15, 17, 19, 21, 24, 25, 27, 29, 33, 34, 36, 38, 40, 42, 44, 46, 48, 50, 52, 54, 56, 58, 60, 62, 64, 66, 68, 70, 72, 74}
63: {1, 3, 5, 7, 9, 12, 13, 16, 17, 19, 21, 23, 25, 27, 29, 31, 34, 36, 39, 40, 42, 44, 46, 48, 50, 52, 54, 56, 58, 60, 62, 64, 66, 68, 71, 72, 74}
66: {1, 3, 5, 7, 9, 12, 13, 15, 17, 19, 21, 23, 25, 27, 29, 31, 34, 36, 39, 40, 42, 44, 46, 48, 51, 52, 54, 56, 58, 60, 62, 64, 66, 68, 70, 72, 74}
80: {1, 3, 5, 7, 9, 11, 13, 15, 17, 19, 21, 24, 25, 27, 29, 31, 34, 36, 39, 40, 42, 44, 46, 48, 50, 52, 54, 56, 58, 60, 62, 65, 66, 68, 71, 73, 74}
89: {1, 3, 5, 7, 9, 11, 13, 15, 17, 19, 21, 24, 25, 27, 29, 32, 34, 36, 39, 40, 42, 44, 46, 48, 51, 52, 54, 56, 58, 60, 62, 64, 66, 68, 70, 72, 74}
111: {1, 3, 5, 7, 9, 12, 13, 16, 18, 20, 21, 23, 25, 27, 29, 31, 34, 36, 39, 40, 42, 44, 46, 48, 51, 52, 54, 56, 58, 60, 62, 64, 66, 68, 70, 72, 74}
129: {1, 3, 5, 7, 9, 11, 14, 15, 17, 19, 21, 23, 25, 27, 29, 31, 34, 36, 38, 40, 42, 44, 46, 48, 51, 52, 54, 56, 58, 60, 62, 64, 66, 68, 71, 72, 74}
132: {1, 3, 5, 8, 9, 12, 14, 16, 17, 19, 21, 23, 25, 27, 29, 31, 34, 36, 38, 40, 42, 44, 46, 48, 51, 52, 54, 56, 58, 60, 62, 64, 66, 68, 71, 72, 74}
139: {1, 3, 5, 7, 9, 11, 14, 16, 17, 19, 21, 24, 25, 27, 29, 31, 34, 36, 38, 40, 42, 44, 46, 48, 50, 52, 54, 56, 58, 60, 62, 64, 66, 68, 70, 72, 74}
162: {1, 3, 5, 7, 9, 11, 14, 15, 17, 19, 21, 24, 25, 27, 29, 31, 34, 36, 38, 40, 42, 44, 46, 48, 51, 52, 54, 56, 58, 60, 62, 65, 66, 68, 70, 73, 74}
169: {1, 3, 5, 7, 9, 12, 14, 16, 17, 19, 21, 24, 25, 27, 29, 32, 34, 36, 38, 40, 42, 44, 46, 48, 50, 52, 54, 56, 58, 60, 62, 64, 66, 68, 71, 72, 74}
172: {1, 3, 5, 7, 9, 11, 14, 15, 17, 19, 21, 24, 25, 27, 29, 32, 34, 36, 38, 40, 43, 44, 46, 48, 51, 52, 54, 56, 58, 60, 62, 65, 66, 68, 70, 72, 74}
212: {1, 3, 5, 7, 9, 11, 14, 15, 17, 19, 21, 23, 25, 27, 29, 31, 34, 36, 39, 40, 42, 44, 46, 48, 50, 52, 54, 56, 58, 60, 62, 64, 66, 69, 71, 72, 74}
226: {1, 3, 5, 7, 9, 11, 14, 15, 17, 20, 21, 24, 25, 27, 29, 31, 34, 36, 39, 40, 42, 44, 47, 48, 51, 52, 54, 56, 58, 60, 62, 65, 66, 68, 71, 72, 74}
246: {1, 3, 5, 7, 9, 12, 14, 16, 17, 19, 21, 24, 25, 27, 29, 32, 34, 36, 39, 40, 42, 44, 46, 48, 51, 52, 54, 56, 58, 60, 62, 64, 66, 68, 70, 73, 74}
254: {1, 3, 5, 7, 10, 11, 14, 16, 18, 20, 21, 24, 25, 27, 29, 31, 34, 36, 38, 40, 42, 44, 46, 48, 50, 52, 54, 56, 58, 60, 62, 64, 66, 68, 71, 72, 74}
288: {1, 3, 5, 7, 9, 12, 13, 15, 17, 19, 21, 23, 25, 27, 29, 31, 34, 36, 39, 40, 42, 44, 46, 48, 51, 52, 55, 56, 58, 60, 62, 64, 66, 68, 70, 72, 74}
305: {1, 3, 5, 7, 10, 12, 14, 15, 17, 19, 21, 23, 25, 27, 29, 31, 34, 36, 38, 40, 42, 44, 46, 48, 50, 52, 55, 56, 58, 60, 62, 64, 66, 68, 70, 72, 74}
309: {1, 3, 5, 7, 9, 12, 14, 15, 17, 19, 21, 23, 25, 27, 29, 31, 34, 36, 38, 40, 42, 44, 46, 48, 50, 52, 55, 56, 58, 60, 62, 64, 66, 69, 71, 72, 74}
318: {1, 3, 5, 7, 9, 11, 14, 15, 17, 19, 21, 23, 25, 27, 29, 31, 34, 36, 38, 40, 42, 44, 46, 48, 51, 52, 55, 56, 58, 60, 62, 64, 66, 68, 70, 72, 74}
323: {1, 3, 5, 7, 9, 12, 14, 16, 17, 20, 21, 23, 25, 27, 29, 31, 34, 36, 38, 40, 42, 44, 47, 48, 51, 52, 55, 56, 58, 60, 62, 64, 66, 68, 70, 72, 74}
324: {1, 3, 5, 7, 9, 11, 14, 15, 17, 19, 21, 23, 25, 27, 29, 31, 34, 36, 39, 40, 42, 44, 46, 48, 50, 52, 55, 56, 58, 60, 62, 64, 66, 68, 70, 72, 74}
327: {1, 3, 5, 7, 10, 12, 14, 15, 17, 19, 21, 23, 25, 27, 29, 31, 34, 36, 39, 40, 42, 44, 46, 48, 50, 52, 55, 56, 58, 60, 62, 64, 66, 68, 70, 72, 74}
334: {1, 3, 5, 7, 9, 11, 14, 15, 17, 19, 21, 23, 25, 27, 29, 31, 34, 36, 39, 40, 42, 44, 46, 48, 51, 52, 55, 56, 58, 60, 62, 64, 66, 68, 71, 72, 74}
342: {1, 3, 5, 7, 9, 12, 14, 16, 18, 20, 21, 23, 25, 27, 29, 31, 34, 36, 38, 40, 42, 44, 47, 48, 50, 52, 55, 56, 58, 60, 62, 64, 66, 68, 70, 72, 74}
347: {1, 3, 5, 7, 9, 12, 13, 16, 17, 19, 21, 23, 25, 28, 29, 31, 34, 36, 38, 40, 42, 44, 46, 48, 50, 52, 54, 56, 58, 60, 62, 64, 66, 68, 70, 72, 74}
351: {1, 3, 5, 7, 9, 12, 13, 15, 17, 19, 21, 23, 25, 28, 29, 31, 34, 36, 38, 40, 42, 44, 46, 48, 51, 52, 54, 56, 58, 60, 62, 64, 66, 68, 70, 72, 74}
352: {1, 3, 5, 7, 9, 11, 13, 15, 17, 19, 21, 23, 25, 28, 29, 31, 34, 36, 38, 40, 42, 44, 46, 48, 51, 52, 54, 56, 58, 60, 63, 64, 66, 68, 70, 72, 74}
363: {1, 3, 5, 7, 9, 12, 13, 15, 17, 20, 21, 24, 25, 28, 29, 31, 34, 36, 38, 40, 42, 44, 47, 48, 50, 52, 54, 56, 58, 60, 62, 64, 66, 68, 70, 72, 74}
376: {1, 4, 5, 7, 9, 11, 13, 15, 17, 19, 21, 24, 25, 28, 29, 31, 34, 36, 38, 40, 42, 44, 46, 48, 51, 52, 54, 56, 58, 60, 62, 64, 66, 68, 70, 73, 74}
377: {1, 4, 5, 7, 9, 11, 13, 15, 17, 19, 21, 24, 25, 28, 29, 33, 34, 36, 38, 40, 42, 44, 46, 48, 50, 52, 54, 56, 58, 60, 62, 64, 66, 68, 70, 72, 74}
379: {1, 4, 5, 7, 9, 11, 13, 15, 17, 19, 21, 24, 25, 28, 29, 33, 34, 36, 38, 40, 42, 44, 46, 48, 50, 52, 54, 56, 58, 60, 62, 64, 66, 68, 70, 73, 74}
380: {1, 3, 5, 7, 9, 12, 13, 16, 18, 20, 21, 23, 25, 28, 29, 31, 34, 36, 38, 40, 42, 44, 46, 48, 50, 52, 54, 56, 58, 60, 62, 64, 66, 68, 70, 72, 74}
382: {1, 3, 5, 7, 9, 12, 13, 16, 18, 20, 21, 23, 25, 28, 29, 31, 34, 36, 38, 40, 42, 44, 46, 48, 51, 52, 54, 56, 58, 60, 62, 64, 66, 68, 70, 72, 74}
383: {1, 3, 5, 7, 9, 11, 13, 16, 18, 20, 21, 24, 25, 28, 29, 31, 34, 36, 38, 40, 42, 44, 46, 48, 50, 52, 54, 56, 58, 60, 62, 64, 66, 68, 70, 72, 74}
384: {1, 3, 5, 7, 9, 12, 13, 16, 18, 20, 21, 24, 25, 28, 29, 31, 34, 36, 38, 40, 42, 44, 46, 48, 50, 52, 54, 56, 58, 60, 62, 64, 66, 68, 70, 72, 74}
402: {1, 3, 5, 7, 10, 12, 14, 15, 17, 20, 21, 23, 25, 28, 29, 31, 34, 36, 38, 40, 42, 44, 47, 48, 50, 52, 54, 56, 58, 60, 62, 64, 66, 68, 70, 72, 74}
415: {1, 3, 5, 7, 10, 11, 14, 15, 17, 19, 21, 24, 25, 28, 29, 31, 34, 36, 38, 40, 42, 44, 46, 48, 50, 52, 54, 56, 58, 60, 62, 64, 66, 68, 70, 72, 74}
424: {1, 3, 5, 7, 9, 12, 14, 16, 17, 20, 21, 24, 25, 28, 29, 31, 34, 36, 38, 40, 42, 44, 47, 48, 50, 52, 54, 56, 58, 60, 62, 64, 66, 68, 70, 72, 74}
431: {1, 3, 5, 7, 9, 11, 14, 15, 17, 19, 21, 24, 25, 28, 29, 31, 34, 36, 38, 40, 42, 44, 46, 48, 50, 52, 54, 56, 58, 60, 62, 64, 66, 68, 70, 73, 74}
442: {1, 3, 5, 7, 9, 12, 14, 15, 17, 20, 21, 24, 25, 28, 29, 33, 34, 36, 38, 40, 42, 44, 47, 48, 50, 52, 54, 56, 58, 60, 62, 64, 66, 68, 70, 72, 74}
445: {1, 4, 5, 7, 9, 11, 14, 15, 17, 19, 21, 24, 25, 28, 29, 31, 34, 36, 38, 40, 42, 44, 46, 48, 51, 52, 54, 56, 58, 60, 62, 64, 66, 68, 70, 72, 74}
449: {1, 4, 5, 7, 9, 11, 14, 16, 17, 19, 21, 24, 25, 28, 29, 31, 34, 36, 38, 40, 42, 44, 46, 48, 50, 52, 54, 56, 58, 60, 62, 64, 66, 68, 70, 73, 74}
450: {1, 4, 5, 7, 9, 11, 14, 15, 17, 19, 21, 24, 25, 28, 29, 31, 34, 36, 38, 40, 42, 44, 46, 48, 51, 52, 54, 56, 58, 60, 62, 64, 66, 68, 70, 73, 74}
467: {1, 3, 5, 7, 9, 11, 14, 16, 18, 20, 21, 24, 25, 28, 29, 31, 34, 36, 38, 40, 42, 44, 46, 48, 50, 52, 54, 56, 58, 60, 62, 64, 66, 68, 70, 73, 74}
476: {1, 3, 5, 7, 9, 11, 13, 15, 17, 19, 21, 23, 25, 28, 29, 31, 34, 36, 38, 40, 42, 44, 46, 48, 50, 52, 55, 56, 58, 60, 62, 64, 66, 68, 70, 72, 74}
480: {1, 3, 5, 7, 9, 12, 13, 15, 17, 20, 21, 23, 25, 28, 29, 31, 34, 36, 38, 40, 42, 44, 47, 48, 50, 52, 55, 56, 58, 60, 62, 64, 66, 68, 70, 72, 74}
483: {1, 3, 5, 7, 9, 11, 13, 15, 17, 19, 21, 23, 25, 28, 29, 31, 34, 36, 38, 40, 42, 44, 46, 48, 51, 52, 55, 56, 58, 60, 63, 64, 66, 68, 70, 72, 74}
487: {1, 3, 5, 7, 9, 11, 13, 16, 17, 20, 21, 23, 25, 28, 29, 31, 34, 36, 38, 40, 42, 44, 47, 48, 51, 52, 55, 56, 58, 60, 62, 64, 66, 68, 70, 72, 74}
489: {1, 3, 5, 7, 9, 11, 13, 15, 17, 20, 21, 23, 25, 28, 29, 31, 34, 37, 38, 40, 42, 44, 47, 48, 50, 52, 55, 56, 58, 60, 62, 64, 66, 68, 70, 72, 74}
491: {1, 3, 5, 7, 9, 12, 13, 16, 18, 20, 21, 23, 25, 28, 29, 31, 34, 36, 38, 40, 42, 44, 46, 48, 50, 52, 55, 56, 58, 60, 62, 64, 66, 68, 70, 72, 74}
493: {1, 3, 5, 7, 9, 11, 14, 15, 17, 19, 21, 23, 25, 28, 29, 31, 34, 36, 38, 40, 42, 44, 46, 48, 50, 52, 55, 56, 58, 60, 62, 64, 66, 68, 70, 72, 74}
495: {1, 3, 5, 7, 10, 11, 14, 15, 17, 19, 21, 23, 25, 28, 29, 31, 34, 36, 38, 40, 42, 44, 46, 48, 50, 52, 55, 56, 58, 60, 62, 64, 66, 68, 71, 72, 74}
496: {1, 3, 5, 7, 9, 12, 14, 15, 17, 19, 21, 23, 25, 28, 29, 31, 34, 36, 38, 40, 42, 44, 46, 48, 50, 52, 55, 56, 58, 60, 62, 64, 66, 68, 70, 72, 74}
497: {1, 3, 5, 7, 9, 12, 14, 15, 17, 19, 21, 23, 25, 28, 29, 31, 34, 36, 38, 40, 42, 44, 46, 48, 50, 52, 55, 56, 58, 60, 62, 64, 66, 68, 71, 72, 74}
501: {1, 3, 5, 7, 9, 12, 14, 15, 17, 19, 21, 23, 25, 28, 29, 31, 34, 36, 38, 40, 42, 44, 46, 48, 50, 52, 55, 56, 58, 60, 62, 64, 66, 69, 71, 72, 74}
505: {1, 3, 5, 7, 9, 12, 14, 16, 17, 20, 21, 23, 25, 28, 29, 31, 34, 36, 38, 40, 42, 44, 47, 48, 50, 52, 55, 56, 58, 60, 62, 64, 66, 68, 70, 72, 74}
514: {1, 3, 5, 7, 9, 12, 14, 15, 17, 19, 21, 23, 25, 28, 29, 31, 34, 36, 39, 40, 42, 44, 46, 48, 51, 52, 55, 56, 58, 60, 62, 64, 66, 69, 71, 72, 74}
517: {1, 3, 5, 7, 9, 12, 14, 16, 18, 20, 21, 23, 25, 28, 29, 31, 34, 36, 38, 40, 42, 44, 46, 48, 51, 52, 55, 56, 58, 60, 62, 64, 66, 68, 70, 72, 74}
518: {1, 3, 5, 7, 9, 11, 14, 15, 17, 19, 21, 23, 25, 28, 29, 31, 34, 36, 38, 40, 42, 44, 46, 49, 50, 52, 55, 56, 58, 60, 62, 64, 66, 68, 70, 72, 74}
520: {1, 3, 5, 7, 9, 11, 14, 15, 17, 19, 21, 23, 25, 28, 29, 31, 34, 36, 38, 40, 42, 44, 46, 49, 51, 52, 55, 56, 58, 60, 62, 64, 66, 68, 70, 72, 74}
540: {1, 3, 5, 7, 9, 11, 13, 15, 17, 19, 21, 23, 26, 27, 29, 31, 34, 36, 38, 40, 42, 44, 46, 48, 51, 52, 55, 56, 58, 60, 63, 64, 66, 68, 70, 72, 74}
559: {1, 3, 5, 7, 9, 11, 14, 15, 17, 19, 21, 23, 26, 28, 29, 31, 34, 36, 38, 40, 42, 44, 46, 48, 51, 52, 55, 56, 58, 60, 62, 64, 66, 68, 70, 72, 74}
562: {1, 3, 5, 7, 9, 11, 13, 15, 17, 19, 21, 23, 25, 27, 29, 31, 34, 36, 38, 40, 42, 44, 46, 48, 51, 52, 54, 56, 58, 60, 62, 64, 66, 68, 70, 72, 75}
565: {1, 3, 5, 7, 9, 11, 13, 15, 17, 19, 21, 23, 25, 27, 29, 31, 34, 36, 39, 40, 42, 44, 46, 48, 50, 52, 54, 56, 58, 60, 62, 64, 66, 68, 71, 72, 75}
566: {1, 3, 6, 7, 9, 11, 13, 15, 17, 19, 21, 23, 25, 27, 29, 31, 34, 36, 39, 40, 42, 44, 46, 48, 50, 52, 54, 56, 58, 60, 62, 64, 66, 68, 71, 72, 75}
590: {1, 3, 5, 7, 9, 12, 14, 16, 17, 19, 21, 23, 25, 27, 29, 31, 34, 36, 39, 40, 42, 44, 46, 48, 51, 52, 54, 56, 58, 60, 62, 64, 66, 68, 71, 72, 75}
596: {1, 3, 5, 7, 9, 11, 13, 15, 17, 19, 21, 23, 25, 27, 29, 31, 34, 36, 38, 40, 42, 44, 46, 48, 50, 52, 55, 56, 58, 60, 62, 64, 66, 68, 70, 72, 75}
635: {1, 3, 5, 7, 9, 11, 14, 15, 17, 19, 21, 23, 25, 27, 29, 31, 34, 36, 39, 40, 42, 44, 46, 48, 50, 52, 55, 56, 58, 60, 62, 64, 66, 69, 71, 72, 75}
639: {1, 3, 5, 7, 9, 11, 14, 15, 17, 19, 21, 23, 25, 27, 29, 31, 34, 36, 39, 40, 42, 44, 46, 48, 51, 52, 55, 56, 58, 60, 62, 64, 66, 68, 71, 72, 75}
660: {1, 3, 5, 7, 9, 11, 14, 15, 17, 19, 21, 23, 25, 28, 29, 31, 34, 36, 38, 40, 42, 44, 46, 48, 51, 52, 54, 56, 58, 60, 62, 64, 66, 68, 70, 72, 75}
688: {1, 3, 5, 7, 9, 11, 13, 15, 17, 19, 21, 23, 26, 27, 29, 31, 34, 36, 39, 40, 42, 44, 46, 48, 51, 52, 54, 56, 58, 60, 62, 64, 66, 68, 71, 72, 75}
701: {1, 3, 5, 7, 9, 11, 13, 15, 17, 19, 21, 23, 26, 28, 29, 31, 34, 36, 38, 40, 42, 44, 46, 48, 50, 52, 55, 56, 58, 60, 62, 64, 66, 68, 70, 72, 75}
708: {1, 3, 5, 7, 9, 11, 13, 15, 17, 20, 21, 23, 25, 27, 29, 31, 34, 36, 38, 40, 42, 45, 47, 48, 51, 52, 54, 56, 58, 60, 62, 64, 66, 68, 70, 72, 74}
725: {1, 3, 5, 7, 9, 11, 13, 15, 17, 19, 21, 23, 25, 27, 29, 31, 34, 36, 38, 40, 42, 45, 46, 48, 50, 52, 55, 56, 58, 60, 62, 64, 66, 68, 70, 72, 74}
727: {1, 3, 5, 7, 9, 11, 13, 15, 17, 20, 21, 23, 25, 27, 29, 31, 34, 36, 38, 40, 42, 45, 47, 48, 50, 52, 55, 56, 58, 60, 62, 64, 66, 68, 70, 72, 74}
728: {1, 3, 5, 7, 9, 11, 13, 15, 17, 20, 21, 23, 25, 27, 29, 31, 34, 36, 38, 40, 42, 45, 47, 48, 50, 52, 55, 56, 58, 60, 62, 64, 66, 69, 70, 72, 74}
738: {1, 3, 5, 7, 9, 11, 13, 15, 17, 19, 21, 23, 25, 27, 29, 31, 34, 36, 39, 40, 42, 45, 46, 48, 51, 52, 55, 56, 58, 60, 62, 64, 66, 68, 71, 72, 74}
744: {1, 3, 5, 7, 9, 11, 14, 15, 17, 20, 21, 23, 25, 27, 29, 31, 34, 36, 38, 40, 42, 45, 47, 48, 50, 52, 55, 56, 58, 60, 62, 64, 66, 68, 70, 72, 74}
753: {1, 3, 5, 7, 9, 12, 14, 15, 17, 19, 21, 23, 25, 27, 29, 31, 34, 36, 39, 40, 42, 45, 46, 48, 50, 52, 55, 56, 58, 60, 62, 64, 66, 69, 71, 72, 74}
779: {1, 3, 5, 7, 9, 11, 13, 15, 17, 20, 21, 23, 26, 27, 29, 31, 34, 36, 38, 40, 42, 45, 47, 48, 50, 52, 54, 56, 58, 60, 62, 64, 66, 68, 70, 72, 74}
781: {1, 3, 5, 7, 9, 11, 14, 15, 17, 19, 21, 23, 26, 27, 29, 31, 34, 36, 38, 40, 42, 45, 46, 48, 50, 52, 54, 56, 58, 60, 62, 64, 66, 69, 70, 72, 74}
783: {1, 3, 5, 7, 9, 11, 14, 15, 17, 19, 21, 23, 26, 27, 29, 31, 34, 36, 39, 40, 42, 45, 46, 48, 50, 52, 54, 56, 58, 60, 62, 64, 66, 68, 71, 72, 74}
796: {1, 3, 5, 7, 9, 11, 13, 15, 17, 19, 21, 23, 25, 27, 29, 31, 34, 36, 38, 40, 42, 45, 46, 48, 50, 52, 54, 56, 58, 60, 62, 64, 66, 68, 70, 72, 75}
803: {1, 3, 5, 7, 9, 12, 13, 15, 17, 19, 21, 23, 25, 27, 29, 31, 34, 36, 39, 40, 42, 45, 46, 48, 50, 52, 54, 56, 58, 60, 62, 64, 66, 69, 71, 72, 75}
852: {1, 3, 5, 7, 9, 11, 13, 15, 17, 19, 22, 24, 25, 28, 29, 31, 34, 36, 38, 40, 42, 45, 46, 48, 50, 52, 54, 56, 58, 60, 62, 64, 66, 69, 70, 72, 74}
857: {1, 3, 5, 7, 9, 12, 14, 15, 17, 19, 22, 23, 25, 28, 29, 31, 34, 36, 38, 40, 42, 45, 46, 48, 50, 52, 54, 56, 58, 60, 62, 64, 66, 68, 70, 72, 74}
869: {1, 3, 5, 7, 9, 12, 13, 15, 17, 19, 22, 23, 25, 28, 29, 31, 34, 36, 38, 40, 42, 45, 46, 48, 51, 52, 55, 56, 58, 60, 62, 64, 66, 68, 70, 72, 74}
873: {1, 3, 5, 7, 9, 11, 14, 15, 17, 19, 22, 23, 25, 28, 29, 31, 34, 36, 38, 40, 42, 45, 46, 48, 51, 52, 55, 56, 58, 60, 62, 64, 66, 68, 70, 72, 74}
876: {1, 3, 5, 7, 9, 11, 13, 15, 17, 19, 22, 23, 26, 28, 29, 31, 34, 36, 38, 40, 42, 45, 46, 48, 50, 52, 54, 56, 58, 60, 62, 64, 66, 68, 70, 72, 74}
917: {2, 3, 5, 7, 10, 12, 13, 15, 17, 19, 21, 24, 25, 27, 29, 31, 34, 36, 38, 40, 42, 44, 46, 48, 50, 52, 54, 56, 58, 60, 62, 64, 66, 68, 70, 73, 74}
920: {2, 3, 5, 7, 9, 11, 13, 16, 17, 19, 21, 24, 25, 27, 29, 31, 34, 36, 38, 40, 42, 44, 46, 48, 50, 52, 54, 56, 58, 60, 62, 64, 66, 68, 70, 73, 74}
931: {2, 3, 5, 7, 9, 12, 13, 15, 17, 20, 21, 24, 25, 27, 29, 31, 34, 36, 38, 40, 42, 44, 47, 48, 50, 52, 54, 56, 58, 60, 62, 64, 66, 68, 70, 73, 74}
933: {2, 3, 5, 7, 9, 11, 13, 15, 17, 20, 21, 24, 25, 27, 29, 31, 34, 36, 38, 40, 42, 44, 47, 48, 50, 52, 54, 56, 58, 60, 62, 65, 66, 68, 70, 73, 74}
967: {2, 3, 5, 7, 9, 11, 13, 15, 17, 19, 21, 24, 25, 27, 29, 31, 34, 36, 39, 40, 43, 44, 46, 48, 51, 52, 54, 56, 58, 60, 62, 64, 66, 68, 71, 73, 74}
979: {2, 3, 5, 7, 9, 12, 13, 16, 18, 20, 21, 24, 25, 27, 29, 33, 34, 36, 38, 40, 42, 44, 46, 48, 50, 52, 54, 56, 58, 60, 62, 64, 66, 68, 70, 72, 74}
995: {2, 3, 5, 7, 9, 11, 14, 16, 17, 19, 21, 24, 25, 27, 29, 31, 34, 36, 38, 40, 43, 44, 46, 48, 50, 52, 54, 56, 58, 60, 62, 65, 66, 69, 70, 73, 74}
999: {2, 4, 5, 7, 9, 11, 14, 15, 17, 19, 21, 24, 25, 27, 29, 31, 34, 36, 38, 40, 42, 44, 46, 48, 50, 52, 54, 56, 58, 60, 62, 65, 66, 69, 70, 73, 74}
1001: {2, 3, 5, 7, 10, 11, 14, 15, 17, 19, 21, 23, 25, 27, 29, 31, 34, 36, 39, 40, 42, 44, 46, 48, 50, 52, 54, 56, 58, 60, 62, 64, 66, 69, 71, 72, 74}
1033: {2, 3, 5, 7, 9, 11, 14, 16, 17, 19, 21, 23, 25, 27, 29, 31, 35, 36, 38, 40, 42, 44, 46, 48, 50, 52, 55, 56, 58, 60, 62, 64, 66, 69, 71, 72, 74}
1037: {2, 3, 5, 7, 9, 11, 14, 15, 17, 19, 21, 23, 25, 27, 29, 31, 34, 36, 38, 40, 42, 44, 46, 48, 51, 52, 55, 56, 58, 60, 62, 64, 66, 69, 70, 72, 74}
1038: {2, 3, 5, 7, 9, 12, 14, 16, 17, 19, 21, 23, 25, 27, 29, 31, 34, 36, 38, 40, 42, 44, 46, 48, 51, 52, 55, 56, 58, 60, 62, 64, 66, 69, 70, 72, 74}
1044: {2, 3, 5, 7, 9, 12, 14, 16, 18, 20, 21, 23, 25, 27, 29, 31, 34, 36, 38, 40, 42, 44, 46, 48, 50, 52, 55, 56, 58, 60, 62, 64, 66, 69, 70, 72, 74}
1049: {2, 3, 5, 7, 9, 12, 13, 15, 17, 19, 21, 23, 25, 28, 29, 31, 34, 36, 38, 40, 42, 44, 46, 48, 50, 52, 54, 56, 58, 60, 62, 64, 66, 69, 70, 72, 74}
1089: {2, 3, 5, 7, 9, 12, 13, 16, 18, 20, 21, 24, 25, 28, 29, 31, 34, 36, 38, 40, 42, 44, 46, 48, 50, 52, 54, 56, 58, 60, 62, 64, 66, 68, 70, 73, 74}
1101: {2, 3, 5, 7, 10, 12, 14, 15, 17, 19, 21, 23, 25, 28, 29, 31, 34, 36, 38, 40, 42, 44, 46, 48, 50, 52, 54, 56, 58, 60, 62, 64, 66, 69, 70, 72, 74}
1104: {2, 3, 5, 7, 9, 12, 14, 16, 17, 20, 21, 23, 25, 28, 29, 31, 34, 36, 38, 40, 42, 44, 47, 48, 50, 52, 54, 56, 58, 60, 62, 64, 66, 69, 70, 72, 74}
1110: {2, 3, 5, 7, 9, 11, 14, 15, 17, 20, 21, 23, 25, 28, 29, 31, 34, 36, 38, 40, 42, 44, 47, 48, 51, 52, 54, 56, 58, 60, 62, 64, 66, 69, 70, 72, 74}
1113: {2, 3, 5, 7, 9, 11, 14, 16, 18, 20, 21, 23, 25, 28, 29, 31, 34, 36, 38, 40, 42, 44, 46, 48, 51, 52, 54, 56, 58, 60, 62, 64, 66, 69, 70, 72, 74}
1125: {2, 3, 5, 7, 9, 12, 13, 16, 17, 19, 21, 23, 25, 28, 29, 31, 34, 36, 38, 40, 42, 44, 46, 48, 51, 52, 55, 56, 58, 60, 62, 64, 66, 69, 70, 72, 74}
1150: {2, 3, 5, 7, 9, 11, 13, 15, 17, 19, 21, 23, 26, 27, 29, 31, 34, 36, 38, 40, 42, 44, 46, 48, 50, 52, 55, 56, 58, 60, 62, 64, 66, 69, 70, 72, 74}
1158: {2, 3, 5, 7, 9, 11, 13, 15, 17, 20, 21, 23, 26, 28, 29, 31, 34, 36, 38, 40, 42, 44, 47, 48, 51, 52, 54, 56, 58, 60, 62, 64, 66, 69, 70, 72, 74}
1165: {2, 3, 5, 7, 9, 11, 14, 15, 17, 19, 21, 23, 26, 28, 29, 31, 34, 36, 38, 40, 42, 44, 46, 48, 51, 52, 55, 56, 58, 60, 62, 64, 66, 69, 70, 72, 74}
1170: {2, 3, 5, 7, 9, 12, 13, 16, 17, 19, 21, 23, 25, 27, 29, 31, 34, 36, 39, 40, 42, 44, 46, 48, 50, 52, 54, 56, 58, 60, 62, 64, 66, 69, 71, 72, 75}
1176: {2, 3, 5, 7, 9, 11, 14, 15, 17, 20, 21, 23, 25, 27, 29, 31, 34, 36, 38, 40, 42, 44, 47, 48, 51, 52, 54, 56, 58, 60, 62, 64, 66, 69, 70, 72, 75}
1194: {2, 3, 5, 7, 9, 11, 13, 15, 17, 19, 21, 23, 25, 27, 29, 31, 34, 36, 38, 40, 42, 44, 46, 49, 50, 52, 55, 56, 58, 60, 62, 64, 66, 69, 70, 72, 75}
1207: {2, 3, 5, 7, 9, 11, 13, 15, 17, 19, 21, 23, 25, 28, 29, 31, 34, 36, 38, 40, 42, 44, 46, 48, 51, 52, 54, 56, 58, 60, 62, 64, 66, 69, 70, 72, 75}
1216: {2, 3, 5, 7, 9, 11, 14, 15, 17, 20, 21, 23, 25, 28, 29, 31, 34, 36, 38, 40, 42, 44, 47, 48, 51, 52, 54, 56, 58, 60, 62, 64, 66, 69, 70, 72, 75}
1218: {2, 3, 5, 7, 9, 11, 13, 15, 17, 19, 21, 23, 25, 28, 29, 31, 34, 36, 38, 40, 42, 44, 46, 48, 50, 52, 55, 57, 58, 60, 62, 64, 66, 69, 70, 72, 75}
1232: {2, 3, 5, 7, 9, 11, 14, 15, 17, 19, 21, 23, 26, 27, 29, 31, 34, 36, 38, 40, 42, 44, 46, 48, 51, 52, 55, 56, 58, 60, 62, 64, 66, 69, 70, 72, 75}
1239: {2, 3, 5, 7, 9, 12, 13, 16, 17, 19, 22, 23, 25, 27, 29, 31, 34, 36, 38, 40, 42, 44, 46, 48, 50, 52, 54, 56, 58, 60, 62, 64, 66, 68, 70, 72, 74}
1241: {2, 3, 5, 7, 9, 12, 13, 16, 17, 19, 22, 23, 25, 27, 29, 31, 34, 36, 38, 40, 42, 44, 46, 48, 50, 52, 54, 56, 58, 60, 62, 64, 66, 69, 70, 72, 74}
1253: {2, 3, 5, 7, 9, 11, 13, 15, 17, 19, 22, 24, 25, 27, 29, 31, 34, 36, 38, 40, 42, 44, 46, 48, 51, 52, 54, 56, 58, 60, 62, 64, 66, 69, 70, 72, 74}
1283: {2, 3, 5, 7, 9, 11, 13, 15, 17, 19, 22, 24, 25, 27, 29, 33, 34, 36, 38, 40, 42, 44, 46, 48, 51, 52, 54, 56, 58, 60, 62, 64, 66, 69, 70, 73, 74}
1299: {2, 3, 5, 7, 9, 12, 13, 16, 18, 20, 22, 23, 25, 27, 29, 31, 34, 36, 38, 40, 42, 44, 46, 48, 50, 52, 54, 56, 58, 60, 62, 64, 66, 69, 71, 72, 74}
1301: {2, 3, 5, 7, 9, 12, 13, 16, 18, 20, 22, 24, 25, 27, 29, 31, 34, 36, 38, 40, 42, 44, 46, 48, 50, 52, 54, 56, 58, 60, 62, 64, 66, 69, 70, 72, 74}
1305: {2, 3, 5, 7, 9, 11, 13, 16, 18, 20, 22, 24, 25, 27, 29, 31, 34, 36, 39, 40, 42, 44, 46, 48, 50, 52, 54, 56, 58, 60, 62, 64, 66, 69, 70, 72, 74}
1315: {2, 3, 5, 7, 9, 12, 14, 16, 17, 19, 22, 23, 25, 27, 29, 31, 34, 36, 38, 40, 42, 44, 46, 48, 50, 52, 54, 56, 58, 60, 62, 64, 66, 69, 70, 72, 74}
1322: {2, 3, 5, 7, 9, 11, 14, 15, 17, 19, 22, 24, 25, 27, 29, 31, 34, 36, 38, 40, 42, 44, 46, 48, 50, 52, 54, 56, 58, 60, 62, 64, 66, 68, 70, 72, 74}
1333: {2, 3, 5, 7, 9, 11, 14, 16, 17, 19, 22, 24, 25, 27, 29, 31, 34, 36, 38, 40, 43, 44, 46, 48, 50, 52, 54, 56, 58, 60, 62, 64, 66, 69, 70, 73, 74}
1337: {2, 3, 5, 7, 9, 11, 14, 15, 17, 19, 22, 24, 25, 27, 29, 33, 34, 36, 38, 40, 42, 44, 46, 48, 50, 52, 54, 56, 58, 60, 62, 64, 66, 68, 70, 72, 74}
1360: {2, 3, 5, 7, 9, 12, 14, 16, 18, 20, 22, 23, 25, 27, 29, 31, 34, 36, 38, 40, 42, 44, 46, 48, 50, 52, 54, 56, 58, 60, 62, 64, 66, 69, 70, 72, 74}
1376: {2, 3, 5, 7, 9, 11, 14, 15, 18, 20, 22, 24, 25, 27, 29, 32, 34, 36, 38, 40, 42, 44, 46, 48, 50, 52, 54, 56, 58, 60, 62, 64, 66, 68, 70, 73, 74}
1382: {2, 3, 5, 7, 9, 11, 13, 15, 17, 19, 22, 23, 25, 27, 29, 31, 34, 36, 38, 40, 42, 44, 46, 48, 50, 52, 55, 56, 58, 60, 62, 64, 66, 68, 70, 72, 74}
1395: {2, 3, 6, 7, 9, 11, 14, 15, 17, 19, 22, 23, 25, 27, 29, 31, 34, 36, 39, 40, 42, 44, 46, 48, 51, 52, 55, 56, 58, 60, 62, 64, 66, 69, 70, 72, 74}
1402: {2, 3, 5, 7, 9, 12, 14, 15, 18, 20, 22, 23, 25, 27, 29, 31, 34, 36, 39, 40, 42, 44, 46, 48, 50, 52, 55, 56, 58, 60, 62, 64, 66, 68, 70, 72, 74}
1404: {2, 3, 5, 7, 9, 11, 13, 15, 17, 19, 22, 23, 25, 28, 29, 31, 34, 36, 38, 40, 42, 44, 46, 48, 50, 52, 54, 56, 58, 60, 62, 64, 66, 68, 70, 72, 74}
1409: {2, 3, 5, 7, 9, 11, 13, 15, 17, 19, 22, 23, 25, 28, 29, 31, 34, 36, 38, 40, 42, 44, 46, 48, 51, 52, 54, 56, 58, 60, 62, 64, 66, 69, 70, 72, 74}
1412: {2, 3, 5, 7, 9, 11, 13, 16, 17, 19, 22, 24, 25, 28, 29, 31, 34, 36, 38, 40, 42, 44, 46, 48, 50, 52, 54, 56, 58, 60, 62, 64, 66, 68, 70, 72, 74}
1418: {2, 3, 5, 7, 9, 11, 13, 15, 17, 19, 22, 24, 25, 28, 29, 31, 34, 36, 38, 40, 42, 44, 46, 48, 51, 52, 54, 56, 58, 60, 62, 64, 66, 69, 70, 72, 74}
1437: {2, 3, 5, 7, 9, 12, 13, 16, 18, 20, 22, 24, 25, 28, 29, 31, 34, 36, 38, 40, 42, 44, 46, 48, 50, 52, 54, 56, 58, 60, 62, 64, 66, 68, 70, 72, 74}
1445: {2, 3, 5, 7, 9, 11, 14, 15, 17, 19, 22, 23, 25, 28, 29, 31, 34, 36, 38, 40, 42, 44, 46, 48, 50, 52, 54, 56, 58, 60, 62, 64, 66, 69, 70, 72, 74}
1467: {2, 3, 5, 7, 9, 11, 14, 16, 17, 19, 22, 24, 25, 28, 29, 31, 34, 36, 38, 40, 42, 44, 46, 48, 50, 52, 54, 56, 58, 60, 62, 64, 66, 69, 70, 73, 74}
1468: {2, 3, 5, 7, 9, 12, 14, 16, 17, 19, 22, 24, 25, 28, 29, 31, 34, 36, 38, 40, 42, 44, 46, 48, 50, 52, 54, 56, 58, 60, 62, 64, 66, 69, 70, 73, 74}
1472: {2, 3, 5, 7, 9, 11, 14, 15, 18, 20, 22, 23, 25, 28, 29, 31, 34, 36, 38, 40, 42, 44, 46, 48, 50, 52, 54, 56, 58, 60, 62, 64, 66, 68, 70, 72, 74}
1474: {2, 3, 5, 7, 9, 11, 14, 16, 18, 20, 22, 23, 25, 28, 29, 31, 34, 36, 38, 40, 42, 44, 46, 48, 50, 52, 54, 56, 58, 60, 62, 64, 66, 68, 70, 72, 74}
1501: {2, 3, 5, 7, 9, 11, 14, 15, 17, 19, 22, 23, 25, 28, 29, 31, 34, 36, 38, 40, 42, 44, 46, 48, 50, 52, 55, 56, 58, 60, 62, 64, 66, 69, 70, 72, 74}
1504: {2, 3, 5, 7, 10, 11, 14, 15, 17, 19, 22, 23, 25, 28, 29, 31, 34, 36, 38, 40, 42, 44, 46, 48, 51, 52, 55, 56, 58, 60, 62, 64, 66, 68, 70, 72, 74}
1521: {2, 3, 5, 7, 9, 11, 13, 15, 17, 19, 22, 23, 26, 27, 29, 31, 34, 36, 38, 40, 42, 44, 46, 48, 51, 52, 55, 56, 58, 60, 62, 64, 66, 68, 70, 72, 74}
1522: {2, 3, 5, 7, 9, 11, 13, 15, 17, 19, 22, 23, 26, 28, 29, 31, 34, 36, 38, 40, 42, 44, 46, 48, 50, 52, 54, 56, 58, 60, 62, 64, 66, 68, 70, 72, 74}
1523: {2, 3, 5, 7, 9, 11, 13, 15, 17, 19, 22, 23, 26, 28, 29, 31, 34, 36, 38, 40, 42, 44, 46, 48, 50, 52, 54, 56, 58, 60, 62, 64, 66, 69, 70, 72, 74}
1530: {2, 3, 5, 7, 9, 11, 13, 15, 17, 19, 22, 23, 26, 28, 29, 31, 34, 36, 38, 40, 42, 44, 46, 48, 51, 52, 55, 56, 58, 60, 62, 64, 66, 68, 70, 72, 74}
1532: {2, 3, 5, 7, 9, 11, 14, 15, 17, 19, 22, 23, 26, 28, 29, 31, 34, 36, 38, 40, 42, 44, 46, 48, 50, 52, 55, 56, 58, 60, 62, 64, 66, 69, 70, 72, 74}
1534: {2, 3, 5, 7, 9, 11, 13, 15, 17, 19, 22, 23, 25, 27, 29, 31, 34, 36, 38, 40, 42, 44, 46, 48, 50, 52, 54, 56, 58, 60, 62, 64, 66, 68, 70, 72, 75}
1539: {2, 3, 5, 7, 9, 11, 13, 16, 18, 20, 22, 23, 25, 27, 29, 31, 34, 36, 38, 40, 42, 44, 46, 48, 50, 52, 54, 56, 58, 60, 62, 64, 66, 68, 71, 72, 75}
1546: {2, 3, 5, 7, 9, 11, 14, 15, 17, 19, 22, 23, 25, 27, 29, 31, 34, 36, 38, 40, 42, 44, 46, 48, 51, 52, 54, 56, 58, 60, 62, 64, 66, 68, 70, 72, 75}
1555: {2, 3, 5, 7, 9, 11, 13, 15, 17, 19, 22, 23, 25, 27, 29, 31, 34, 36, 38, 40, 42, 44, 46, 48, 51, 52, 55, 56, 58, 60, 62, 64, 66, 68, 70, 72, 75}
1560: {2, 3, 5, 7, 9, 11, 14, 15, 17, 19, 22, 23, 25, 27, 29, 31, 34, 36, 38, 40, 42, 44, 46, 48, 50, 52, 55, 56, 58, 60, 62, 64, 66, 68, 70, 72, 75}
1573: {2, 3, 5, 7, 9, 12, 13, 16, 17, 19, 22, 23, 25, 28, 29, 31, 34, 36, 38, 40, 42, 44, 46, 48, 50, 52, 54, 56, 58, 60, 62, 64, 66, 68, 70, 72, 75}
1588: {2, 3, 5, 7, 9, 12, 14, 16, 17, 19, 22, 23, 25, 28, 29, 31, 34, 36, 38, 40, 42, 44, 46, 48, 50, 52, 55, 56, 58, 60, 62, 64, 66, 68, 70, 72, 75}
1592: {2, 3, 5, 7, 9, 11, 13, 15, 17, 19, 22, 23, 26, 27, 29, 31, 34, 36, 38, 40, 42, 44, 46, 48, 50, 52, 54, 56, 58, 60, 62, 64, 66, 68, 71, 72, 75}
1611: {1, 4, 5, 7, 9, 12, 13, 15, 17, 20, 21, 24, 25, 28, 29, 31, 34, 36, 38, 40, 42, 44, 47, 48, 50, 52, 54, 56, 58, 60, 62, 64, 66, 68, 71, 73, 74}
1628: {1, 4, 5, 7, 10, 11, 14, 15, 17, 19, 21, 24, 25, 28, 29, 33, 34, 36, 38, 40, 42, 44, 46, 48, 50, 52, 54, 56, 58, 60, 62, 64, 66, 68, 71, 72, 74}
1659: {1, 3, 5, 7, 10, 12, 14, 15, 17, 20, 21, 23, 25, 28, 29, 31, 34, 36, 38, 40, 42, 44, 47, 48, 50, 52, 55, 56, 58, 60, 62, 64, 66, 68, 70, 72, 74}
1669: {1, 3, 5, 7, 9, 12, 13, 16, 17, 19, 21, 24, 25, 27, 29, 32, 34, 36, 38, 40, 43, 44, 46, 48, 50, 52, 54, 56, 58, 60, 62, 65, 66, 68, 70, 72, 74}
1678: {1, 4, 5, 7, 9, 11, 13, 15, 17, 19, 21, 24, 25, 27, 29, 31, 34, 36, 38, 40, 43, 44, 46, 48, 51, 52, 54, 57, 58, 60, 62, 65, 66, 68, 70, 73, 74}
1684: {1, 4, 5, 7, 9, 11, 13, 15, 17, 19, 21, 24, 25, 27, 29, 32, 34, 36, 38, 40, 42, 44, 46, 48, 50, 52, 54, 56, 58, 60, 62, 65, 66, 68, 70, 73, 74}
1705: {1, 3, 6, 7, 9, 11, 13, 15, 17, 19, 21, 23, 25, 27, 29, 31, 34, 36, 39, 40, 42, 44, 46, 48, 50, 52, 54, 56, 58, 60, 62, 65, 67, 68, 70, 73, 74}
1708: {1, 3, 5, 7, 9, 11, 13, 15, 17, 19, 21, 24, 25, 27, 29, 31, 34, 36, 39, 41, 42, 44, 46, 48, 51, 52, 54, 56, 58, 60, 63, 65, 66, 68, 71, 72, 74}
1719: {1, 3, 5, 7, 10, 12, 13, 15, 17, 20, 21, 24, 25, 27, 29, 31, 34, 36, 39, 40, 43, 44, 47, 48, 50, 52, 54, 56, 58, 60, 62, 65, 66, 68, 71, 72, 74}
1742: {1, 3, 5, 7, 9, 12, 13, 16, 18, 20, 21, 24, 25, 27, 29, 32, 34, 36, 39, 40, 42, 44, 46, 48, 51, 52, 54, 56, 58, 60, 62, 64, 66, 68, 71, 72, 74}
1761: {1, 3, 5, 7, 9, 11, 14, 15, 17, 20, 21, 24, 25, 27, 29, 32, 34, 36, 38, 40, 43, 44, 47, 48, 51, 52, 54, 56, 58, 60, 62, 65, 66, 68, 70, 72, 74}
1762: {1, 3, 5, 7, 9, 12, 14, 16, 17, 20, 21, 24, 25, 27, 29, 31, 34, 36, 38, 40, 43, 44, 47, 48, 51, 52, 54, 56, 58, 60, 62, 65, 66, 68, 70, 72, 74}
1763: {1, 3, 5, 7, 10, 11, 14, 15, 17, 19, 21, 24, 25, 27, 29, 32, 34, 36, 38, 40, 43, 44, 46, 48, 50, 52, 54, 56, 58, 60, 62, 65, 66, 68, 70, 72, 74}
1768: {1, 3, 5, 7, 10, 11, 14, 15, 17, 20, 21, 24, 25, 27, 29, 31, 34, 36, 38, 40, 43, 44, 47, 48, 50, 52, 54, 56, 58, 60, 62, 65, 66, 68, 70, 72, 74}
1784: {1, 4, 5, 7, 9, 12, 14, 15, 17, 20, 21, 24, 25, 27, 29, 31, 34, 36, 38, 40, 42, 44, 47, 48, 50, 52, 54, 56, 58, 60, 62, 65, 66, 68, 70, 73, 74}
1794: {1, 3, 5, 7, 9, 11, 14, 15, 17, 19, 21, 24, 25, 27, 29, 31, 34, 36, 39, 40, 43, 44, 46, 48, 51, 52, 54, 56, 58, 60, 62, 65, 66, 68, 71, 73, 74}
1813: {1, 3, 5, 7, 9, 11, 14, 15, 17, 19, 21, 24, 25, 27, 29, 32, 34, 36, 39, 40, 43, 44, 46, 48, 51, 52, 54, 56, 58, 60, 62, 65, 66, 68, 71, 72, 74}
1823: {1, 3, 5, 7, 9, 11, 14, 15, 17, 19, 21, 24, 25, 27, 29, 32, 34, 36, 39, 40, 43, 44, 46, 48, 50, 52, 54, 56, 58, 60, 62, 65, 66, 68, 70, 72, 74}
1847: {1, 4, 5, 7, 9, 12, 14, 16, 18, 20, 21, 24, 25, 27, 29, 31, 34, 36, 38, 40, 42, 44, 46, 48, 50, 52, 54, 56, 58, 60, 62, 64, 66, 68, 70, 73, 74}
1849: {1, 4, 5, 7, 10, 11, 14, 16, 18, 20, 21, 24, 25, 27, 29, 31, 34, 36, 38, 40, 43, 44, 46, 48, 51, 52, 54, 56, 58, 60, 62, 64, 66, 68, 71, 72, 74}
1851: {1, 4, 5, 7, 9, 12, 14, 16, 18, 20, 21, 24, 25, 27, 29, 31, 34, 36, 38, 40, 42, 44, 46, 48, 50, 52, 54, 56, 58, 60, 62, 64, 66, 68, 71, 72, 74}
1863: {1, 4, 5, 7, 9, 12, 14, 16, 18, 20, 21, 24, 25, 27, 29, 32, 34, 36, 39, 40, 42, 44, 46, 48, 50, 52, 54, 56, 58, 60, 62, 64, 66, 68, 71, 73, 74}
1868: {1, 4, 5, 7, 9, 11, 14, 15, 17, 19, 21, 24, 25, 27, 29, 31, 34, 37, 38, 40, 42, 44, 46, 49, 50, 52, 54, 56, 58, 60, 62, 65, 66, 68, 70, 72, 74}
1885: {1, 4, 5, 7, 9, 11, 13, 15, 17, 19, 21, 24, 26, 27, 29, 31, 34, 36, 38, 40, 43, 44, 46, 48, 51, 52, 54, 56, 58, 60, 63, 65, 66, 68, 70, 73, 74}
1887: {1, 3, 5, 7, 9, 11, 13, 15, 17, 19, 21, 24, 26, 27, 29, 32, 34, 36, 39, 40, 42, 44, 46, 48, 51, 52, 54, 56, 58, 60, 62, 64, 66, 68, 70, 73, 74}
1891: {1, 4, 5, 7, 9, 11, 13, 16, 18, 20, 21, 24, 26, 27, 29, 31, 34, 36, 38, 40, 43, 44, 46, 48, 51, 52, 54, 57, 58, 60, 62, 65, 66, 68, 70, 73, 74}
1894: {1, 3, 5, 7, 9, 11, 13, 15, 17, 19, 21, 24, 26, 27, 29, 31, 34, 36, 39, 40, 42, 44, 46, 49, 50, 52, 54, 56, 58, 60, 62, 65, 66, 68, 71, 73, 74}
1896: {1, 3, 5, 7, 9, 11, 13, 15, 17, 19, 21, 24, 26, 27, 29, 31, 34, 37, 38, 40, 43, 44, 46, 49, 51, 52, 54, 56, 58, 60, 62, 65, 66, 68, 70, 72, 74}
1921: {1, 3, 6, 7, 9, 11, 14, 15, 17, 19, 21, 23, 25, 28, 29, 31, 34, 36, 39, 40, 42, 44, 46, 48, 51, 52, 54, 56, 58, 60, 62, 64, 66, 68, 71, 72, 75}
1923: {1, 3, 5, 7, 10, 12, 14, 16, 18, 20, 21, 23, 25, 28, 29, 31, 34, 36, 38, 40, 42, 44, 46, 48, 51, 52, 54, 56, 58, 60, 62, 64, 66, 68, 71, 72, 75}
1934: {1, 3, 5, 7, 9, 11, 13, 15, 17, 20, 21, 23, 25, 28, 29, 31, 34, 37, 38, 40, 42, 44, 47, 49, 50, 52, 55, 56, 58, 60, 62, 64, 66, 68, 70, 72, 75}
1938: {1, 3, 5, 7, 9, 12, 14, 16, 17, 20, 21, 23, 25, 28, 29, 31, 34, 36, 38, 40, 42, 44, 47, 48, 51, 52, 55, 56, 58, 60, 62, 64, 66, 68, 70, 72, 75}
1948: {1, 3, 5, 8, 9, 12, 14, 16, 17, 19, 21, 23, 25, 27, 29, 31, 34, 36, 39, 40, 42, 44, 46, 48, 51, 52, 54, 56, 58, 60, 62, 64, 66, 68, 71, 72, 75}
1949: {1, 3, 5, 7, 9, 12, 14, 16, 18, 20, 21, 23, 25, 27, 29, 31, 34, 36, 39, 40, 42, 44, 46, 48, 51, 52, 54, 56, 58, 60, 62, 64, 66, 68, 71, 72, 75}
1955: {1, 3, 6, 8, 9, 11, 14, 15, 17, 19, 21, 23, 25, 27, 29, 31, 34, 36, 38, 40, 42, 44, 46, 48, 51, 52, 55, 56, 58, 60, 62, 64, 66, 68, 71, 72, 75}
1957: {1, 3, 5, 8, 9, 11, 14, 16, 17, 19, 21, 23, 25, 27, 29, 31, 34, 36, 38, 40, 42, 44, 46, 48, 51, 52, 55, 56, 58, 60, 62, 64, 66, 68, 71, 72, 75}
1965: {1, 3, 5, 7, 9, 11, 14, 15, 17, 20, 21, 23, 25, 27, 29, 31, 34, 36, 39, 40, 42, 44, 47, 48, 51, 52, 55, 56, 58, 60, 62, 64, 66, 68, 71, 72, 75}
1972: {1, 3, 5, 7, 10, 12, 14, 16, 18, 20, 21, 23, 25, 27, 29, 31, 34, 36, 38, 40, 42, 44, 46, 48, 50, 52, 55, 56, 58, 60, 62, 64, 66, 68, 71, 72, 75}
1980: {1, 3, 5, 7, 9, 11, 13, 15, 17, 20, 21, 23, 26, 27, 29, 31, 34, 36, 38, 40, 42, 44, 47, 48, 51, 52, 55, 56, 58, 60, 62, 64, 66, 68, 70, 72, 75}
2007: {1, 3, 5, 7, 9, 11, 13, 15, 17, 19, 22, 24, 25, 27, 29, 32, 34, 36, 38, 40, 43, 45, 46, 48, 50, 52, 54, 56, 58, 60, 62, 65, 66, 69, 71, 73, 74}
2013: {1, 3, 5, 7, 9, 11, 13, 15, 17, 19, 22, 24, 25, 27, 29, 31, 34, 36, 38, 40, 43, 45, 46, 48, 50, 52, 54, 56, 58, 60, 62, 65, 66, 69, 70, 72, 74}
2017: {1, 3, 6, 7, 9, 11, 13, 15, 17, 19, 22, 24, 25, 27, 29, 32, 34, 36, 39, 40, 43, 45, 46, 48, 50, 52, 54, 56, 58, 60, 62, 65, 66, 69, 70, 73, 74}
2034: {1, 3, 5, 7, 9, 11, 14, 15, 17, 19, 22, 24, 25, 27, 29, 32, 34, 36, 38, 40, 42, 45, 46, 48, 51, 52, 54, 56, 58, 60, 62, 65, 66, 69, 70, 73, 74}
2048: {1, 3, 5, 7, 9, 12, 14, 16, 17, 19, 22, 24, 25, 27, 29, 32, 34, 36, 38, 40, 43, 45, 46, 48, 50, 52, 54, 56, 58, 60, 62, 65, 66, 69, 70, 72, 74}
2054: {1, 3, 5, 7, 10, 12, 14, 15, 17, 19, 22, 23, 25, 27, 29, 31, 34, 36, 39, 40, 42, 45, 46, 48, 50, 52, 54, 56, 58, 60, 62, 64, 66, 68, 70, 72, 74}
2055: {1, 3, 5, 7, 10, 11, 14, 16, 18, 20, 22, 24, 25, 27, 29, 31, 34, 36, 38, 40, 43, 45, 46, 48, 50, 52, 54, 56, 58, 60, 62, 64, 66, 69, 70, 72, 74}
2091: {1, 3, 5, 7, 9, 12, 13, 15, 17, 19, 22, 23, 25, 27, 29, 31, 34, 36, 39, 40, 42, 45, 46, 48, 51, 52, 55, 56, 58, 60, 62, 64, 66, 68, 71, 72, 75}
2101: {1, 3, 5, 8, 9, 12, 13, 16, 18, 20, 22, 23, 25, 27, 29, 31, 34, 36, 39, 40, 42, 45, 46, 48, 51, 52, 55, 56, 58, 60, 62, 64, 66, 68, 71, 72, 75}
2115: {1, 3, 5, 7, 9, 11, 14, 15, 17, 19, 22, 23, 25, 27, 29, 31, 34, 36, 39, 40, 42, 45, 46, 48, 50, 52, 55, 56, 58, 60, 62, 64, 66, 68, 71, 72, 75}
2119: {1, 3, 5, 7, 9, 11, 13, 15, 17, 19, 22, 23, 26, 28, 29, 31, 34, 36, 38, 40, 42, 45, 46, 48, 50, 52, 55, 56, 58, 60, 62, 64, 66, 69, 70, 72, 75}
2126: {1, 3, 6, 7, 9, 11, 13, 15, 17, 19, 22, 23, 26, 27, 29, 31, 34, 36, 39, 40, 42, 45, 46, 48, 51, 52, 55, 56, 58, 60, 62, 64, 66, 69, 70, 72, 75}
2129: {1, 3, 5, 7, 9, 11, 13, 15, 17, 19, 22, 23, 26, 27, 29, 31, 34, 36, 39, 40, 42, 45, 46, 48, 50, 52, 55, 57, 58, 60, 62, 64, 66, 69, 70, 72, 75}
2130: {1, 3, 5, 7, 9, 11, 13, 15, 17, 19, 22, 23, 26, 27, 29, 31, 34, 36, 39, 40, 42, 45, 46, 48, 50, 52, 55, 56, 58, 60, 63, 64, 66, 69, 71, 72, 75}
2141: {1, 3, 5, 7, 9, 11, 13, 15, 17, 20, 21, 24, 25, 27, 29, 32, 34, 36, 38, 40, 43, 45, 47, 48, 51, 52, 54, 56, 58, 60, 62, 65, 66, 68, 70, 73, 74}
2145: {1, 3, 5, 7, 9, 11, 13, 15, 17, 20, 21, 24, 25, 27, 29, 31, 34, 36, 38, 40, 43, 45, 47, 48, 50, 52, 54, 56, 58, 60, 62, 65, 66, 69, 70, 73, 74}
2171: {1, 3, 5, 7, 9, 11, 13, 15, 17, 20, 21, 24, 25, 27, 29, 32, 34, 36, 39, 40, 43, 45, 47, 48, 51, 52, 54, 56, 58, 60, 62, 65, 66, 68, 70, 73, 74}
2186: {1, 3, 5, 7, 9, 12, 13, 15, 17, 20, 21, 24, 25, 27, 29, 31, 34, 36, 39, 40, 43, 45, 47, 48, 50, 52, 54, 56, 58, 60, 62, 65, 66, 69, 70, 73, 74}
2191: {1, 3, 5, 7, 9, 11, 13, 15, 17, 20, 21, 24, 25, 27, 29, 32, 34, 36, 39, 40, 43, 45, 47, 48, 50, 52, 54, 56, 58, 60, 62, 65, 66, 68, 70, 73, 74}
2211: {1, 3, 5, 7, 10, 12, 13, 15, 17, 19, 21, 24, 25, 27, 29, 32, 34, 36, 39, 40, 42, 45, 46, 48, 50, 52, 54, 56, 58, 60, 62, 65, 66, 68, 71, 72, 74}
2214: {1, 3, 6, 7, 9, 11, 13, 15, 17, 20, 21, 24, 25, 27, 29, 32, 34, 36, 39, 40, 43, 45, 47, 48, 50, 52, 54, 56, 58, 60, 62, 65, 66, 68, 71, 72, 74}
2217: {1, 3, 6, 7, 9, 11, 13, 15, 17, 20, 21, 24, 25, 27, 29, 32, 35, 36, 39, 40, 43, 45, 47, 48, 50, 52, 54, 56, 58, 60, 62, 65, 66, 68, 71, 72, 74}
2222: {1, 3, 5, 7, 9, 11, 14, 15, 17, 20, 21, 24, 25, 27, 29, 32, 34, 36, 38, 40, 42, 45, 47, 48, 50, 52, 54, 56, 58, 60, 62, 65, 66, 68, 70, 73, 74}
2274: {1, 3, 6, 7, 10, 12, 14, 15, 17, 20, 21, 23, 25, 27, 29, 31, 35, 36, 39, 40, 42, 45, 47, 48, 50, 52, 55, 56, 58, 60, 62, 64, 66, 68, 71, 72, 74}
2282: {1, 3, 5, 7, 9, 11, 13, 15, 17, 20, 21, 23, 26, 27, 29, 31, 34, 36, 39, 40, 42, 45, 47, 48, 50, 52, 55, 56, 58, 60, 62, 64, 66, 69, 70, 72, 74}
2297: {1, 3, 5, 7, 9, 11, 14, 15, 17, 19, 21, 23, 25, 27, 29, 31, 34, 36, 39, 40, 42, 45, 46, 48, 50, 52, 54, 56, 58, 60, 63, 64, 66, 69, 71, 72, 75}
2299: {1, 3, 5, 7, 10, 11, 14, 15, 17, 19, 21, 23, 25, 27, 29, 31, 34, 36, 39, 40, 42, 45, 46, 48, 50, 52, 54, 56, 58, 60, 62, 64, 66, 68, 71, 72, 75}
2310: {1, 3, 6, 7, 9, 11, 13, 15, 17, 20, 21, 23, 25, 27, 29, 31, 34, 36, 39, 40, 42, 45, 47, 48, 51, 52, 55, 56, 58, 60, 63, 64, 66, 69, 71, 72, 75}
2323: {1, 3, 6, 7, 9, 11, 13, 15, 17, 20, 21, 23, 25, 27, 29, 31, 34, 36, 39, 40, 42, 45, 47, 48, 50, 52, 55, 56, 58, 60, 63, 64, 66, 69, 71, 72, 75}
2340: {1, 3, 5, 7, 10, 12, 14, 15, 17, 19, 21, 23, 25, 27, 29, 31, 34, 36, 39, 40, 42, 45, 46, 48, 50, 52, 55, 57, 58, 60, 62, 64, 66, 69, 71, 72, 75}
2344: {1, 3, 5, 7, 10, 11, 14, 15, 17, 19, 21, 23, 25, 27, 29, 31, 34, 36, 39, 40, 42, 45, 46, 48, 50, 52, 55, 56, 58, 60, 62, 64, 66, 68, 71, 72, 75}
2349: {1, 3, 6, 7, 10, 12, 14, 15, 17, 20, 21, 23, 25, 27, 29, 31, 35, 36, 39, 40, 42, 45, 47, 48, 50, 52, 55, 56, 58, 60, 62, 64, 66, 69, 71, 72, 75}
2355: {1, 3, 5, 7, 9, 11, 13, 15, 17, 19, 21, 23, 26, 27, 29, 31, 34, 36, 39, 40, 42, 45, 46, 48, 50, 52, 54, 56, 58, 60, 62, 64, 66, 69, 71, 72, 75}
2399: {2, 4, 5, 7, 9, 11, 13, 16, 18, 20, 22, 24, 25, 28, 29, 31, 34, 36, 38, 40, 42, 44, 46, 48, 50, 52, 54, 56, 58, 60, 62, 64, 66, 68, 71, 72, 74}
2411: {2, 3, 5, 7, 9, 11, 13, 16, 18, 20, 22, 23, 25, 28, 29, 31, 34, 36, 38, 40, 42, 44, 46, 49, 50, 52, 54, 56, 58, 60, 62, 64, 67, 69, 70, 73, 74}
2415: {2, 3, 5, 8, 9, 12, 14, 16, 17, 19, 22, 24, 25, 28, 29, 31, 34, 36, 38, 40, 42, 44, 46, 48, 51, 52, 54, 56, 58, 60, 62, 64, 66, 68, 70, 72, 74}
2416: {2, 3, 5, 8, 9, 12, 14, 16, 17, 19, 22, 23, 25, 28, 29, 31, 34, 36, 38, 40, 42, 44, 46, 48, 51, 52, 54, 56, 58, 60, 62, 64, 66, 68, 70, 72, 74}
2417: {2, 3, 5, 7, 9, 11, 14, 15, 18, 20, 22, 24, 25, 28, 29, 33, 34, 36, 38, 40, 42, 44, 46, 48, 50, 52, 54, 56, 58, 60, 62, 64, 66, 69, 70, 72, 74}
2423: {2, 3, 5, 7, 10, 12, 14, 16, 18, 20, 22, 23, 25, 28, 29, 31, 34, 36, 38, 40, 42, 44, 46, 48, 51, 52, 54, 56, 58, 60, 62, 64, 66, 68, 70, 72, 74}
2426: {2, 3, 5, 7, 9, 11, 14, 15, 17, 19, 22, 23, 25, 28, 29, 31, 34, 37, 38, 40, 42, 44, 46, 49, 51, 52, 54, 56, 58, 60, 62, 64, 66, 68, 70, 72, 74}
2455: {2, 3, 5, 7, 9, 11, 13, 15, 17, 19, 22, 24, 25, 27, 29, 31, 34, 36, 38, 40, 43, 44, 46, 48, 51, 52, 54, 56, 58, 60, 62, 65, 66, 69, 71, 73, 74}
2456: {2, 3, 6, 7, 9, 11, 13, 15, 17, 19, 22, 24, 25, 27, 29, 31, 35, 36, 38, 40, 43, 44, 46, 48, 51, 52, 54, 56, 58, 60, 62, 65, 66, 69, 70, 73, 74}
2464: {2, 3, 6, 7, 9, 11, 13, 15, 17, 19, 22, 23, 25, 27, 29, 31, 35, 36, 38, 40, 43, 44, 46, 48, 50, 52, 54, 56, 58, 60, 62, 64, 67, 68, 70, 73, 74}
2478: {2, 3, 6, 7, 9, 11, 13, 15, 17, 19, 22, 24, 25, 27, 29, 31, 34, 36, 39, 40, 43, 44, 46, 48, 50, 52, 54, 56, 58, 60, 62, 65, 66, 68, 71, 72, 74}
2494: {2, 4, 5, 8, 9, 11, 13, 16, 18, 20, 22, 24, 25, 27, 29, 33, 34, 36, 38, 40, 42, 44, 46, 48, 51, 52, 54, 56, 58, 60, 62, 64, 66, 68, 71, 72, 74}
2498: {2, 4, 5, 7, 9, 12, 13, 16, 18, 20, 22, 24, 25, 27, 29, 33, 34, 36, 38, 40, 42, 44, 47, 48, 50, 52, 54, 56, 58, 60, 62, 65, 66, 68, 71, 72, 74}
2537: {2, 4, 5, 8, 9, 12, 13, 16, 18, 20, 22, 24, 25, 27, 29, 33, 34, 36, 39, 40, 42, 44, 46, 48, 51, 52, 54, 56, 58, 60, 62, 64, 66, 68, 71, 72, 74}
2546: {2, 4, 5, 7, 10, 11, 13, 16, 18, 20, 22, 24, 25, 27, 29, 32, 34, 36, 39, 40, 43, 44, 46, 48, 51, 52, 54, 56, 58, 60, 62, 65, 66, 69, 71, 73, 74}
2549: {2, 4, 5, 7, 9, 12, 13, 16, 18, 20, 22, 24, 25, 27, 29, 31, 34, 36, 39, 40, 42, 44, 46, 48, 50, 52, 54, 56, 58, 60, 62, 64, 66, 69, 71, 73, 74}
2559: {2, 4, 5, 7, 10, 12, 13, 16, 18, 20, 22, 24, 25, 27, 29, 31, 34, 36, 39, 40, 42, 44, 46, 48, 51, 52, 54, 57, 58, 60, 62, 64, 66, 69, 71, 72, 74}
2629: {2, 3, 6, 7, 9, 11, 13, 15, 17, 19, 22, 23, 26, 27, 29, 31, 34, 36, 39, 40, 42, 44, 46, 48, 50, 52, 54, 56, 58, 60, 62, 64, 66, 69, 70, 72, 74}
2636: {2, 3, 5, 7, 9, 11, 13, 16, 18, 20, 22, 24, 26, 27, 29, 31, 34, 36, 38, 40, 42, 44, 46, 49, 50, 52, 54, 56, 58, 60, 62, 64, 66, 69, 70, 73, 74}
2639: {2, 3, 5, 7, 9, 11, 14, 16, 17, 19, 22, 24, 26, 27, 29, 31, 34, 36, 38, 40, 42, 44, 46, 49, 50, 52, 54, 56, 58, 60, 62, 64, 66, 69, 70, 73, 74}
2646: {2, 3, 5, 8, 9, 11, 13, 16, 18, 20, 22, 23, 25, 28, 29, 31, 34, 36, 38, 40, 42, 44, 46, 48, 51, 52, 54, 56, 58, 60, 62, 64, 66, 68, 71, 72, 75}
2651: {2, 3, 5, 7, 9, 12, 13, 16, 18, 20, 22, 23, 25, 28, 29, 31, 35, 36, 38, 40, 42, 44, 46, 48, 50, 52, 54, 56, 58, 60, 62, 64, 66, 69, 71, 72, 75}
2656: {2, 3, 5, 7, 9, 12, 13, 16, 18, 20, 22, 23, 25, 28, 29, 31, 34, 36, 38, 40, 42, 44, 46, 48, 50, 52, 54, 56, 58, 60, 62, 64, 66, 68, 71, 72, 75}
2667: {2, 3, 5, 7, 9, 12, 13, 16, 18, 20, 22, 23, 25, 28, 29, 31, 34, 36, 38, 40, 42, 44, 46, 48, 50, 52, 55, 56, 58, 60, 62, 64, 66, 68, 71, 72, 75}
2683: {2, 3, 5, 7, 9, 11, 13, 16, 18, 20, 22, 23, 25, 27, 29, 31, 35, 36, 38, 40, 42, 44, 47, 48, 50, 52, 54, 56, 58, 60, 62, 64, 66, 69, 71, 72, 75}
2688: {2, 3, 5, 7, 9, 12, 13, 16, 18, 20, 22, 23, 25, 27, 29, 31, 34, 36, 39, 40, 42, 44, 46, 48, 50, 52, 54, 56, 58, 60, 62, 64, 66, 69, 71, 72, 75}
2693: {2, 3, 6, 7, 9, 11, 13, 15, 17, 19, 22, 23, 25, 27, 29, 31, 35, 36, 38, 40, 42, 44, 46, 48, 50, 52, 55, 56, 58, 60, 62, 64, 66, 68, 70, 72, 75}
2703: {2, 3, 5, 7, 9, 12, 13, 16, 18, 20, 22, 23, 25, 27, 29, 31, 34, 36, 38, 40, 42, 44, 47, 48, 50, 52, 55, 56, 58, 60, 62, 64, 66, 69, 71, 72, 75}
2715: {2, 3, 5, 7, 10, 12, 13, 16, 18, 20, 22, 23, 25, 27, 29, 31, 34, 36, 39, 40, 42, 44, 46, 48, 51, 52, 55, 56, 58, 60, 62, 64, 66, 68, 71, 72, 75}
2740: {2, 3, 6, 7, 9, 11, 13, 15, 17, 19, 22, 23, 26, 27, 29, 31, 35, 36, 39, 40, 42, 44, 46, 48, 50, 52, 55, 56, 58, 60, 62, 64, 66, 68, 71, 72, 75}
2745: {2, 3, 5, 7, 9, 12, 13, 15, 17, 20, 21, 24, 25, 28, 29, 33, 34, 36, 38, 40, 42, 44, 47, 48, 51, 52, 54, 56, 58, 60, 62, 64, 66, 68, 70, 73, 74}
2747: {2, 3, 5, 7, 9, 12, 13, 15, 17, 20, 21, 24, 25, 28, 29, 33, 34, 36, 38, 40, 42, 44, 47, 48, 50, 52, 54, 56, 58, 60, 62, 64, 66, 68, 70, 73, 74}
2754: {2, 3, 5, 7, 9, 11, 13, 15, 17, 20, 21, 23, 25, 28, 29, 31, 34, 36, 38, 40, 42, 44, 47, 48, 50, 52, 54, 56, 58, 60, 62, 64, 67, 68, 70, 73, 74}
2768: {2, 3, 5, 7, 9, 11, 13, 15, 17, 19, 21, 24, 25, 28, 29, 33, 34, 37, 38, 40, 42, 44, 46, 49, 50, 52, 54, 56, 58, 60, 62, 64, 66, 68, 70, 72, 74}
2789: {2, 4, 5, 7, 10, 12, 14, 16, 18, 20, 21, 24, 25, 28, 29, 33, 34, 36, 38, 40, 42, 44, 46, 48, 51, 52, 54, 57, 58, 60, 62, 64, 66, 69, 71, 72, 74}
2792: {2, 3, 5, 7, 9, 11, 13, 15, 17, 19, 21, 23, 25, 28, 29, 31, 35, 36, 38, 40, 42, 44, 46, 48, 51, 52, 55, 56, 58, 60, 63, 64, 66, 69, 70, 72, 74}
2794: {2, 3, 5, 7, 9, 12, 13, 16, 18, 20, 21, 23, 25, 28, 29, 31, 34, 36, 38, 40, 42, 44, 46, 48, 51, 52, 55, 56, 58, 60, 62, 64, 66, 69, 70, 72, 74}
2809: {2, 3, 5, 7, 9, 12, 13, 15, 17, 20, 21, 24, 25, 27, 29, 33, 34, 36, 38, 40, 43, 44, 47, 48, 50, 52, 54, 56, 58, 60, 62, 64, 66, 68, 70, 73, 74}
2813: {2, 3, 6, 7, 9, 11, 13, 15, 17, 19, 21, 23, 25, 27, 29, 33, 35, 36, 38, 40, 42, 44, 46, 48, 50, 52, 54, 56, 58, 60, 62, 65, 67, 68, 70, 73, 74}
2828: {2, 3, 5, 7, 9, 12, 13, 15, 17, 20, 21, 24, 25, 27, 29, 31, 34, 36, 38, 40, 43, 44, 47, 48, 50, 52, 54, 56, 58, 60, 62, 65, 66, 68, 70, 73, 74}
2841: {2, 4, 5, 7, 9, 12, 13, 15, 17, 20, 21, 23, 25, 27, 29, 31, 34, 36, 38, 40, 42, 44, 47, 48, 50, 52, 54, 56, 58, 60, 62, 64, 67, 68, 71, 73, 74}
2845: {2, 3, 5, 7, 9, 11, 13, 15, 17, 19, 21, 24, 25, 27, 29, 31, 34, 36, 39, 41, 42, 44, 46, 48, 51, 52, 54, 56, 58, 60, 63, 65, 66, 69, 71, 73, 74}
2846: {2, 3, 6, 7, 9, 11, 13, 15, 17, 19, 21, 24, 25, 27, 29, 31, 34, 36, 39, 41, 42, 44, 46, 48, 51, 52, 54, 56, 58, 60, 63, 65, 66, 69, 71, 73, 74}
2853: {2, 3, 5, 7, 9, 11, 13, 15, 17, 19, 21, 24, 25, 27, 29, 31, 34, 36, 39, 40, 43, 44, 46, 48, 50, 52, 54, 57, 58, 60, 62, 65, 66, 69, 70, 73, 74}
2863: {2, 3, 6, 7, 9, 11, 13, 15, 17, 19, 21, 23, 25, 27, 29, 31, 34, 36, 39, 41, 42, 44, 46, 48, 51, 52, 54, 56, 58, 60, 63, 65, 67, 68, 71, 73, 74}
2866: {2, 3, 5, 7, 9, 12, 13, 15, 17, 20, 21, 23, 25, 27, 29, 31, 34, 36, 39, 40, 43, 44, 47, 48, 51, 52, 54, 56, 58, 60, 62, 65, 67, 68, 70, 73, 74}
2868: {2, 3, 5, 7, 9, 12, 13, 15, 17, 20, 21, 23, 25, 27, 29, 31, 34, 36, 39, 40, 43, 44, 47, 48, 50, 52, 54, 56, 58, 60, 62, 64, 67, 68, 70, 73, 74}
2904: {2, 3, 5, 7, 9, 11, 14, 16, 17, 19, 21, 24, 25, 27, 29, 31, 35, 36, 38, 40, 43, 44, 46, 48, 50, 52, 54, 56, 58, 60, 62, 65, 66, 69, 71, 73, 74}
2914: {2, 4, 5, 8, 9, 11, 14, 16, 17, 19, 21, 24, 25, 27, 29, 31, 34, 36, 38, 40, 42, 44, 46, 48, 51, 52, 54, 57, 58, 60, 62, 64, 66, 69, 71, 72, 74}
2916: {2, 3, 5, 7, 9, 11, 14, 15, 17, 19, 21, 24, 25, 27, 29, 31, 35, 36, 39, 40, 42, 44, 46, 48, 51, 52, 54, 56, 58, 60, 62, 65, 66, 69, 71, 73, 74}
2917: {2, 3, 6, 7, 9, 11, 14, 15, 17, 19, 21, 24, 25, 27, 29, 31, 35, 36, 39, 40, 42, 44, 46, 48, 51, 52, 54, 56, 58, 60, 62, 65, 66, 69, 71, 73, 74}
2921: {2, 3, 5, 7, 10, 11, 14, 15, 17, 19, 21, 24, 25, 27, 29, 31, 35, 36, 39, 41, 42, 44, 46, 48, 51, 52, 54, 57, 58, 60, 62, 65, 66, 69, 71, 73, 74}
2937: {2, 4, 5, 8, 9, 11, 14, 15, 17, 19, 21, 24, 25, 27, 29, 31, 34, 36, 39, 40, 42, 44, 46, 48, 51, 52, 54, 57, 58, 60, 62, 65, 66, 69, 71, 72, 74}
2938: {2, 4, 5, 7, 10, 11, 14, 15, 17, 19, 21, 24, 25, 27, 29, 31, 34, 36, 39, 40, 42, 44, 46, 48, 51, 52, 54, 57, 58, 60, 62, 65, 66, 69, 71, 72, 74}
2952: {2, 4, 5, 7, 10, 12, 14, 16, 18, 20, 21, 24, 25, 27, 29, 31, 34, 36, 38, 40, 42, 44, 46, 48, 51, 52, 54, 57, 58, 60, 62, 64, 66, 69, 71, 72, 74}
2953: {2, 3, 5, 7, 9, 11, 14, 16, 18, 20, 21, 24, 25, 27, 29, 31, 35, 36, 39, 40, 42, 44, 46, 48, 51, 52, 54, 56, 58, 60, 62, 64, 66, 69, 71, 73, 74}
2954: {2, 3, 5, 7, 9, 11, 14, 16, 18, 20, 21, 24, 25, 27, 29, 31, 35, 36, 39, 40, 42, 44, 46, 48, 51, 52, 54, 56, 58, 60, 62, 65, 66, 69, 71, 73, 74}
2966: {2, 3, 5, 7, 9, 12, 13, 16, 18, 20, 21, 23, 25, 27, 29, 31, 34, 36, 39, 40, 42, 44, 46, 48, 51, 52, 55, 56, 58, 60, 62, 64, 66, 69, 71, 72, 74}
2999: {2, 3, 5, 7, 9, 11, 13, 15, 17, 19, 21, 24, 26, 27, 29, 31, 34, 36, 39, 40, 43, 44, 46, 49, 51, 52, 54, 56, 58, 60, 62, 65, 66, 68, 71, 73, 74}
3012: {2, 3, 5, 7, 9, 12, 13, 16, 18, 20, 21, 23, 25, 28, 29, 31, 34, 36, 38, 40, 42, 44, 47, 48, 50, 52, 54, 56, 58, 60, 62, 64, 66, 69, 70, 72, 75}
3019: {2, 3, 5, 7, 10, 12, 14, 15, 17, 19, 21, 23, 25, 28, 29, 31, 34, 36, 39, 40, 42, 44, 46, 48, 51, 52, 54, 56, 58, 60, 62, 64, 66, 69, 71, 72, 75}
3022: {2, 3, 5, 7, 9, 11, 14, 15, 17, 20, 21, 23, 25, 28, 29, 31, 35, 36, 39, 40, 42, 44, 47, 48, 51, 52, 54, 56, 58, 60, 62, 64, 66, 69, 71, 72, 75}
3029: {2, 3, 5, 7, 9, 11, 13, 15, 17, 20, 21, 23, 25, 28, 29, 31, 34, 36, 38, 40, 42, 44, 47, 48, 51, 52, 55, 56, 58, 60, 62, 64, 66, 69, 70, 72, 75}
3037: {2, 3, 5, 7, 9, 12, 13, 15, 17, 20, 21, 23, 25, 28, 29, 31, 34, 36, 38, 40, 42, 44, 47, 48, 50, 52, 55, 56, 58, 60, 62, 64, 66, 69, 70, 72, 75}
3038: {2, 3, 5, 7, 9, 12, 13, 15, 17, 20, 21, 23, 25, 28, 29, 31, 34, 36, 38, 40, 42, 44, 47, 48, 50, 52, 55, 57, 58, 60, 62, 64, 66, 69, 70, 72, 75}
3050: {2, 3, 5, 7, 9, 12, 14, 15, 17, 20, 21, 23, 25, 28, 29, 31, 34, 36, 38, 40, 42, 44, 47, 48, 50, 52, 55, 57, 58, 60, 62, 64, 66, 69, 70, 72, 75}
3071: {2, 3, 5, 7, 10, 12, 14, 15, 17, 19, 21, 23, 25, 27, 29, 31, 35, 36, 39, 40, 42, 44, 46, 48, 51, 52, 54, 57, 58, 60, 62, 64, 66, 69, 71, 72, 75}
3093: {2, 3, 5, 7, 9, 11, 13, 15, 17, 19, 21, 23, 25, 27, 29, 31, 34, 36, 39, 40, 42, 44, 46, 48, 50, 52, 55, 57, 58, 60, 63, 64, 66, 69, 70, 72, 75}
3095: {2, 3, 5, 7, 9, 12, 13, 15, 17, 19, 21, 23, 25, 27, 29, 31, 34, 36, 39, 40, 42, 44, 46, 48, 50, 52, 55, 57, 58, 60, 63, 64, 66, 69, 71, 72, 75}
3105: {2, 3, 5, 7, 9, 11, 13, 15, 17, 19, 21, 23, 25, 27, 29, 31, 34, 37, 38, 40, 42, 44, 46, 49, 50, 52, 55, 56, 58, 60, 62, 64, 66, 69, 70, 72, 75}
3117: {2, 3, 6, 7, 9, 11, 14, 15, 17, 19, 21, 23, 25, 27, 29, 31, 35, 36, 39, 40, 42, 44, 46, 48, 51, 52, 55, 56, 58, 60, 62, 64, 66, 69, 71, 72, 75}
3119: {2, 3, 5, 7, 9, 12, 14, 16, 17, 19, 21, 23, 25, 27, 29, 31, 34, 36, 39, 40, 42, 44, 46, 48, 51, 52, 55, 56, 58, 60, 62, 64, 66, 69, 71, 72, 75}
3123: {2, 3, 5, 7, 10, 12, 14, 15, 17, 19, 21, 23, 25, 27, 29, 31, 34, 36, 39, 40, 42, 44, 46, 48, 50, 52, 55, 57, 58, 60, 63, 64, 66, 69, 71, 72, 75}
3127: {2, 3, 5, 7, 9, 11, 14, 16, 17, 20, 21, 23, 25, 27, 29, 31, 34, 36, 39, 40, 42, 44, 47, 48, 50, 52, 55, 56, 58, 60, 63, 64, 66, 69, 71, 72, 75}
3145: {2, 3, 5, 7, 9, 11, 13, 15, 17, 20, 21, 23, 26, 28, 29, 31, 34, 36, 38, 40, 42, 44, 47, 48, 50, 52, 55, 57, 58, 60, 62, 64, 66, 69, 70, 72, 75}
3152: {2, 3, 5, 7, 9, 11, 14, 15, 17, 20, 21, 23, 26, 27, 29, 31, 34, 36, 38, 40, 42, 44, 47, 48, 50, 52, 55, 56, 58, 60, 62, 64, 66, 69, 70, 72, 75}
3159: {2, 4, 5, 7, 9, 11, 13, 16, 17, 19, 21, 23, 25, 28, 29, 33, 34, 36, 38, 40, 42, 44, 46, 49, 50, 52, 54, 56, 58, 61, 62, 64, 67, 68, 70, 73, 74}
3161: {2, 3, 5, 7, 9, 11, 13, 15, 17, 19, 21, 23, 25, 27, 29, 32, 34, 36, 38, 40, 43, 44, 46, 48, 51, 52, 54, 56, 58, 61, 62, 64, 67, 68, 70, 73, 74}
3166: {2, 3, 5, 7, 10, 11, 13, 15, 17, 19, 21, 23, 25, 27, 29, 32, 34, 36, 38, 40, 43, 44, 46, 48, 50, 52, 54, 56, 58, 61, 62, 64, 67, 68, 71, 73, 74}
3178: {2, 3, 5, 7, 9, 11, 13, 16, 17, 19, 21, 23, 25, 27, 29, 31, 34, 36, 38, 40, 43, 44, 46, 49, 50, 52, 54, 56, 58, 61, 62, 64, 67, 68, 70, 73, 74}
3195: {2, 4, 5, 8, 9, 11, 13, 16, 17, 19, 21, 23, 26, 27, 30, 33, 35, 36, 38, 40, 42, 44, 46, 48, 51, 52, 54, 56, 58, 61, 62, 64, 67, 68, 71, 73, 74}
