6: {1, 3, 5, 7, 9, 11, 13, 15, 17, 19, 21, 23, 25, 27, 29, 31, 34, 36, 38, 40, 42, 44, 46, 48, 51, 52, 54, 56, 58, 60, 63, 64, 66, 68, 70, 72, 74}
12: {1, 3, 5, 7, 9, 11, 13, 15, 17, 20, 21, 24, 25, 27, 29, 31, 34, 36, 38, 40, 42, 44, 47, 48, 50, 52, 54, 56, 58, 60, 62, 64, 66, 68, 70, 72, 74}
22: {1, 3, 5, 7, 9, 12, 13, 15, 17, 20, 21, 24, 25, 27, 29, 31, 34, 36, 38, 40, 42, 44, 47, 48, 51, 52, 54, 56, 58, 60, 62, 65, 66, 68, 70, 72, 74}
25: {1, 3, 5, 7, 9, 11, 13, 15, 17, 19, 21, 24, 25, 27, 29, 32, 34, 36, 38, 40, 43, 44, 46, 48, 50, 52, 54, 56, 58, 60, 62, 65, 66, 68, 70, 72, 74}
51: {1, 4, 5, 7, 9, 11, 13, 15, 17, 19, 21, 24, 25, 27, 29, 32, 34, 36, 38, 40, 42, 44, 46, 48, 50, 52, 54, 56, 58, 60, 62, 65, 66, 68, 70, 72, 74}
54: {1, 4, 5, 7, 9, 11, 13, 15, 17, 19, 21, 24, 25, 27, 29, 32, 34, 36, 38, 40, 42, 44, 46, 48, 51, 52, 54, 56, 58, 60, 62, 65, 66, 68, 70, 72, 74}
64: {1, 3, 5, 7, 9, 11, 13, 15, 17, 19, 21, 23, 25, 27, 29, 31, 34, 36, 39, 40, 42, 44, 46, 48, 51, 52, 54, 56, 58, 60, 62, 64, 66, 68, 70, 72, 74}
78: {1, 3, 5, 7, 9, 11, 13, 15, 17, 19, 21, 24, 25, 27, 29, 31, 34, 36, 39, 40, 42, 44, 46, 48, 51, 52, 54, 56, 58, 60, 62, 65, 66, 68, 71, 72, 74}
88: {1, 3, 5, 7, 9, 12, 13, 16, 17, 19, 21, 24, 25, 27, 29, 32, 34, 36, 39, 40, 42, 44, 46, 48, 50, 52, 54, 56, 58, 60, 62, 64, 66, 68, 71, 72, 74}
109: {1, 3, 5, 7, 9, 11, 13, 16, 18, 20, 21, 24, 25, 27, 29, 32, 34, 36, 38, 40, 42, 44, 47, 48, 50, 52, 54, 56, 58, 60, 62, 64, 66, 68, 70, 72, 74}
120: {1, 3, 5, 7, 10, 12, 14, 15, 17, 19, 21, 23, 25, 27, 29, 31, 34, 36, 38, 40, 42, 44, 46, 48, 50, 52, 54, 56, 58, 60, 62, 64, 66, 68, 70, 72, 74}
137: {1, 3, 5, 7, 10, 11, 14, 15, 17, 19, 21, 24, 25, 27, 29, 31, 34, 36, 38, 40, 42, 44, 46, 48, 50, 52, 54, 56, 58, 60, 62, 65, 66, 68, 70, 72, 74}
141: {1, 3, 5, 7, 9, 12, 14, 16, 17, 19, 21, 24, 25, 27, 29, 31, 34, 36, 38, 40, 42, 44, 46, 48, 50, 52, 54, 56, 58, 60, 62, 64, 66, 68, 71, 72, 74}
149: {1, 3, 5, 7, 9, 11, 14, 16, 17, 19, 21, 24, 25, 27, 29, 31, 34, 36, 38, 40, 43, 44, 46, 48, 51, 52, 54, 56, 58, 60, 62, 65, 66, 68, 70, 72, 74}
151: {1, 3, 5, 7, 9, 11, 14, 16, 17, 20, 21, 24, 25, 27, 29, 31, 34, 36, 38, 40, 42, 44, 47, 48, 51, 52, 54, 56, 58, 60, 62, 64, 66, 68, 70, 72, 74}
165: {1, 3, 5, 7, 9, 11, 14, 15, 17, 19, 21, 24, 25, 27, 29, 32, 34, 36, 38, 40, 43, 44, 46, 48, 50, 52, 54, 56, 58, 60, 62, 65, 66, 68, 70, 72, 74}
202: {1, 4, 5, 7, 9, 11, 14, 16, 17, 19, 21, 24, 25, 27, 29, 32, 34, 36, 38, 40, 42, 44, 46, 48, 50, 52, 54, 56, 58, 60, 62, 64, 66, 68, 70, 73, 74}
206: {1, 3, 5, 7, 9, 12, 14, 15, 17, 19, 21, 23, 25, 27, 29, 31, 34, 36, 39, 40, 42, 44, 46, 48, 50, 52, 54, 56, 58, 60, 62, 64, 66, 68, 71, 72, 74}
210: {1, 3, 5, 7, 9, 12, 14, 16, 17, 19, 21, 23, 25, 27, 29, 31, 34, 36, 39, 40, 42, 44, 46, 48, 50, 52, 54, 56, 58, 60, 62, 64, 66, 68, 70, 72, 74}
222: {1, 3, 5, 7, 9, 11, 14, 15, 17, 19, 21, 24, 25, 27, 29, 31, 34, 36, 39, 40, 42, 44, 46, 48, 51, 52, 54, 56, 58, 60, 62, 65, 66, 68, 71, 72, 74}
227: {1, 3, 5, 7, 9, 11, 14, 15, 17, 19, 21, 24, 25, 27, 29, 31, 34, 36, 39, 40, 42, 44, 46, 48, 50, 52, 54, 56, 58, 60, 62, 65, 66, 68, 71, 73, 74}
236: {1, 3, 5, 7, 9, 12, 14, 16, 17, 19, 21, 24, 25, 27, 29, 32, 34, 36, 39, 40, 42, 44, 46, 48, 50, 52, 54, 56, 58, 60, 62, 64, 66, 68, 70, 72, 74}
245: {1, 3, 5, 7, 9, 11, 14, 16, 17, 19, 21, 24, 25, 27, 29, 32, 34, 36, 39, 40, 42, 44, 46, 48, 51, 52, 54, 56, 58, 60, 62, 64, 66, 68, 71, 73, 74}
257: {1, 3, 5, 7, 9, 11, 14, 16, 18, 20, 21, 24, 25, 27, 29, 31, 34, 36, 38, 40, 42, 44, 47, 48, 50, 52, 54, 56, 58, 60, 62, 64, 66, 68, 70, 73, 74}
266: {1, 3, 5, 7, 9, 12, 13, 15, 17, 19, 21, 23, 25, 27, 29, 31, 34, 36, 38, 40, 42, 44, 46, 48, 50, 52, 55, 56, 58, 60, 62, 64, 66, 68, 70, 72, 74}
268: {1, 3, 5, 7, 9, 11, 13, 15, 17, 20, 21, 23, 25, 27, 29, 31, 34, 36, 38, 40, 42, 44, 47, 48, 50, 52, 55, 56, 58, 60, 62, 64, 66, 68, 70, 72, 74}
277: {1, 3, 5, 7, 9, 11, 13, 15, 17, 19, 21, 23, 25, 27, 29, 31, 34, 36, 39, 40, 42, 44, 46, 48, 50, 52, 55, 56, 58, 60, 62, 64, 66, 68, 70, 72, 74}
279: {1, 3, 5, 7, 9, 12, 13, 15, 17, 19, 21, 23, 25, 27, 29, 31, 34, 36, 39, 40, 42, 44, 46, 48, 50, 52, 55, 56, 58, 60, 62, 64, 66, 68, 70, 72, 74}
281: {1, 3, 5, 7, 9, 12, 13, 16, 17, 19, 21, 23, 25, 27, 29, 31, 34, 36, 39, 40, 42, 44, 46, 48, 50, 52, 55, 56, 58, 60, 62, 64, 66, 68, 71, 72, 74}
286: {1, 3, 5, 7, 9, 11, 13, 15, 17, 19, 21, 23, 25, 27, 29, 31, 34, 36, 39, 40, 42, 44, 46, 48, 51, 52, 55, 56, 58, 60, 62, 64, 66, 68, 70, 72, 74}
291: {1, 3, 5, 7, 9, 12, 13, 16, 17, 19, 21, 23, 25, 27, 29, 31, 34, 36, 39, 40, 42, 44, 46, 48, 51, 52, 55, 56, 58, 60, 62, 64, 66, 68, 71, 72, 74}
294: {1, 3, 5, 7, 9, 12, 13, 16, 18, 20, 21, 23, 25, 27, 29, 31, 34, 36, 38, 40, 42, 44, 46, 48, 50, 52, 55, 56, 58, 60, 62, 64, 66, 68, 70, 72, 74}
295: {1, 3, 5, 7, 9, 12, 13, 16, 18, 20, 21, 23, 25, 27, 29, 31, 34, 36, 38, 40, 42, 44, 47, 48, 50, 52, 55, 56, 58, 60, 62, 64, 66, 68, 70, 72, 74}
301: {1, 3, 5, 7, 9, 11, 14, 15, 17, 19, 21, 23, 25, 27, 29, 31, 34, 36, 38, 40, 42, 44, 46, 48, 50, 52, 55, 56, 58, 60, 62, 64, 66, 68, 71, 72, 74}
310: {1, 3, 5, 7, 9, 11, 14, 15, 17, 20, 21, 23, 25, 27, 29, 31, 34, 36, 38, 40, 42, 44, 47, 48, 50, 52, 55, 56, 58, 60, 62, 64, 66, 68, 70, 72, 74}
313: {1, 3, 5, 7, 10, 12, 14, 15, 17, 20, 21, 23, 25, 27, 29, 31, 34, 36, 38, 40, 42, 44, 47, 48, 50, 52, 55, 56, 58, 60, 62, 64, 66, 68, 70, 72, 74}
355: {1, 3, 5, 7, 9, 12, 13, 15, 17, 20, 21, 23, 25, 28, 29, 31, 34, 36, 38, 40, 42, 44, 47, 48, 51, 52, 54, 56, 58, 60, 62, 64, 66, 68, 70, 72, 74}
358: {1, 3, 5, 7, 9, 12, 13, 15, 17, 19, 21, 24, 25, 28, 29, 31, 34, 36, 38, 40, 42, 44, 46, 48, 50, 52, 54, 56, 58, 60, 62, 64, 66, 68, 70, 72, 74}
367: {1, 3, 5, 7, 9, 12, 13, 16, 17, 19, 21, 24, 25, 28, 29, 31, 34, 36, 38, 40, 42, 44, 46, 48, 51, 52, 54, 56, 58, 60, 62, 64, 66, 68, 70, 72, 74}
370: {1, 3, 5, 7, 9, 11, 13, 16, 17, 20, 21, 24, 25, 28, 29, 31, 34, 36, 38, 40, 42, 44, 47, 48, 51, 52, 54, 56, 58, 60, 62, 64, 66, 68, 70, 72, 74}
378: {1, 4, 5, 7, 9, 11, 13, 16, 17, 19, 21, 24, 25, 28, 29, 33, 34, 36, 38, 40, 42, 44, 46, 48, 50, 52, 54, 56, 58, 60, 62, 64, 66, 68, 70, 72, 74}
385: {1, 3, 5, 7, 9, 11, 13, 16, 18, 20, 21, 24, 25, 28, 29, 31, 34, 36, 38, 40, 42, 44, 47, 48, 50, 52, 54, 56, 58, 60, 62, 64, 66, 68, 70, 72, 74}
388: {1, 3, 5, 7, 9, 11, 13, 15, 17, 19, 21, 24, 25, 28, 29, 31, 34, 37, 38, 40, 42, 44, 46, 49, 50, 52, 54, 56, 58, 60, 62, 64, 66, 68, 70, 72, 74}
400: {1, 3, 5, 7, 9, 11, 14, 15, 17, 20, 21, 23, 25, 28, 29, 31, 34, 36, 38, 40, 42, 44, 47, 48, 50, 52, 54, 56, 58, 60, 62, 64, 66, 68, 70, 72, 74}
401: {1, 3, 5, 7, 9, 12, 14, 15, 17, 20, 21, 23, 25, 28, 29, 31, 34, 36, 38, 40, 42, 44, 47, 48, 50, 52, 54, 56, 58, 60, 62, 64, 66, 68, 70, 72, 74}
405: {1, 3, 5, 7, 9, 11, 14, 15, 17, 19, 21, 23, 25, 28, 29, 31, 34, 36, 38, 40, 42, 44, 46, 48, 51, 52, 54, 56, 58, 60, 62, 64, 66, 68, 70, 72, 74}
406: {1, 3, 5, 7, 9, 11, 14, 15, 17, 19, 21, 23, 25, 28, 29, 31, 34, 36, 38, 40, 42, 44, 46, 48, 51, 52, 54, 56, 58, 60, 62, 64, 66, 68, 71, 72, 74}
430: {1, 3, 5, 7, 9, 12, 14, 16, 17, 20, 21, 24, 25, 28, 29, 31, 34, 36, 38, 40, 42, 44, 47, 48, 51, 52, 54, 56, 58, 60, 62, 64, 66, 68, 70, 72, 74}
436: {1, 3, 5, 7, 9, 11, 14, 15, 17, 19, 21, 24, 25, 28, 29, 31, 34, 36, 38, 40, 42, 44, 46, 48, 51, 52, 54, 56, 58, 60, 62, 64, 66, 68, 70, 73, 74}
441: {1, 3, 5, 7, 9, 11, 14, 16, 17, 19, 21, 24, 25, 28, 29, 33, 34, 36, 38, 40, 42, 44, 46, 48, 50, 52, 54, 56, 58, 60, 62, 64, 66, 68, 70, 72, 74}
455: {1, 3, 5, 7, 10, 12, 14, 15, 17, 19, 21, 23, 25, 28, 29, 31, 34, 36, 39, 40, 42, 44, 46, 48, 51, 52, 54, 56, 58, 60, 62, 64, 66, 68, 71, 72, 74}
457: {1, 3, 5, 7, 10, 11, 14, 15, 17, 19, 21, 24, 25, 28, 29, 31, 34, 36, 39, 40, 42, 44, 46, 48, 51, 52, 54, 56, 58, 60, 62, 64, 66, 68, 71, 72, 74}
460: {1, 3, 5, 7, 9, 12, 14, 16, 18, 20, 21, 23, 25, 28, 29, 31, 34, 36, 38, 40, 42, 44, 46, 48, 50, 52, 54, 56, 58, 60, 62, 64, 66, 68, 71, 72, 74}
475: {1, 3, 5, 7, 9, 11, 14, 15, 17, 19, 21, 24, 25, 28, 29, 31, 34, 37, 38, 40, 42, 44, 46, 49, 50, 52, 54, 56, 58, 60, 62, 64, 66, 68, 70, 72, 74}
479: {1, 3, 5, 7, 9, 11, 13, 15, 17, 20, 21, 23, 25, 28, 29, 31, 34, 36, 38, 40, 42, 44, 47, 48, 50, 52, 55, 56, 58, 60, 62, 64, 66, 68, 70, 72, 74}
482: {1, 3, 5, 7, 9, 12, 13, 15, 17, 19, 21, 23, 25, 28, 29, 31, 34, 36, 38, 40, 42, 44, 46, 48, 51, 52, 55, 56, 58, 60, 62, 64, 66, 68, 70, 72, 74}
509: {1, 3, 5, 7, 10, 11, 14, 15, 17, 19, 21, 23, 25, 28, 29, 31, 34, 36, 38, 40, 42, 44, 46, 48, 51, 52, 55, 56, 58, 60, 62, 64, 66, 68, 71, 72, 74}
512: {1, 3, 5, 7, 9, 12, 14, 16, 17, 20, 21, 23, 25, 28, 29, 31, 34, 36, 38, 40, 42, 44, 47, 48, 51, 52, 55, 56, 58, 60, 62, 64, 66, 68, 70, 72, 74}
527: {1, 3, 5, 7, 9, 11, 13, 15, 17, 19, 21, 23, 26, 27, 29, 31, 34, 36, 39, 40, 42, 44, 46, 48, 51, 52, 54, 56, 58, 60, 62, 64, 66, 68, 71, 72, 74}
534: {1, 3, 5, 7, 9, 11, 14, 15, 17, 19, 21, 23, 26, 27, 29, 31, 34, 36, 39, 40, 42, 44, 46, 48, 50, 52, 54, 56, 58, 60, 62, 64, 66, 68, 70, 72, 74}
545: {1, 3, 5, 7, 9, 11, 14, 15, 17, 20, 21, 23, 26, 27, 29, 31, 34, 36, 38, 40, 42, 44, 47, 48, 50, 52, 55, 56, 58, 60, 62, 64, 66, 68, 70, 72, 74}
547: {1, 3, 5, 7, 9, 11, 14, 15, 17, 19, 21, 23, 26, 27, 29, 31, 34, 36, 39, 40, 42, 44, 46, 48, 50, 52, 55, 56, 58, 60, 62, 64, 66, 68, 70, 72, 74}
556: {1, 3, 5, 7, 9, 11, 13, 15, 17, 19, 21, 23, 26, 28, 29, 31, 34, 36, 38, 40, 42, 44, 46, 48, 51, 52, 55, 56, 58, 60, 62, 64, 66, 68, 70, 72, 74}
561: {1, 3, 5, 7, 9, 12, 13, 16, 17, 19, 21, 23, 25, 27, 29, 31, 34, 36, 38, 40, 42, 44, 46, 48, 50, 52, 54, 56, 58, 60, 62, 64, 66, 68, 70, 72, 75}
592: {1, 3, 5, 7, 9, 11, 14, 16, 18, 20, 21, 23, 25, 27, 29, 31, 34, 36, 38, 40, 42, 44, 46, 48, 50, 52, 54, 56, 58, 60, 62, 64, 66, 68, 71, 72, 75}
594: {1, 3, 5, 7, 9, 12, 14, 16, 18, 20, 21, 23, 25, 27, 29, 31, 34, 36, 38, 40, 42, 44, 46, 48, 50, 52, 54, 56, 58, 60, 62, 64, 66, 68, 71, 72, 75}
618: {1, 3, 5, 7, 10, 11, 14, 15, 17, 19, 21, 23, 25, 27, 29, 31, 34, 36, 38, 40, 42, 44, 46, 48, 50, 52, 55, 56, 58, 60, 62, 64, 66, 68, 71, 72, 75}
642: {1, 3, 5, 7, 9, 12, 14, 15, 17, 19, 21, 23, 25, 27, 29, 31, 34, 36, 39, 40, 42, 44, 46, 48, 51, 52, 55, 56, 58, 60, 62, 64, 66, 69, 71, 72, 75}
662: {1, 3, 5, 7, 9, 11, 14, 16, 17, 19, 21, 23, 25, 28, 29, 31, 34, 36, 38, 40, 42, 44, 46, 48, 51, 52, 54, 56, 58, 60, 62, 64, 66, 68, 70, 72, 75}
675: {1, 3, 5, 7, 9, 11, 13, 15, 17, 19, 21, 23, 25, 28, 29, 31, 34, 36, 38, 40, 42, 44, 46, 48, 51, 52, 55, 56, 58, 60, 63, 64, 66, 68, 70, 72, 75}
706: {1, 3, 5, 7, 9, 11, 13, 15, 17, 19, 21, 23, 25, 27, 29, 31, 34, 36, 38, 40, 42, 45, 46, 48, 51, 52, 54, 56, 58, 60, 62, 64, 66, 68, 70, 72, 74}
745: {1, 3, 5, 7, 9, 11, 14, 15, 17, 20, 21, 23, 25, 27, 29, 31, 34, 36, 38, 40, 42, 45, 47, 48, 50, 52, 55, 56, 58, 60, 62, 64, 66, 69, 70, 72, 74}
752: {1, 3, 5, 7, 9, 11, 14, 15, 17, 19, 21, 23, 25, 27, 29, 31, 34, 36, 39, 40, 42, 45, 46, 48, 50, 52, 55, 56, 58, 60, 62, 64, 66, 69, 71, 72, 74}
754: {1, 3, 5, 7, 9, 11, 14, 16, 17, 19, 21, 23, 25, 27, 29, 31, 34, 36, 39, 40, 42, 45, 46, 48, 50, 52, 55, 56, 58, 60, 62, 64, 66, 69, 71, 72, 74}
757: {1, 3, 5, 7, 9, 11, 14, 15, 17, 19, 21, 23, 25, 27, 29, 31, 34, 36, 39, 40, 42, 45, 46, 48, 51, 52, 55, 56, 58, 60, 62, 64, 66, 69, 71, 72, 74}
766: {1, 3, 5, 7, 9, 11, 14, 15, 17, 19, 21, 23, 25, 28, 29, 31, 34, 36, 38, 40, 42, 45, 46, 48, 51, 52, 54, 56, 58, 60, 62, 64, 66, 68, 70, 72, 74}
776: {1, 3, 5, 7, 9, 12, 14, 16, 17, 19, 21, 23, 25, 28, 29, 31, 34, 36, 38, 40, 42, 45, 46, 48, 51, 52, 55, 56, 58, 60, 62, 64, 66, 68, 70, 72, 74}
795: {1, 3, 5, 7, 9, 11, 14, 15, 17, 19, 21, 23, 26, 28, 29, 31, 34, 36, 38, 40, 42, 45, 46, 48, 50, 52, 55, 56, 58, 60, 62, 64, 66, 69, 70, 72, 74}
807: {1, 3, 5, 7, 9, 11, 14, 15, 17, 20, 21, 23, 25, 27, 29, 31, 34, 36, 38, 40, 42, 45, 47, 48, 50, 52, 54, 56, 58, 60, 62, 64, 66, 69, 70, 72, 75}
838: {1, 3, 5, 7, 9, 11, 14, 15, 17, 19, 22, 23, 25, 27, 29, 31, 34, 36, 38, 40, 42, 45, 46, 48, 50, 52, 54, 56, 58, 60, 62, 64, 66, 68, 70, 72, 74}
841: {1, 3, 5, 7, 9, 11, 14, 16, 17, 19, 22, 24, 25, 27, 29, 31, 34, 36, 38, 40, 42, 45, 46, 48, 50, 52, 54, 56, 58, 60, 62, 64, 66, 69, 70, 72, 74}
843: {1, 3, 5, 7, 9, 11, 14, 15, 17, 19, 22, 24, 25, 27, 29, 31, 34, 36, 39, 40, 43, 45, 46, 48, 51, 52, 54, 56, 58, 60, 62, 64, 66, 68, 70, 72, 74}
897: {1, 3, 5, 7, 9, 11, 14, 15, 17, 19, 22, 23, 25, 27, 29, 31, 34, 36, 38, 40, 42, 45, 46, 48, 51, 52, 55, 56, 58, 60, 62, 64, 66, 68, 70, 72, 75}
903: {1, 3, 5, 7, 9, 11, 13, 15, 17, 19, 22, 23, 26, 27, 29, 31, 34, 36, 38, 40, 42, 45, 46, 48, 50, 52, 54, 56, 58, 60, 62, 64, 66, 68, 70, 72, 75}
905: {2, 3, 5, 7, 9, 11, 13, 15, 17, 19, 21, 23, 25, 27, 29, 31, 34, 36, 38, 40, 42, 44, 46, 48, 50, 52, 54, 56, 58, 60, 62, 64, 66, 69, 70, 72, 74}
906: {2, 3, 5, 7, 9, 12, 13, 16, 17, 19, 21, 23, 25, 27, 29, 31, 34, 36, 38, 40, 42, 44, 46, 48, 50, 52, 54, 56, 58, 60, 62, 64, 66, 69, 70, 72, 74}
924: {2, 3, 5, 7, 9, 11, 13, 15, 17, 19, 21, 24, 25, 27, 29, 31, 34, 36, 38, 40, 42, 44, 46, 48, 50, 52, 54, 56, 58, 60, 62, 65, 66, 69, 70, 73, 74}
927: {2, 3, 5, 7, 9, 12, 13, 16, 17, 19, 21, 24, 25, 27, 29, 31, 34, 36, 38, 40, 42, 44, 46, 48, 50, 52, 54, 56, 58, 60, 62, 64, 66, 69, 70, 73, 74}
939: {2, 3, 5, 7, 9, 11, 13, 15, 17, 20, 21, 24, 25, 27, 29, 31, 34, 36, 38, 40, 43, 44, 47, 48, 51, 52, 54, 56, 58, 60, 62, 64, 66, 68, 70, 73, 74}
942: {2, 3, 5, 7, 9, 12, 13, 15, 17, 19, 21, 24, 25, 27, 29, 33, 34, 36, 38, 40, 42, 44, 46, 48, 50, 52, 54, 56, 58, 60, 62, 64, 66, 68, 70, 72, 74}
966: {2, 3, 5, 7, 9, 11, 13, 15, 17, 19, 21, 24, 25, 27, 29, 31, 34, 36, 39, 40, 42, 44, 46, 48, 51, 52, 54, 56, 58, 60, 62, 64, 66, 68, 71, 73, 74}
968: {2, 3, 5, 7, 9, 12, 13, 15, 17, 19, 21, 24, 25, 27, 29, 31, 34, 36, 39, 40, 42, 44, 46, 48, 51, 52, 54, 56, 58, 60, 62, 65, 66, 68, 71, 73, 74}
971: {2, 3, 5, 7, 9, 11, 13, 15, 17, 19, 21, 24, 25, 27, 29, 31, 34, 37, 38, 40, 42, 44, 46, 48, 50, 52, 54, 56, 58, 60, 62, 65, 66, 69, 70, 73, 74}
974: {2, 3, 5, 7, 9, 12, 13, 16, 18, 20, 21, 24, 25, 27, 29, 31, 34, 36, 38, 40, 42, 44, 46, 48, 50, 52, 54, 56, 58, 60, 62, 64, 66, 68, 70, 73, 74}
975: {2, 3, 5, 7, 9, 11, 13, 16, 18, 20, 21, 24, 25, 27, 29, 31, 34, 36, 38, 40, 42, 44, 47, 48, 50, 52, 54, 56, 58, 60, 62, 64, 66, 68, 70, 73, 74}
984: {2, 3, 5, 7, 9, 11, 13, 15, 17, 19, 21, 24, 25, 27, 29, 31, 34, 36, 38, 40, 42, 44, 46, 49, 50, 52, 54, 56, 58, 60, 62, 65, 66, 68, 70, 72, 74}
987: {2, 3, 5, 7, 9, 11, 14, 15, 17, 19, 21, 23, 25, 27, 29, 31, 34, 36, 38, 40, 42, 44, 46, 48, 50, 52, 54, 56, 58, 60, 62, 64, 66, 69, 70, 72, 74}
1008: {2, 3, 5, 7, 9, 12, 14, 16, 17, 19, 21, 24, 25, 27, 29, 31, 34, 36, 39, 40, 42, 44, 46, 48, 51, 52, 54, 56, 58, 60, 62, 64, 66, 69, 71, 73, 74}
1022: {2, 3, 5, 7, 9, 12, 13, 16, 18, 20, 21, 23, 25, 27, 29, 31, 34, 36, 38, 40, 42, 44, 46, 48, 50, 52, 55, 56, 58, 60, 62, 64, 66, 69, 70, 72, 74}
1032: {2, 3, 5, 7, 9, 12, 14, 16, 17, 19, 21, 23, 25, 27, 29, 31, 34, 36, 38, 40, 42, 44, 46, 48, 50, 52, 55, 56, 58, 60, 62, 64, 66, 69, 71, 72, 74}
1050: {2, 3, 5, 7, 9, 12, 13, 16, 17, 19, 21, 23, 25, 28, 29, 31, 34, 36, 38, 40, 42, 44, 46, 48, 50, 52, 54, 56, 58, 60, 62, 64, 66, 69, 70, 72, 74}
1058: {2, 3, 5, 7, 9, 11, 13, 15, 17, 19, 21, 23, 25, 28, 29, 31, 34, 36, 38, 40, 42, 44, 46, 48, 50, 52, 54, 56, 58, 60, 62, 64, 67, 68, 70, 73, 74}
1067: {2, 3, 5, 7, 9, 12, 13, 16, 17, 19, 21, 24, 25, 28, 29, 31, 34, 36, 38, 40, 42, 44, 46, 48, 50, 52, 54, 56, 58, 60, 62, 64, 66, 68, 70, 73, 74}
1074: {2, 3, 5, 7, 9, 11, 13, 15, 17, 20, 21, 24, 25, 28, 29, 31, 34, 36, 38, 40, 42, 44, 47, 48, 51, 52, 54, 56, 58, 60, 62, 64, 66, 68, 70, 73, 74}
1080: {2, 3, 5, 7, 9, 12, 13, 16, 17, 19, 21, 24, 25, 28, 29, 33, 34, 36, 38, 40, 42, 44, 46, 48, 51, 52, 54, 56, 58, 60, 62, 64, 66, 68, 70, 72, 74}
1098: {2, 3, 5, 7, 9, 11, 13, 15, 17, 19, 21, 24, 25, 28, 29, 33, 34, 36, 38, 40, 42, 44, 46, 49, 50, 52, 54, 56, 58, 60, 62, 64, 66, 68, 70, 72, 74}
1132: {2, 3, 5, 7, 9, 11, 13, 15, 17, 20, 21, 23, 25, 28, 29, 31, 34, 36, 38, 40, 42, 44, 47, 49, 50, 52, 55, 56, 58, 60, 62, 64, 66, 68, 70, 72, 74}
1145: {2, 3, 5, 7, 9, 11, 14, 15, 17, 20, 21, 23, 25, 28, 29, 31, 34, 36, 38, 40, 42, 44, 47, 48, 51, 52, 55, 56, 58, 60, 62, 64, 66, 69, 70, 72, 74}
1153: {2, 3, 5, 7, 9, 11, 14, 15, 17, 19, 21, 23, 26, 27, 29, 31, 34, 36, 38, 40, 42, 44, 46, 48, 50, 52, 55, 56, 58, 60, 62, 64, 66, 69, 70, 72, 74}
1154: {2, 3, 5, 7, 9, 11, 14, 15, 17, 19, 21, 23, 26, 27, 29, 31, 34, 36, 38, 40, 42, 44, 46, 48, 51, 52, 55, 56, 58, 60, 62, 64, 66, 69, 70, 72, 74}
1166: {2, 3, 5, 7, 9, 12, 13, 15, 17, 19, 21, 23, 25, 27, 29, 31, 34, 36, 38, 40, 42, 44, 46, 48, 50, 52, 54, 56, 58, 60, 62, 64, 66, 69, 70, 72, 75}
1167: {2, 3, 5, 7, 9, 11, 13, 15, 17, 20, 21, 23, 25, 27, 29, 31, 34, 36, 38, 40, 42, 44, 47, 48, 50, 52, 54, 56, 58, 60, 62, 64, 66, 69, 70, 72, 75}
1168: {2, 3, 5, 7, 9, 11, 13, 15, 17, 20, 21, 23, 25, 27, 29, 31, 34, 36, 38, 40, 42, 44, 47, 48, 51, 52, 54, 56, 58, 60, 62, 64, 66, 69, 70, 72, 75}
1171: {2, 3, 5, 7, 9, 11, 13, 15, 17, 19, 21, 23, 25, 27, 29, 31, 34, 36, 39, 40, 42, 44, 46, 48, 51, 52, 54, 56, 58, 60, 63, 64, 66, 69, 71, 72, 75}
1179: {2, 3, 5, 7, 9, 11, 14, 16, 18, 20, 21, 23, 25, 27, 29, 31, 34, 36, 38, 40, 42, 44, 47, 48, 50, 52, 54, 56, 58, 60, 62, 64, 66, 69, 70, 72, 75}
1181: {2, 3, 5, 7, 9, 11, 13, 15, 17, 19, 21, 23, 25, 27, 29, 31, 34, 36, 38, 40, 42, 44, 46, 48, 50, 52, 55, 57, 58, 60, 62, 64, 66, 69, 70, 72, 75}
1186: {2, 3, 5, 7, 9, 11, 13, 15, 17, 19, 21, 23, 25, 27, 29, 31, 34, 36, 38, 40, 42, 44, 46, 48, 51, 52, 55, 56, 58, 60, 62, 64, 66, 69, 70, 72, 75}
1213: {2, 3, 5, 7, 9, 12, 14, 16, 17, 19, 21, 23, 25, 28, 29, 31, 34, 36, 38, 40, 42, 44, 46, 48, 50, 52, 54, 56, 58, 60, 62, 64, 66, 69, 70, 72, 75}
1231: {2, 3, 5, 7, 9, 11, 13, 15, 17, 19, 21, 23, 26, 27, 29, 31, 34, 36, 38, 40, 42, 44, 46, 48, 51, 52, 55, 56, 58, 60, 62, 64, 66, 69, 70, 72, 75}
1243: {2, 3, 5, 7, 9, 11, 13, 15, 17, 19, 22, 23, 25, 27, 29, 31, 34, 36, 38, 40, 42, 44, 46, 48, 51, 52, 54, 56, 58, 60, 62, 64, 66, 68, 71, 72, 74}
1244: {2, 3, 5, 7, 9, 11, 13, 15, 17, 19, 22, 23, 25, 27, 29, 31, 34, 36, 38, 40, 42, 44, 46, 48, 51, 52, 54, 56, 58, 60, 62, 64, 66, 69, 70, 72, 74}
1245: {2, 3, 5, 7, 9, 11, 13, 15, 17, 19, 22, 24, 25, 27, 29, 31, 34, 36, 38, 40, 42, 44, 46, 48, 50, 52, 54, 56, 58, 60, 62, 64, 66, 68, 70, 72, 74}
1249: {2, 3, 5, 7, 9, 11, 13, 15, 17, 19, 22, 24, 25, 27, 29, 31, 34, 36, 38, 40, 42, 44, 46, 48, 50, 52, 54, 56, 58, 60, 62, 65, 66, 69, 70, 72, 74}
1254: {2, 3, 5, 7, 9, 11, 13, 15, 17, 19, 22, 24, 25, 27, 29, 31, 34, 36, 38, 40, 42, 44, 46, 48, 51, 52, 54, 56, 58, 60, 62, 65, 66, 69, 70, 72, 74}
1262: {2, 3, 5, 7, 9, 11, 13, 16, 17, 19, 22, 24, 25, 27, 29, 31, 34, 36, 38, 40, 42, 44, 46, 48, 50, 52, 54, 56, 58, 60, 62, 64, 66, 69, 70, 73, 74}
1268: {2, 3, 5, 7, 9, 11, 13, 15, 17, 19, 22, 24, 25, 27, 29, 31, 34, 36, 38, 40, 42, 44, 46, 48, 51, 52, 54, 56, 58, 60, 62, 65, 66, 69, 70, 73, 74}
1269: {2, 3, 5, 7, 9, 11, 13, 15, 17, 19, 22, 24, 25, 27, 29, 32, 34, 36, 38, 40, 42, 44, 46, 48, 50, 52, 54, 56, 58, 60, 62, 64, 66, 68, 70, 72, 74}
1280: {2, 3, 5, 7, 9, 11, 13, 15, 17, 19, 22, 24, 25, 27, 29, 33, 34, 36, 38, 40, 42, 44, 46, 48, 50, 52, 54, 56, 58, 60, 62, 64, 66, 69, 70, 73, 74}
1321: {2, 3, 5, 7, 9, 11, 14, 15, 17, 19, 22, 23, 25, 27, 29, 31, 34, 36, 38, 40, 42, 44, 46, 48, 51, 52, 54, 56, 58, 60, 62, 64, 66, 69, 70, 72, 74}
1332: {2, 3, 5, 7, 9, 11, 14, 16, 17, 19, 22, 24, 25, 27, 29, 31, 34, 36, 38, 40, 42, 44, 46, 48, 50, 52, 54, 56, 58, 60, 62, 64, 66, 69, 70, 73, 74}
1385: {2, 3, 5, 7, 9, 11, 13, 15, 17, 19, 22, 23, 25, 27, 29, 31, 34, 36, 38, 40, 42, 44, 46, 48, 51, 52, 55, 56, 58, 60, 62, 64, 66, 68, 71, 72, 74}
1433: {2, 3, 5, 7, 9, 11, 13, 16, 18, 20, 22, 23, 25, 28, 29, 31, 34, 36, 38, 40, 42, 44, 46, 48, 50, 52, 54, 56, 58, 60, 62, 64, 66, 68, 71, 72, 74}
1436: {2, 3, 5, 7, 9, 12, 13, 16, 18, 20, 22, 23, 25, 28, 29, 31, 34, 36, 38, 40, 42, 44, 46, 48, 50, 52, 54, 56, 58, 60, 62, 64, 66, 69, 70, 72, 74}
1460: {2, 3, 5, 8, 9, 11, 14, 16, 17, 19, 22, 24, 25, 28, 29, 31, 34, 36, 38, 40, 42, 44, 46, 48, 51, 52, 54, 56, 58, 60, 62, 64, 66, 68, 70, 72, 74}
1481: {2, 3, 5, 7, 9, 12, 14, 16, 18, 20, 22, 24, 25, 28, 29, 31, 34, 36, 38, 40, 42, 44, 46, 48, 50, 52, 54, 56, 58, 60, 62, 64, 66, 68, 70, 72, 74}
1483: {2, 3, 5, 7, 9, 11, 14, 16, 18, 20, 22, 24, 25, 28, 29, 31, 34, 36, 38, 40, 42, 44, 46, 48, 50, 52, 54, 56, 58, 60, 62, 64, 66, 69, 70, 72, 74}
1484: {2, 3, 5, 7, 9, 11, 14, 15, 18, 20, 22, 24, 25, 28, 29, 31, 34, 36, 38, 40, 42, 44, 46, 48, 50, 52, 54, 56, 58, 60, 62, 64, 66, 68, 70, 73, 74}
1486: {2, 3, 5, 7, 9, 11, 14, 15, 18, 20, 22, 24, 25, 28, 29, 33, 34, 36, 38, 40, 42, 44, 46, 48, 50, 52, 54, 56, 58, 60, 62, 64, 66, 68, 70, 72, 74}
1491: {2, 3, 5, 7, 9, 11, 13, 15, 17, 19, 22, 23, 25, 28, 29, 31, 34, 36, 38, 40, 42, 44, 46, 48, 50, 52, 55, 56, 58, 60, 62, 64, 66, 69, 70, 72, 74}
1509: {2, 3, 5, 7, 9, 12, 14, 15, 18, 20, 22, 23, 25, 28, 29, 31, 34, 36, 38, 40, 42, 44, 46, 48, 50, 52, 55, 56, 58, 60, 62, 64, 66, 68, 70, 72, 74}
1543: {2, 3, 5, 7, 9, 11, 14, 15, 17, 19, 22, 23, 25, 27, 29, 31, 34, 36, 38, 40, 42, 44, 46, 48, 50, 52, 54, 56, 58, 60, 62, 64, 66, 68, 71, 72, 75}
1565: {2, 3, 5, 7, 9, 11, 14, 15, 17, 19, 22, 23, 25, 27, 29, 31, 34, 36, 38, 40, 42, 44, 46, 48, 51, 52, 55, 56, 58, 60, 62, 64, 66, 68, 71, 72, 75}
1577: {2, 3, 5, 7, 9, 12, 14, 16, 17, 19, 22, 23, 25, 28, 29, 31, 34, 36, 38, 40, 42, 44, 46, 48, 50, 52, 54, 56, 58, 60, 62, 64, 66, 68, 70, 72, 75}
1582: {2, 3, 5, 7, 9, 11, 13, 15, 17, 19, 22, 23, 25, 28, 29, 31, 34, 36, 38, 40, 42, 44, 46, 48, 50, 52, 55, 56, 58, 60, 62, 64, 66, 68, 70, 72, 75}
1585: {2, 3, 5, 7, 9, 11, 13, 15, 17, 19, 22, 23, 25, 28, 29, 31, 34, 36, 38, 40, 42, 44, 46, 48, 51, 52, 55, 56, 58, 60, 62, 64, 66, 68, 70, 72, 75}
1598: {2, 3, 5, 7, 9, 11, 14, 15, 17, 19, 22, 23, 26, 28, 29, 31, 34, 36, 38, 40, 42, 44, 46, 48, 50, 52, 54, 56, 58, 60, 62, 64, 66, 68, 70, 72, 75}
1601: {1, 4, 5, 7, 9, 11, 13, 15, 17, 19, 21, 24, 25, 28, 29, 33, 34, 36, 38, 40, 42, 44, 46, 48, 51, 52, 54, 56, 58, 60, 62, 64, 66, 68, 70, 73, 74}
1605: {1, 4, 5, 7, 9, 12, 13, 15, 17, 20, 21, 24, 25, 28, 29, 33, 34, 36, 38, 40, 42, 44, 47, 48, 50, 52, 54, 56, 58, 60, 62, 64, 66, 68, 70, 73, 74}
1616: {1, 3, 5, 7, 9, 12, 13, 16, 18, 20, 21, 23, 25, 28, 29, 31, 34, 36, 38, 40, 42, 44, 47, 48, 51, 52, 54, 56, 58, 60, 62, 64, 66, 68, 70, 72, 74}
1618: {1, 4, 5, 7, 9, 11, 13, 16, 18, 20, 21, 24, 25, 28, 29, 31, 34, 36, 38, 40, 42, 44, 46, 48, 51, 52, 54, 56, 58, 60, 62, 64, 66, 68, 70, 72, 74}
1634: {1, 4, 5, 7, 9, 12, 14, 15, 17, 19, 21, 24, 25, 28, 29, 33, 34, 36, 39, 40, 42, 44, 46, 48, 51, 52, 54, 56, 58, 60, 62, 64, 66, 68, 71, 72, 74}
1647: {1, 4, 5, 7, 9, 12, 14, 16, 18, 20, 21, 24, 25, 28, 29, 31, 34, 36, 38, 40, 42, 44, 46, 48, 50, 52, 54, 56, 58, 60, 62, 64, 66, 68, 71, 72, 74}
1648: {1, 3, 5, 7, 10, 11, 14, 16, 18, 20, 21, 24, 25, 28, 29, 31, 34, 36, 39, 40, 42, 44, 46, 48, 51, 52, 54, 56, 58, 60, 62, 64, 66, 68, 71, 72, 74}
1649: {1, 3, 5, 7, 9, 12, 14, 16, 18, 20, 21, 23, 25, 28, 29, 31, 34, 36, 39, 40, 42, 44, 46, 48, 51, 52, 54, 56, 58, 60, 62, 64, 66, 68, 71, 72, 74}
1650: {1, 4, 5, 7, 9, 12, 14, 16, 18, 20, 21, 24, 25, 28, 29, 33, 34, 36, 39, 40, 42, 44, 46, 48, 51, 52, 54, 56, 58, 60, 62, 64, 66, 68, 71, 72, 74}
1655: {1, 3, 5, 7, 9, 11, 13, 15, 17, 19, 21, 23, 25, 28, 29, 31, 34, 37, 38, 40, 42, 44, 46, 49, 51, 52, 55, 56, 58, 60, 62, 64, 66, 68, 70, 72, 74}
1683: {1, 4, 5, 7, 9, 11, 13, 15, 17, 19, 21, 24, 25, 27, 29, 31, 34, 36, 38, 40, 43, 44, 46, 48, 51, 52, 54, 56, 58, 60, 63, 65, 66, 68, 70, 73, 74}
1706: {1, 3, 6, 7, 9, 11, 13, 15, 17, 19, 21, 23, 25, 27, 29, 31, 34, 36, 39, 40, 42, 44, 46, 48, 50, 52, 54, 56, 58, 60, 62, 65, 67, 68, 71, 73, 74}
1716: {1, 3, 5, 7, 9, 11, 13, 15, 17, 20, 21, 24, 25, 27, 29, 32, 34, 36, 39, 40, 43, 44, 47, 48, 50, 52, 54, 56, 58, 60, 62, 65, 66, 68, 70, 72, 74}
1717: {1, 3, 5, 7, 9, 11, 13, 15, 17, 20, 21, 24, 25, 27, 29, 31, 34, 36, 39, 40, 43, 44, 47, 48, 50, 52, 54, 56, 58, 60, 62, 65, 66, 68, 71, 72, 74}
1720: {1, 4, 6, 7, 9, 11, 13, 15, 17, 19, 21, 24, 25, 27, 29, 33, 34, 36, 39, 40, 42, 44, 46, 48, 51, 52, 54, 56, 58, 60, 62, 64, 66, 68, 71, 73, 74}
1736: {1, 4, 5, 7, 9, 11, 13, 16, 18, 20, 21, 24, 25, 27, 29, 32, 34, 36, 38, 40, 42, 44, 46, 48, 51, 52, 54, 56, 58, 60, 62, 64, 66, 68, 70, 72, 74}
1739: {1, 3, 5, 7, 9, 11, 13, 16, 18, 20, 21, 24, 25, 27, 29, 32, 34, 36, 39, 40, 42, 44, 46, 48, 50, 52, 54, 56, 58, 60, 62, 64, 66, 68, 70, 73, 74}
1746: {1, 3, 5, 7, 9, 11, 13, 15, 17, 20, 21, 24, 25, 27, 29, 31, 34, 37, 38, 40, 42, 44, 47, 49, 50, 52, 54, 56, 58, 60, 62, 65, 66, 68, 70, 72, 74}
1755: {1, 3, 6, 7, 9, 11, 14, 15, 17, 19, 21, 24, 25, 27, 29, 32, 35, 36, 38, 40, 43, 44, 46, 48, 50, 52, 54, 56, 58, 60, 62, 65, 66, 68, 70, 73, 74}
1778: {1, 4, 5, 7, 9, 12, 14, 15, 17, 20, 21, 24, 25, 27, 29, 33, 34, 36, 38, 40, 42, 44, 47, 48, 50, 52, 54, 56, 58, 60, 62, 64, 66, 68, 70, 72, 74}
1780: {1, 4, 5, 7, 9, 11, 14, 15, 17, 19, 21, 24, 25, 27, 29, 32, 34, 36, 38, 40, 42, 44, 46, 48, 51, 52, 54, 56, 58, 60, 62, 65, 66, 68, 70, 73, 74}
1810: {1, 3, 5, 7, 9, 11, 14, 15, 17, 19, 21, 24, 25, 27, 29, 31, 34, 36, 39, 41, 42, 44, 46, 48, 51, 52, 54, 56, 58, 60, 62, 65, 66, 68, 71, 72, 74}
1833: {1, 3, 5, 7, 9, 11, 14, 16, 18, 20, 21, 24, 25, 27, 29, 32, 34, 36, 38, 40, 42, 44, 47, 48, 50, 52, 54, 56, 58, 60, 62, 64, 66, 68, 70, 73, 74}
1890: {1, 3, 5, 7, 9, 11, 13, 16, 18, 20, 21, 24, 26, 27, 29, 32, 34, 36, 38, 40, 42, 44, 47, 48, 50, 52, 54, 56, 58, 60, 62, 64, 66, 68, 70, 73, 74}
1897: {1, 3, 5, 7, 9, 11, 13, 15, 17, 20, 21, 24, 26, 27, 29, 31, 34, 37, 38, 40, 43, 44, 47, 49, 51, 52, 54, 56, 58, 60, 62, 65, 66, 68, 70, 72, 74}
1903: {1, 3, 5, 7, 9, 11, 13, 15, 17, 20, 21, 24, 26, 27, 29, 31, 34, 37, 39, 40, 43, 44, 47, 49, 50, 52, 54, 56, 58, 60, 62, 65, 66, 68, 71, 72, 74}
1904: {1, 3, 5, 7, 9, 11, 14, 16, 17, 20, 21, 24, 26, 27, 29, 32, 34, 36, 38, 40, 42, 44, 47, 48, 50, 52, 54, 56, 58, 60, 62, 64, 66, 68, 70, 73, 74}
1932: {1, 3, 5, 7, 9, 12, 13, 16, 18, 20, 21, 23, 25, 28, 29, 31, 34, 36, 38, 40, 42, 44, 47, 48, 50, 52, 55, 56, 58, 60, 62, 64, 66, 68, 70, 72, 75}
1941: {1, 3, 5, 7, 10, 12, 14, 15, 17, 19, 21, 23, 25, 28, 29, 31, 34, 36, 39, 40, 42, 44, 46, 48, 51, 52, 55, 56, 58, 60, 62, 64, 66, 68, 71, 72, 75}
1950: {1, 3, 5, 7, 10, 12, 14, 16, 18, 20, 21, 23, 25, 27, 29, 31, 34, 36, 39, 40, 42, 44, 46, 48, 51, 52, 54, 56, 58, 60, 62, 64, 66, 68, 71, 72, 75}
1953: {1, 3, 5, 7, 9, 12, 13, 16, 18, 20, 21, 23, 25, 27, 29, 31, 34, 36, 39, 40, 42, 44, 46, 48, 50, 52, 55, 56, 58, 60, 62, 64, 66, 68, 71, 72, 75}
1956: {1, 3, 6, 7, 10, 11, 14, 15, 17, 19, 21, 23, 25, 27, 29, 31, 34, 36, 38, 40, 42, 44, 46, 48, 51, 52, 55, 56, 58, 60, 62, 64, 66, 68, 71, 72, 75}
1963: {1, 3, 5, 7, 10, 12, 14, 15, 17, 19, 21, 23, 25, 27, 29, 31, 34, 36, 39, 40, 42, 44, 46, 48, 51, 52, 55, 56, 58, 60, 62, 64, 66, 68, 71, 72, 75}
1971: {1, 3, 5, 7, 9, 12, 14, 16, 18, 20, 21, 23, 25, 27, 29, 31, 34, 36, 38, 40, 42, 44, 46, 48, 50, 52, 55, 56, 58, 60, 62, 64, 66, 68, 71, 72, 75}
1979: {1, 3, 5, 7, 9, 12, 13, 15, 17, 19, 21, 23, 26, 27, 29, 31, 34, 36, 38, 40, 42, 44, 46, 48, 51, 52, 55, 57, 58, 60, 62, 64, 66, 68, 70, 72, 75}
1985: {1, 3, 5, 7, 9, 11, 13, 15, 17, 19, 22, 24, 25, 28, 29, 31, 34, 37, 38, 40, 42, 45, 46, 48, 50, 52, 54, 56, 58, 60, 62, 64, 66, 69, 70, 72, 74}
1987: {1, 3, 5, 7, 9, 12, 13, 16, 18, 20, 22, 24, 25, 28, 29, 31, 34, 36, 38, 40, 42, 45, 46, 48, 51, 52, 54, 56, 58, 60, 62, 64, 66, 68, 70, 72, 74}
1990: {1, 3, 5, 7, 9, 11, 13, 15, 17, 19, 22, 24, 25, 28, 29, 31, 34, 37, 38, 40, 42, 45, 46, 49, 50, 52, 54, 56, 58, 60, 62, 64, 66, 68, 70, 72, 74}
2012: {1, 3, 5, 7, 9, 11, 13, 15, 17, 19, 22, 24, 25, 27, 29, 32, 34, 36, 38, 40, 42, 45, 46, 48, 50, 52, 54, 56, 58, 60, 62, 65, 66, 69, 70, 72, 74}
2021: {1, 3, 5, 7, 10, 11, 13, 15, 17, 19, 22, 23, 25, 27, 29, 32, 34, 36, 39, 40, 43, 45, 46, 48, 50, 52, 54, 56, 58, 60, 62, 64, 67, 69, 71, 73, 74}
2024: {1, 3, 6, 7, 9, 11, 13, 15, 17, 19, 22, 24, 25, 27, 29, 32, 34, 36, 39, 40, 43, 45, 46, 48, 51, 52, 54, 56, 58, 60, 62, 65, 66, 69, 71, 72, 74}
2029: {1, 3, 5, 7, 9, 11, 13, 16, 18, 20, 22, 24, 25, 27, 29, 31, 34, 36, 38, 40, 42, 45, 46, 48, 51, 52, 54, 56, 58, 60, 62, 64, 66, 69, 70, 72, 74}
2060: {1, 3, 5, 7, 9, 11, 13, 15, 17, 19, 22, 23, 26, 28, 29, 31, 34, 36, 38, 40, 42, 45, 46, 48, 50, 52, 55, 56, 58, 60, 62, 64, 66, 68, 70, 72, 74}
2062: {1, 3, 5, 7, 9, 11, 13, 15, 17, 19, 22, 24, 26, 27, 29, 32, 34, 36, 38, 40, 42, 45, 46, 48, 50, 52, 54, 56, 58, 60, 62, 64, 66, 69, 70, 73, 74}
2067: {1, 3, 5, 7, 9, 11, 14, 16, 17, 19, 22, 24, 26, 27, 29, 32, 34, 36, 39, 40, 42, 45, 46, 48, 50, 52, 54, 56, 58, 60, 62, 64, 66, 69, 71, 72, 74}
2096: {1, 3, 5, 7, 9, 12, 13, 15, 17, 19, 22, 23, 25, 27, 29, 31, 34, 36, 39, 40, 42, 45, 46, 48, 50, 52, 55, 57, 58, 60, 62, 64, 66, 69, 70, 72, 75}
2107: {1, 3, 5, 7, 9, 11, 14, 15, 17, 19, 22, 23, 25, 27, 29, 31, 34, 36, 39, 40, 42, 45, 46, 48, 51, 52, 55, 56, 58, 60, 62, 64, 66, 68, 70, 72, 75}
2132: {1, 3, 5, 7, 9, 11, 13, 15, 17, 19, 22, 23, 26, 27, 29, 31, 34, 36, 39, 40, 42, 45, 46, 48, 50, 52, 55, 56, 58, 60, 62, 64, 66, 68, 71, 72, 75}
2139: {1, 3, 5, 7, 9, 12, 13, 15, 17, 20, 21, 24, 25, 27, 29, 31, 34, 36, 38, 40, 43, 45, 47, 48, 51, 52, 54, 56, 58, 60, 62, 65, 66, 69, 70, 73, 74}
2142: {1, 3, 5, 7, 9, 12, 13, 15, 17, 20, 21, 24, 25, 27, 29, 32, 34, 36, 38, 40, 42, 45, 47, 48, 51, 52, 54, 56, 58, 60, 62, 65, 66, 68, 70, 73, 74}
2144: {1, 3, 5, 7, 9, 11, 13, 15, 17, 20, 21, 24, 25, 27, 29, 31, 34, 36, 38, 40, 42, 45, 47, 48, 50, 52, 54, 56, 58, 60, 62, 65, 66, 69, 70, 73, 74}
2149: {1, 3, 5, 7, 9, 11, 13, 15, 17, 20, 21, 24, 25, 27, 29, 32, 34, 36, 38, 40, 43, 45, 47, 48, 50, 52, 54, 56, 58, 60, 62, 65, 66, 68, 70, 73, 74}
2167: {1, 3, 5, 7, 9, 12, 13, 15, 17, 20, 21, 24, 25, 27, 29, 31, 34, 36, 39, 40, 43, 45, 47, 48, 51, 52, 54, 56, 58, 60, 62, 65, 66, 69, 70, 73, 74}
2170: {1, 3, 6, 7, 9, 12, 13, 15, 17, 20, 21, 24, 25, 27, 29, 31, 35, 36, 39, 40, 43, 45, 47, 48, 51, 52, 54, 57, 58, 60, 63, 65, 66, 69, 71, 73, 74}
2175: {1, 3, 5, 7, 9, 12, 13, 15, 17, 19, 21, 24, 25, 27, 29, 31, 34, 36, 39, 40, 42, 45, 46, 48, 50, 52, 54, 56, 58, 60, 62, 65, 66, 69, 71, 73, 74}
2184: {1, 3, 5, 7, 10, 12, 13, 15, 17, 19, 21, 24, 25, 27, 29, 32, 34, 36, 39, 40, 43, 45, 46, 48, 50, 52, 54, 56, 58, 60, 62, 65, 66, 68, 71, 73, 74}
2185: {1, 3, 5, 7, 9, 11, 13, 15, 17, 20, 21, 24, 25, 27, 29, 31, 34, 36, 39, 40, 43, 45, 47, 48, 50, 52, 54, 56, 58, 60, 62, 65, 66, 69, 70, 73, 74}
2188: {1, 3, 6, 7, 9, 12, 13, 15, 17, 20, 21, 24, 25, 27, 29, 31, 34, 36, 39, 40, 43, 45, 47, 48, 50, 52, 54, 56, 58, 60, 63, 65, 66, 69, 71, 73, 74}
2209: {1, 3, 5, 7, 9, 11, 13, 15, 17, 19, 21, 24, 25, 27, 29, 32, 34, 36, 39, 40, 43, 45, 46, 48, 50, 52, 54, 56, 58, 60, 62, 65, 66, 68, 71, 72, 74}
2210: {1, 3, 5, 7, 9, 12, 13, 15, 17, 19, 21, 24, 25, 27, 29, 32, 34, 36, 39, 40, 42, 45, 46, 48, 50, 52, 54, 56, 58, 60, 62, 65, 66, 68, 71, 72, 74}
2216: {1, 3, 6, 7, 10, 12, 13, 15, 17, 20, 21, 24, 25, 27, 29, 32, 34, 36, 39, 40, 43, 45, 47, 48, 50, 52, 54, 56, 58, 60, 62, 65, 66, 68, 71, 72, 74}
2218: {1, 3, 5, 7, 9, 11, 14, 15, 17, 20, 21, 24, 25, 27, 29, 31, 34, 36, 38, 40, 43, 45, 47, 48, 51, 52, 54, 56, 58, 60, 62, 65, 66, 69, 70, 73, 74}
2219: {1, 3, 5, 7, 9, 11, 14, 15, 17, 20, 21, 24, 25, 27, 29, 32, 34, 36, 38, 40, 43, 45, 47, 48, 51, 52, 54, 56, 58, 60, 62, 65, 66, 68, 70, 73, 74}
2234: {1, 3, 5, 7, 9, 11, 14, 15, 17, 19, 21, 24, 25, 27, 29, 31, 34, 36, 39, 40, 42, 45, 46, 48, 50, 52, 54, 56, 58, 60, 62, 65, 66, 69, 71, 73, 74}
2239: {1, 3, 5, 7, 9, 11, 14, 15, 17, 20, 21, 24, 25, 27, 29, 31, 34, 36, 39, 40, 43, 45, 47, 48, 50, 52, 54, 56, 58, 60, 62, 65, 66, 69, 70, 73, 74}
2245: {1, 3, 5, 7, 9, 11, 14, 15, 17, 19, 21, 24, 25, 27, 29, 32, 34, 36, 39, 40, 42, 45, 46, 48, 50, 52, 54, 56, 58, 60, 62, 65, 66, 68, 71, 72, 74}
2247: {1, 3, 5, 7, 9, 12, 14, 16, 17, 19, 21, 24, 25, 27, 29, 32, 34, 36, 39, 40, 43, 45, 46, 48, 50, 52, 54, 56, 58, 60, 62, 65, 66, 68, 71, 72, 74}
2258: {1, 4, 5, 7, 10, 11, 14, 15, 17, 19, 21, 24, 25, 27, 29, 32, 34, 36, 39, 40, 42, 45, 46, 48, 51, 52, 54, 57, 58, 60, 62, 65, 66, 69, 71, 72, 74}
2262: {1, 3, 5, 7, 9, 11, 13, 15, 17, 19, 21, 23, 25, 27, 29, 31, 34, 36, 39, 40, 42, 45, 46, 48, 51, 52, 55, 56, 58, 60, 63, 64, 66, 68, 71, 72, 74}
2263: {1, 3, 5, 7, 9, 11, 13, 15, 17, 20, 21, 23, 25, 27, 29, 31, 34, 36, 39, 40, 42, 45, 47, 48, 51, 52, 55, 56, 58, 60, 62, 64, 66, 69, 70, 72, 74}
2276: {1, 3, 5, 7, 9, 11, 14, 15, 17, 19, 21, 23, 26, 28, 29, 31, 34, 36, 38, 40, 42, 45, 46, 48, 51, 52, 55, 56, 58, 60, 62, 64, 66, 69, 70, 72, 74}
2302: {1, 3, 5, 7, 9, 11, 13, 15, 17, 20, 21, 23, 25, 27, 29, 31, 34, 36, 38, 40, 42, 45, 47, 48, 50, 52, 55, 56, 58, 60, 62, 64, 66, 69, 70, 72, 75}
2338: {1, 3, 5, 7, 9, 12, 14, 15, 17, 19, 21, 23, 25, 27, 29, 31, 34, 36, 39, 40, 42, 45, 46, 48, 50, 52, 55, 56, 58, 60, 62, 64, 66, 69, 71, 72, 75}
2339: {1, 3, 5, 7, 10, 12, 14, 15, 17, 19, 21, 23, 25, 27, 29, 31, 34, 36, 39, 40, 42, 45, 46, 48, 50, 52, 55, 56, 58, 60, 62, 64, 66, 69, 71, 72, 75}
2343: {1, 3, 5, 7, 9, 12, 14, 16, 17, 19, 21, 23, 25, 27, 29, 31, 34, 36, 39, 40, 42, 45, 46, 48, 50, 52, 55, 56, 58, 60, 63, 64, 66, 69, 71, 72, 75}
2366: {2, 3, 5, 7, 9, 11, 13, 15, 17, 19, 22, 24, 25, 28, 29, 33, 34, 36, 38, 40, 42, 44, 46, 48, 51, 52, 54, 56, 58, 60, 62, 64, 66, 69, 70, 73, 74}
2367: {2, 3, 5, 7, 9, 11, 13, 15, 17, 19, 22, 23, 25, 28, 29, 31, 34, 36, 38, 40, 42, 44, 46, 48, 51, 52, 54, 56, 58, 60, 62, 64, 67, 69, 70, 73, 74}
2375: {2, 3, 5, 7, 9, 12, 13, 16, 18, 20, 22, 24, 25, 28, 29, 31, 34, 36, 38, 40, 42, 44, 46, 48, 50, 52, 54, 56, 58, 60, 62, 64, 66, 69, 70, 73, 74}
2379: {2, 3, 5, 8, 9, 12, 13, 16, 18, 20, 22, 23, 25, 28, 29, 31, 34, 36, 38, 40, 42, 44, 46, 48, 51, 52, 54, 56, 58, 60, 62, 64, 66, 68, 71, 72, 74}
2383: {2, 3, 5, 7, 9, 12, 13, 16, 18, 20, 22, 23, 25, 28, 29, 31, 34, 36, 38, 40, 42, 44, 47, 48, 50, 52, 54, 56, 58, 60, 62, 64, 66, 69, 71, 72, 74}
2389: {2, 4, 5, 7, 9, 12, 13, 16, 18, 20, 22, 24, 25, 28, 29, 33, 34, 36, 38, 40, 42, 44, 47, 48, 50, 52, 54, 56, 58, 60, 62, 64, 66, 68, 71, 72, 74}
2400: {2, 4, 5, 7, 9, 12, 13, 16, 18, 20, 22, 24, 25, 28, 29, 31, 34, 36, 38, 40, 42, 44, 46, 48, 50, 52, 54, 56, 58, 60, 62, 64, 66, 68, 71, 72, 74}
2402: {2, 3, 5, 8, 9, 12, 13, 16, 18, 20, 22, 23, 25, 28, 29, 31, 34, 36, 39, 40, 42, 44, 46, 48, 51, 52, 54, 56, 58, 60, 62, 64, 66, 68, 71, 72, 74}
2407: {2, 3, 5, 7, 9, 11, 13, 15, 17, 19, 22, 24, 25, 28, 29, 31, 34, 37, 38, 40, 42, 44, 46, 49, 50, 52, 54, 56, 58, 60, 62, 64, 66, 68, 70, 72, 74}
2424: {2, 4, 5, 7, 9, 11, 14, 15, 18, 20, 22, 24, 25, 28, 29, 33, 34, 36, 38, 40, 42, 44, 46, 48, 50, 52, 54, 56, 58, 60, 62, 64, 66, 68, 70, 72, 74}
2427: {2, 3, 5, 7, 9, 11, 14, 15, 17, 19, 22, 23, 25, 28, 29, 31, 34, 37, 38, 40, 42, 44, 46, 49, 50, 52, 54, 56, 58, 60, 62, 64, 66, 69, 70, 72, 74}
2434: {2, 3, 5, 7, 9, 12, 13, 16, 18, 20, 22, 23, 25, 28, 29, 31, 34, 36, 38, 40, 42, 44, 46, 48, 50, 52, 55, 56, 58, 60, 62, 64, 66, 69, 71, 72, 74}
2435: {2, 3, 5, 7, 9, 12, 13, 16, 18, 20, 22, 23, 25, 28, 29, 31, 34, 36, 38, 40, 42, 44, 47, 48, 50, 52, 55, 56, 58, 60, 62, 64, 66, 69, 71, 72, 74}
2444: {2, 3, 5, 7, 9, 11, 13, 15, 17, 19, 22, 24, 25, 27, 29, 33, 34, 36, 38, 40, 42, 44, 46, 48, 51, 52, 54, 56, 58, 60, 62, 65, 66, 69, 70, 73, 74}
2450: {2, 3, 5, 7, 9, 11, 13, 15, 17, 19, 22, 23, 25, 27, 29, 33, 34, 36, 38, 40, 42, 44, 46, 48, 50, 52, 54, 56, 58, 60, 62, 64, 67, 69, 70, 73, 74}
2451: {2, 3, 6, 7, 9, 11, 13, 15, 17, 19, 22, 23, 25, 27, 29, 33, 35, 36, 38, 40, 43, 44, 46, 48, 50, 52, 54, 56, 58, 60, 62, 65, 67, 69, 70, 73, 74}
2459: {2, 3, 6, 7, 9, 11, 13, 15, 17, 19, 22, 24, 25, 27, 29, 31, 35, 36, 38, 40, 43, 44, 46, 48, 50, 52, 54, 56, 58, 60, 62, 65, 66, 69, 70, 73, 74}
2461: {2, 3, 5, 7, 9, 11, 13, 15, 17, 19, 22, 23, 25, 27, 29, 31, 34, 36, 38, 40, 43, 44, 46, 48, 51, 52, 54, 56, 58, 60, 62, 64, 67, 68, 70, 73, 74}
2483: {2, 3, 5, 7, 9, 11, 13, 16, 18, 20, 22, 24, 25, 27, 29, 33, 34, 36, 38, 40, 43, 44, 46, 48, 50, 52, 54, 56, 58, 60, 62, 64, 66, 68, 70, 72, 74}
2499: {2, 4, 5, 7, 9, 11, 13, 16, 18, 20, 22, 24, 25, 27, 29, 31, 35, 36, 38, 40, 42, 44, 46, 48, 50, 52, 54, 56, 58, 60, 62, 64, 66, 69, 71, 73, 74}
2516: {2, 4, 5, 7, 9, 12, 13, 16, 18, 20, 22, 24, 25, 27, 29, 32, 34, 36, 38, 40, 42, 44, 47, 48, 50, 52, 54, 56, 58, 60, 62, 64, 66, 68, 71, 73, 74}
2517: {2, 4, 5, 7, 9, 12, 13, 16, 18, 20, 22, 24, 25, 27, 29, 31, 34, 36, 38, 40, 43, 44, 47, 48, 50, 52, 54, 56, 58, 60, 62, 64, 66, 68, 71, 73, 74}
2518: {2, 4, 5, 7, 9, 12, 13, 16, 18, 20, 22, 24, 25, 27, 29, 32, 34, 36, 38, 40, 43, 44, 47, 48, 50, 52, 54, 56, 58, 60, 62, 64, 66, 68, 71, 73, 74}
2534: {2, 3, 5, 8, 9, 12, 13, 16, 18, 20, 22, 23, 25, 27, 29, 31, 34, 36, 39, 40, 42, 44, 46, 48, 51, 52, 54, 56, 58, 60, 62, 64, 66, 68, 71, 72, 74}
2550: {2, 4, 5, 7, 9, 12, 13, 16, 18, 20, 22, 24, 25, 27, 29, 31, 34, 36, 39, 40, 43, 44, 46, 48, 50, 52, 54, 56, 58, 60, 62, 65, 66, 69, 71, 73, 74}
2554: {2, 4, 5, 7, 9, 12, 13, 16, 18, 20, 22, 24, 25, 27, 29, 32, 34, 36, 39, 40, 43, 44, 46, 48, 50, 52, 54, 56, 58, 60, 62, 64, 66, 68, 71, 73, 74}
2575: {2, 3, 5, 7, 9, 12, 14, 16, 17, 19, 22, 24, 25, 27, 29, 32, 34, 36, 38, 40, 43, 44, 46, 48, 50, 52, 54, 56, 58, 60, 62, 64, 66, 69, 70, 73, 74}
2576: {2, 3, 5, 7, 9, 11, 14, 16, 17, 19, 22, 24, 25, 27, 29, 32, 34, 36, 38, 40, 43, 44, 46, 48, 50, 52, 54, 56, 58, 60, 62, 65, 66, 69, 70, 73, 74}
2586: {2, 3, 5, 7, 9, 11, 14, 15, 18, 20, 22, 24, 25, 27, 29, 32, 34, 36, 38, 40, 43, 44, 46, 48, 50, 52, 54, 56, 58, 60, 62, 64, 66, 69, 70, 73, 74}
2595: {2, 3, 5, 7, 10, 11, 14, 16, 18, 20, 22, 23, 25, 27, 29, 31, 34, 36, 38, 40, 42, 44, 46, 48, 51, 52, 54, 56, 58, 60, 62, 64, 66, 68, 70, 72, 74}
2603: {2, 3, 5, 7, 10, 11, 14, 16, 18, 20, 22, 24, 25, 27, 29, 31, 34, 36, 39, 40, 42, 44, 46, 48, 51, 52, 54, 56, 58, 60, 62, 64, 66, 69, 70, 72, 74}
2614: {2, 3, 5, 7, 9, 12, 13, 16, 18, 20, 22, 23, 25, 27, 29, 31, 34, 36, 39, 40, 42, 44, 46, 48, 50, 52, 55, 56, 58, 60, 62, 64, 66, 69, 71, 72, 74}
2616: {2, 3, 6, 7, 9, 11, 14, 15, 17, 19, 22, 23, 25, 27, 29, 31, 35, 36, 38, 40, 42, 44, 46, 48, 51, 52, 55, 56, 58, 60, 62, 64, 66, 69, 70, 72, 74}
2618: {2, 3, 6, 7, 9, 11, 14, 15, 17, 19, 22, 23, 25, 27, 29, 31, 34, 36, 39, 40, 42, 44, 46, 48, 50, 52, 55, 56, 58, 60, 62, 64, 66, 69, 71, 72, 74}
2628: {2, 3, 6, 7, 9, 11, 13, 15, 17, 19, 22, 23, 26, 27, 29, 31, 34, 36, 39, 40, 42, 44, 46, 48, 51, 52, 54, 56, 58, 60, 62, 64, 66, 69, 71, 72, 74}
2640: {2, 3, 5, 7, 9, 11, 14, 16, 17, 19, 22, 24, 26, 27, 29, 31, 34, 37, 38, 40, 43, 44, 46, 49, 51, 52, 54, 56, 58, 60, 62, 64, 66, 68, 70, 72, 74}
2641: {2, 3, 5, 7, 9, 11, 14, 16, 17, 19, 22, 24, 26, 27, 29, 31, 34, 37, 38, 40, 42, 44, 46, 49, 50, 52, 54, 56, 58, 60, 62, 64, 66, 68, 70, 72, 74}
2642: {2, 3, 5, 7, 9, 11, 14, 16, 17, 19, 22, 24, 26, 27, 29, 31, 34, 37, 38, 40, 43, 44, 46, 49, 50, 52, 54, 56, 58, 60, 62, 64, 66, 68, 70, 72, 74}
2643: {2, 3, 5, 7, 9, 11, 14, 16, 17, 19, 22, 24, 26, 27, 29, 31, 34, 37, 39, 40, 42, 44, 46, 49, 50, 52, 54, 56, 58, 60, 62, 64, 66, 69, 70, 72, 74}
2657: {2, 3, 5, 7, 9, 12, 14, 15, 18, 20, 22, 23, 25, 28, 29, 31, 34, 36, 38, 40, 42, 44, 46, 48, 50, 52, 54, 56, 58, 60, 62, 64, 66, 69, 70, 72, 75}
2664: {2, 3, 5, 7, 9, 12, 13, 16, 18, 20, 22, 23, 25, 28, 29, 31, 34, 36, 38, 40, 42, 44, 47, 48, 50, 52, 55, 56, 58, 60, 62, 64, 66, 69, 71, 72, 75}
2666: {2, 3, 5, 7, 9, 12, 13, 16, 18, 20, 22, 23, 25, 28, 29, 31, 34, 36, 38, 40, 42, 44, 46, 48, 50, 52, 55, 56, 58, 60, 62, 64, 66, 68, 70, 72, 75}
2694: {2, 3, 6, 7, 9, 11, 13, 15, 17, 19, 22, 23, 25, 27, 29, 31, 34, 36, 39, 40, 42, 44, 46, 48, 51, 52, 55, 56, 58, 60, 62, 64, 66, 68, 71, 72, 75}
2700: {2, 3, 5, 7, 9, 12, 13, 16, 18, 20, 22, 23, 25, 27, 29, 31, 34, 36, 38, 40, 42, 44, 46, 48, 50, 52, 55, 56, 58, 60, 62, 64, 66, 69, 71, 72, 75}
2708: {2, 3, 5, 8, 9, 11, 13, 16, 18, 20, 22, 23, 25, 27, 29, 31, 34, 36, 39, 40, 42, 44, 46, 48, 51, 52, 55, 56, 58, 60, 62, 64, 66, 69, 71, 72, 75}
2710: {2, 3, 5, 8, 9, 12, 13, 16, 18, 20, 22, 23, 25, 27, 29, 31, 34, 36, 39, 40, 42, 44, 46, 48, 51, 52, 55, 56, 58, 60, 62, 64, 66, 69, 71, 72, 75}
2711: {2, 3, 5, 7, 10, 12, 13, 16, 18, 20, 22, 23, 25, 27, 29, 31, 34, 36, 39, 40, 42, 44, 46, 48, 51, 52, 55, 56, 58, 60, 62, 64, 66, 69, 71, 72, 75}
2723: {2, 3, 6, 7, 9, 11, 14, 15, 17, 19, 22, 23, 25, 27, 29, 31, 34, 36, 39, 40, 42, 44, 46, 48, 51, 52, 55, 56, 58, 60, 62, 64, 66, 68, 71, 72, 75}
2727: {2, 3, 5, 7, 9, 11, 14, 15, 18, 20, 22, 23, 25, 27, 29, 31, 34, 36, 38, 40, 42, 44, 46, 48, 50, 52, 55, 57, 58, 60, 62, 64, 66, 69, 70, 72, 75}
2731: {2, 3, 5, 7, 9, 12, 14, 16, 18, 20, 22, 23, 25, 27, 29, 31, 34, 36, 38, 40, 42, 44, 46, 48, 50, 52, 55, 56, 58, 60, 62, 64, 66, 69, 70, 72, 75}
2735: {2, 3, 5, 7, 9, 12, 14, 15, 18, 20, 22, 23, 25, 27, 29, 31, 34, 36, 39, 40, 42, 44, 46, 48, 50, 52, 55, 57, 58, 60, 62, 64, 66, 69, 71, 72, 75}
2741: {2, 3, 5, 7, 9, 11, 13, 16, 17, 19, 22, 23, 25, 28, 29, 31, 34, 36, 38, 40, 43, 44, 46, 49, 50, 52, 54, 56, 58, 61, 62, 64, 67, 68, 70, 73, 74}
2743: {2, 3, 5, 7, 9, 11, 13, 16, 17, 19, 22, 23, 26, 28, 29, 31, 34, 36, 38, 40, 43, 44, 46, 49, 50, 52, 54, 56, 58, 61, 62, 64, 67, 68, 70, 73, 74}
2797: {2, 3, 5, 8, 9, 12, 14, 16, 17, 19, 21, 23, 25, 28, 29, 31, 34, 36, 38, 40, 42, 44, 46, 48, 51, 52, 55, 56, 58, 60, 62, 64, 66, 69, 71, 72, 74}
2815: {2, 3, 5, 7, 9, 12, 13, 15, 17, 20, 21, 23, 25, 27, 29, 33, 34, 36, 38, 40, 43, 44, 47, 48, 50, 52, 54, 56, 58, 60, 62, 64, 67, 68, 70, 73, 74}
2831: {2, 3, 6, 7, 9, 11, 13, 15, 17, 19, 21, 23, 25, 27, 29, 31, 34, 36, 38, 40, 42, 44, 46, 48, 50, 52, 54, 56, 58, 60, 62, 65, 67, 68, 71, 73, 74}
2847: {2, 3, 5, 7, 9, 11, 13, 15, 17, 19, 21, 24, 25, 27, 29, 31, 34, 36, 39, 40, 42, 44, 46, 48, 51, 53, 54, 56, 58, 60, 62, 65, 66, 68, 71, 73, 74}
2867: {2, 3, 5, 7, 9, 11, 13, 15, 17, 20, 21, 23, 25, 27, 29, 31, 34, 36, 39, 40, 43, 44, 47, 48, 50, 52, 54, 56, 58, 60, 62, 64, 67, 68, 70, 73, 74}
2886: {2, 3, 5, 7, 9, 11, 13, 16, 18, 20, 21, 23, 25, 27, 29, 31, 34, 36, 38, 40, 43, 44, 47, 49, 50, 52, 54, 56, 58, 60, 62, 65, 67, 68, 70, 73, 74}
2907: {2, 4, 5, 7, 10, 11, 14, 15, 17, 19, 21, 24, 25, 27, 29, 33, 34, 36, 38, 40, 42, 44, 46, 48, 51, 52, 54, 57, 58, 60, 62, 65, 66, 69, 71, 72, 74}
2909: {2, 4, 5, 8, 9, 11, 14, 16, 17, 19, 21, 24, 25, 27, 29, 33, 34, 36, 38, 40, 42, 44, 46, 48, 51, 52, 54, 57, 58, 60, 62, 64, 66, 69, 71, 72, 74}
2911: {2, 4, 5, 7, 9, 12, 14, 16, 17, 20, 21, 24, 25, 27, 29, 31, 34, 36, 38, 40, 42, 44, 47, 48, 50, 52, 54, 56, 58, 60, 62, 64, 66, 69, 70, 73, 74}
2915: {2, 4, 5, 7, 10, 11, 14, 15, 17, 19, 21, 24, 25, 27, 29, 31, 34, 36, 38, 40, 42, 44, 46, 48, 50, 52, 54, 57, 58, 60, 62, 65, 66, 69, 71, 72, 74}
2920: {2, 3, 6, 7, 9, 11, 14, 15, 17, 19, 21, 24, 25, 27, 29, 31, 35, 36, 39, 41, 42, 44, 46, 48, 51, 52, 54, 56, 58, 60, 62, 65, 66, 69, 71, 73, 74}
2922: {2, 3, 5, 7, 10, 11, 14, 15, 17, 19, 21, 24, 25, 27, 29, 31, 35, 36, 39, 40, 42, 44, 46, 48, 51, 53, 54, 57, 58, 60, 62, 65, 66, 69, 71, 73, 74}
2934: {2, 4, 5, 7, 10, 11, 14, 15, 17, 19, 21, 24, 25, 27, 29, 31, 34, 36, 39, 40, 42, 44, 46, 48, 51, 52, 54, 56, 58, 60, 62, 65, 66, 69, 71, 73, 74}
2936: {2, 4, 5, 8, 9, 11, 14, 16, 17, 19, 21, 24, 25, 27, 29, 32, 34, 36, 39, 40, 42, 44, 46, 48, 51, 52, 54, 56, 58, 60, 62, 64, 66, 69, 71, 73, 74}
2941: {2, 3, 5, 7, 9, 11, 14, 16, 18, 20, 21, 24, 25, 27, 29, 31, 35, 36, 38, 40, 42, 44, 46, 48, 50, 52, 54, 56, 58, 60, 62, 64, 66, 69, 71, 73, 74}
2946: {2, 3, 5, 7, 9, 11, 14, 16, 18, 20, 21, 24, 25, 27, 29, 31, 34, 36, 38, 40, 43, 44, 47, 48, 50, 52, 54, 56, 58, 60, 62, 64, 66, 69, 70, 73, 74}
2955: {2, 3, 5, 7, 10, 11, 14, 16, 18, 20, 21, 24, 25, 27, 29, 31, 35, 36, 39, 40, 42, 44, 46, 48, 51, 52, 54, 57, 58, 60, 62, 65, 66, 69, 71, 73, 74}
2974: {2, 3, 5, 7, 9, 11, 14, 16, 18, 20, 21, 23, 25, 27, 29, 31, 35, 36, 38, 40, 42, 44, 46, 48, 50, 52, 55, 56, 58, 60, 62, 64, 66, 69, 71, 72, 74}
2980: {2, 3, 5, 7, 9, 11, 13, 15, 17, 19, 21, 24, 26, 28, 29, 31, 34, 36, 38, 40, 42, 44, 46, 49, 50, 52, 54, 56, 58, 60, 62, 64, 66, 68, 70, 73, 74}
2995: {2, 3, 5, 7, 9, 11, 13, 15, 17, 19, 21, 24, 26, 27, 29, 31, 34, 36, 38, 40, 43, 44, 46, 49, 50, 52, 54, 56, 58, 60, 62, 65, 66, 68, 70, 73, 74}
3003: {2, 3, 5, 7, 9, 11, 13, 16, 18, 20, 21, 23, 26, 27, 29, 31, 34, 36, 38, 40, 43, 44, 46, 49, 50, 52, 54, 56, 58, 60, 62, 65, 67, 68, 71, 73, 74}
3010: {2, 3, 5, 7, 9, 12, 13, 16, 17, 19, 21, 23, 25, 28, 29, 31, 34, 36, 38, 40, 42, 44, 46, 48, 50, 52, 54, 57, 58, 60, 62, 64, 66, 69, 70, 72, 75}
3018: {2, 3, 5, 7, 9, 12, 14, 16, 17, 20, 21, 23, 25, 28, 29, 31, 34, 36, 38, 40, 42, 44, 47, 48, 50, 52, 54, 56, 58, 60, 62, 64, 66, 69, 70, 72, 75}
3046: {2, 3, 5, 7, 9, 12, 14, 15, 17, 19, 21, 23, 25, 28, 29, 31, 34, 36, 38, 40, 42, 44, 46, 48, 50, 52, 55, 57, 58, 60, 62, 64, 66, 69, 70, 72, 75}
3053: {2, 3, 5, 7, 9, 12, 14, 16, 17, 20, 21, 23, 25, 28, 29, 31, 34, 36, 38, 40, 42, 44, 47, 48, 50, 52, 55, 56, 58, 60, 62, 64, 66, 69, 70, 72, 75}
3054: {2, 3, 5, 7, 10, 12, 14, 15, 17, 19, 21, 23, 25, 28, 29, 31, 34, 36, 39, 40, 42, 44, 46, 48, 51, 52, 55, 56, 58, 60, 62, 64, 66, 69, 71, 72, 75}
3060: {2, 3, 5, 7, 9, 12, 13, 15, 17, 19, 21, 23, 25, 27, 29, 31, 34, 36, 38, 40, 42, 44, 46, 48, 50, 52, 54, 57, 58, 60, 63, 64, 66, 69, 70, 72, 75}
3072: {2, 3, 5, 7, 9, 11, 14, 15, 17, 20, 21, 23, 25, 27, 29, 31, 35, 36, 39, 40, 42, 44, 47, 48, 51, 52, 54, 56, 58, 60, 62, 64, 66, 69, 71, 72, 75}
3085: {2, 3, 5, 7, 9, 11, 13, 15, 17, 19, 21, 23, 25, 27, 29, 31, 34, 36, 39, 40, 42, 44, 46, 48, 51, 52, 55, 56, 58, 60, 63, 64, 66, 69, 71, 72, 75}
3099: {2, 3, 5, 7, 9, 12, 13, 15, 17, 20, 21, 23, 25, 27, 29, 31, 34, 36, 39, 40, 42, 44, 47, 48, 50, 52, 55, 57, 58, 60, 63, 64, 66, 69, 71, 72, 75}
3104: {2, 3, 5, 7, 9, 12, 13, 16, 18, 20, 21, 23, 25, 27, 29, 31, 34, 36, 39, 40, 42, 44, 46, 48, 50, 52, 55, 56, 58, 60, 62, 64, 66, 69, 71, 72, 75}
3111: {2, 3, 5, 7, 9, 11, 14, 16, 17, 19, 21, 23, 25, 27, 29, 31, 35, 36, 38, 40, 42, 44, 46, 48, 50, 52, 55, 56, 58, 60, 62, 64, 66, 69, 71, 72, 75}
3126: {2, 3, 5, 7, 9, 11, 14, 16, 17, 20, 21, 23, 25, 27, 29, 31, 34, 36, 39, 40, 42, 44, 47, 48, 50, 52, 55, 56, 58, 60, 62, 64, 66, 69, 71, 72, 75}
3128: {2, 3, 5, 7, 9, 12, 14, 16, 18, 20, 21, 23, 25, 27, 29, 31, 34, 36, 38, 40, 42, 44, 46, 48, 50, 52, 55, 56, 58, 60, 62, 64, 66, 69, 70, 72, 75}
3132: {2, 3, 5, 7, 9, 12, 14, 16, 18, 20, 21, 23, 25, 27, 29, 31, 35, 36, 38, 40, 42, 44, 46, 48, 50, 52, 55, 56, 58, 60, 62, 64, 66, 69, 71, 72, 75}
3133: {2, 3, 5, 7, 9, 12, 14, 16, 18, 20, 21, 23, 25, 27, 29, 31, 34, 36, 38, 40, 42, 44, 47, 48, 50, 52, 55, 56, 58, 60, 62, 64, 66, 69, 70, 72, 75}
3136: {2, 3, 5, 7, 9, 12, 14, 16, 18, 20, 21, 23, 25, 27, 29, 31, 34, 36, 39, 40, 42, 44, 46, 48, 51, 52, 55, 56, 58, 60, 62, 64, 66, 69, 71, 72, 75}
3142: {2, 3, 5, 7, 9, 11, 14, 15, 17, 20, 21, 23, 26, 28, 29, 31, 34, 36, 38, 40, 42, 44, 47, 48, 50, 52, 54, 56, 58, 60, 62, 64, 66, 69, 70, 72, 75}
3156: {2, 3, 5, 7, 9, 11, 13, 16, 17, 19, 21, 23, 25, 28, 29, 33, 34, 36, 38, 40, 42, 44, 46, 49, 50, 52, 54, 56, 58, 61, 62, 64, 67, 68, 70, 73, 74}
3157: {2, 3, 5, 7, 9, 11, 13, 16, 17, 19, 21, 23, 25, 28, 29, 31, 34, 36, 38, 40, 42, 44, 46, 49, 50, 52, 54, 56, 58, 61, 62, 64, 67, 68, 70, 73, 74}
3163: {2, 3, 5, 7, 9, 12, 13, 16, 17, 19, 21, 23, 25, 27, 29, 31, 34, 36, 38, 40, 42, 44, 46, 48, 51, 52, 54, 56, 58, 61, 62, 64, 67, 68, 70, 73, 74}
3173: {2, 3, 5, 7, 10, 11, 13, 15, 17, 19, 21, 23, 25, 27, 29, 32, 34, 36, 39, 40, 43, 44, 46, 48, 50, 52, 54, 56, 58, 61, 62, 64, 67, 68, 70, 73, 74}
3190: {2, 3, 5, 7, 10, 11, 13, 16, 18, 20, 21, 23, 26, 27, 29, 32, 34, 36, 39, 40, 42, 44, 46, 48, 51, 52, 54, 56, 58, 61, 62, 64, 67, 68, 71, 73, 74}
3192: {2, 4, 5, 7, 9, 11, 13, 16, 17, 19, 21, 23, 26, 27, 29, 33, 34, 36, 38, 40, 42, 44, 46, 49, 51, 52, 54, 56, 58, 61, 62, 64, 67, 68, 70, 73, 74}
3193: {2, 4, 5, 7, 9, 11, 13, 16, 17, 19, 21, 23, 26, 27, 29, 33, 34, 36, 38, 40, 42, 44, 46, 49, 50, 52, 54, 56, 58, 61, 62, 64, 67, 68, 70, 73, 74}
