3: {1, 3, 5, 7, 9, 12, 13, 16, 17, 19, 21, 23, 25, 27, 29, 31, 34, 36, 38, 40, 42, 44, 46, 48, 50, 52, 54, 56, 58, 60, 62, 64, 66, 68, 70, 72, 74}
14: {1, 3, 5, 7, 9, 11, 13, 15, 17, 20, 21, 24, 25, 27, 29, 31, 34, 36, 38, 40, 43, 44, 47, 48, 50, 52, 54, 56, 58, 60, 62, 65, 66, 68, 70, 72, 74}
52: {1, 4, 5, 7, 9, 11, 13, 16, 17, 19, 21, 24, 25, 27, 29, 33, 34, 36, 38, 40, 42, 44, 46, 48, 50, 52, 54, 56, 58, 60, 62, 64, 66, 68, 70, 72, 74}
68: {1, 3, 5, 7, 9, 12, 13, 16, 17, 19, 21, 23, 25, 27, 29, 31, 34, 36, 39, 40, 42, 44, 46, 48, 51, 52, 54, 56, 58, 60, 62, 64, 66, 68, 70, 72, 74}
104: {1, 3, 5, 7, 9, 11, 13, 16, 18, 20, 21, 24, 25, 27, 29, 31, 34, 36, 38, 40, 42, 44, 47, 48, 50, 52, 54, 56, 58, 60, 62, 64, 66, 68, 70, 72, 74}
110: {1, 3, 5, 7, 9, 11, 13, 16, 18, 20, 21, 24, 25, 27, 29, 32, 34, 36, 38, 40, 42, 44, 46, 48, 50, 52, 54, 56, 58, 60, 62, 64, 66, 68, 70, 73, 74}
112: {1, 3, 5, 7, 9, 12, 13, 16, 18, 20, 21, 23, 25, 27, 29, 31, 34, 36, 39, 40, 42, 44, 46, 48, 51, 52, 54, 56, 58, 60, 62, 64, 66, 68, 71, 72, 74}
124: {1, 3, 5, 7, 9, 12, 14, 16, 17, 19, 21, 23, 25, 27, 29, 31, 34, 36, 38, 40, 42, 44, 46, 48, 50, 52, 54, 56, 58, 60, 62, 64, 66, 68, 71, 72, 74}
135: {1, 3, 5, 7, 9, 11, 14, 15, 17, 19, 21, 24, 25, 27, 29, 31, 34, 36, 38, 40, 42, 44, 46, 48, 50, 52, 54, 56, 58, 60, 62, 65, 66, 68, 70, 72, 74}
136: {1, 3, 5, 7, 9, 11, 14, 15, 17, 19, 21, 24, 25, 27, 29, 31, 34, 36, 38, 40, 42, 44, 46, 48, 50, 52, 54, 56, 58, 60, 62, 65, 66, 68, 71, 72, 74}
154: {1, 3, 5, 7, 9, 11, 14, 16, 17, 19, 21, 24, 25, 27, 29, 31, 34, 36, 38, 40, 42, 44, 46, 48, 50, 52, 54, 56, 58, 60, 62, 64, 66, 68, 70, 73, 74}
155: {1, 3, 5, 7, 9, 11, 14, 16, 17, 19, 21, 24, 25, 27, 29, 31, 34, 36, 38, 40, 42, 44, 46, 48, 50, 52, 54, 56, 58, 60, 62, 64, 66, 68, 71, 73, 74}
185: {1, 4, 5, 7, 9, 12, 14, 16, 17, 20, 21, 24, 25, 27, 29, 31, 34, 36, 38, 40, 42, 44, 47, 48, 50, 52, 54, 56, 58, 60, 62, 64, 66, 68, 70, 72, 74}
186: {1, 4, 5, 7, 9, 11, 14, 15, 17, 19, 21, 24, 25, 27, 29, 31, 34, 36, 38, 40, 42, 44, 46, 48, 51, 52, 54, 56, 58, 60, 62, 65, 66, 68, 70, 72, 74}
197: {1, 4, 5, 7, 9, 11, 14, 15, 17, 19, 21, 24, 25, 27, 29, 33, 34, 36, 38, 40, 42, 44, 46, 48, 51, 52, 54, 56, 58, 60, 62, 64, 66, 68, 70, 72, 74}
218: {1, 3, 5, 8, 9, 12, 14, 16, 17, 19, 21, 23, 25, 27, 29, 31, 34, 36, 39, 40, 42, 44, 46, 48, 51, 52, 54, 56, 58, 60, 62, 64, 66, 68, 71, 72, 74}
220: {1, 3, 5, 7, 9, 11, 14, 15, 17, 19, 21, 24, 25, 27, 29, 31, 34, 36, 39, 40, 42, 44, 46, 48, 50, 52, 54, 56, 58, 60, 62, 65, 66, 68, 71, 72, 74}
259: {1, 3, 5, 7, 9, 11, 14, 16, 18, 20, 21, 24, 25, 27, 29, 32, 34, 36, 38, 40, 42, 44, 47, 48, 50, 52, 54, 56, 58, 60, 62, 64, 66, 68, 70, 72, 74}
260: {1, 3, 5, 7, 9, 11, 14, 16, 18, 20, 21, 24, 25, 27, 29, 32, 34, 36, 38, 40, 42, 44, 46, 48, 50, 52, 54, 56, 58, 60, 62, 64, 66, 68, 70, 73, 74}
262: {1, 3, 5, 7, 9, 12, 14, 16, 18, 20, 21, 23, 25, 27, 29, 31, 34, 36, 39, 40, 42, 44, 46, 48, 50, 52, 54, 56, 58, 60, 62, 64, 66, 68, 71, 72, 74}
274: {1, 3, 5, 7, 9, 11, 13, 15, 17, 20, 21, 23, 25, 27, 29, 31, 34, 36, 38, 40, 42, 44, 47, 48, 51, 52, 55, 56, 58, 60, 62, 64, 66, 68, 70, 72, 74}
275: {1, 3, 5, 7, 9, 12, 13, 15, 17, 20, 21, 23, 25, 27, 29, 31, 34, 36, 38, 40, 42, 44, 47, 48, 51, 52, 55, 56, 58, 60, 62, 64, 66, 68, 70, 72, 74}
285: {1, 3, 5, 7, 9, 12, 13, 15, 17, 20, 21, 23, 25, 27, 29, 31, 34, 36, 39, 40, 42, 44, 47, 48, 50, 52, 55, 56, 58, 60, 62, 64, 66, 68, 70, 72, 74}
307: {1, 3, 5, 7, 9, 12, 14, 16, 17, 19, 21, 23, 25, 27, 29, 31, 34, 36, 38, 40, 42, 44, 46, 48, 50, 52, 55, 56, 58, 60, 62, 64, 66, 68, 70, 72, 74}
329: {1, 3, 5, 7, 9, 12, 14, 16, 17, 19, 21, 23, 25, 27, 29, 31, 34, 36, 39, 40, 42, 44, 46, 48, 50, 52, 55, 56, 58, 60, 62, 64, 66, 68, 71, 72, 74}
364: {1, 3, 5, 7, 10, 12, 13, 15, 17, 20, 21, 24, 25, 28, 29, 31, 34, 36, 38, 40, 42, 44, 47, 48, 50, 52, 54, 56, 58, 60, 62, 64, 66, 68, 70, 72, 74}
372: {1, 4, 5, 7, 9, 11, 13, 15, 17, 19, 21, 24, 25, 28, 29, 31, 34, 36, 38, 40, 42, 44, 46, 48, 51, 52, 54, 56, 58, 60, 62, 64, 66, 68, 70, 72, 74}
394: {1, 3, 5, 7, 10, 12, 14, 15, 17, 19, 21, 23, 25, 28, 29, 31, 34, 36, 38, 40, 42, 44, 46, 48, 50, 52, 54, 56, 58, 60, 62, 64, 66, 68, 70, 72, 74}
427: {1, 3, 5, 7, 9, 12, 14, 16, 17, 19, 21, 24, 25, 28, 29, 31, 34, 36, 38, 40, 42, 44, 46, 48, 51, 52, 54, 56, 58, 60, 62, 64, 66, 68, 70, 72, 74}
432: {1, 3, 5, 7, 9, 11, 14, 16, 17, 19, 21, 24, 25, 28, 29, 31, 34, 36, 38, 40, 42, 44, 46, 48, 50, 52, 54, 56, 58, 60, 62, 64, 66, 68, 70, 73, 74}
456: {1, 3, 5, 7, 9, 12, 14, 15, 17, 19, 21, 23, 25, 28, 29, 31, 34, 36, 39, 40, 42, 44, 46, 48, 51, 52, 54, 56, 58, 60, 62, 64, 66, 69, 71, 72, 74}
469: {1, 3, 5, 7, 9, 11, 14, 15, 17, 19, 21, 23, 25, 28, 29, 31, 34, 36, 38, 40, 42, 44, 46, 49, 50, 52, 54, 56, 58, 60, 62, 64, 66, 68, 70, 72, 74}
477: {1, 3, 5, 7, 9, 12, 13, 15, 17, 19, 21, 23, 25, 28, 29, 31, 34, 36, 38, 40, 42, 44, 46, 48, 50, 52, 55, 56, 58, 60, 62, 64, 66, 68, 70, 72, 74}
478: {1, 3, 5, 7, 9, 12, 13, 16, 17, 19, 21, 23, 25, 28, 29, 31, 34, 36, 38, 40, 42, 44, 46, 48, 50, 52, 55, 56, 58, 60, 62, 64, 66, 68, 70, 72, 74}
521: {1, 3, 5, 7, 9, 11, 13, 15, 17, 19, 21, 23, 26, 27, 29, 31, 34, 36, 38, 40, 42, 44, 46, 48, 50, 52, 54, 56, 58, 60, 62, 64, 66, 68, 70, 72, 74}
522: {1, 3, 5, 7, 9, 11, 13, 15, 17, 20, 21, 23, 26, 27, 29, 31, 34, 36, 38, 40, 42, 44, 47, 48, 50, 52, 54, 56, 58, 60, 62, 64, 66, 68, 70, 72, 74}
523: {1, 3, 5, 7, 9, 11, 13, 15, 17, 20, 21, 24, 26, 27, 29, 32, 34, 36, 38, 40, 42, 44, 47, 48, 50, 52, 54, 56, 58, 60, 62, 64, 66, 68, 70, 72, 74}
524: {1, 3, 5, 7, 9, 11, 13, 15, 17, 19, 21, 24, 26, 27, 29, 32, 34, 36, 38, 40, 42, 44, 46, 48, 50, 52, 54, 56, 58, 60, 62, 64, 66, 68, 70, 73, 74}
538: {1, 3, 5, 7, 9, 11, 13, 15, 17, 20, 21, 23, 26, 27, 29, 31, 34, 36, 38, 40, 42, 44, 47, 48, 50, 52, 55, 56, 58, 60, 62, 64, 66, 68, 70, 72, 74}
553: {1, 3, 5, 7, 9, 11, 14, 15, 17, 19, 21, 23, 26, 28, 29, 31, 34, 36, 38, 40, 42, 44, 46, 48, 51, 52, 54, 56, 58, 60, 62, 64, 66, 68, 70, 72, 74}
554: {1, 3, 5, 7, 9, 11, 13, 15, 17, 19, 21, 23, 26, 28, 29, 31, 34, 36, 38, 40, 42, 44, 46, 48, 50, 52, 55, 56, 58, 60, 62, 64, 66, 68, 70, 72, 74}
588: {1, 3, 5, 7, 10, 11, 14, 15, 17, 19, 21, 23, 25, 27, 29, 31, 34, 36, 39, 40, 42, 44, 46, 48, 51, 52, 54, 56, 58, 60, 62, 64, 66, 68, 71, 72, 75}
608: {1, 3, 5, 7, 9, 12, 13, 15, 17, 19, 21, 23, 25, 27, 29, 31, 34, 36, 39, 40, 42, 44, 46, 48, 50, 52, 55, 56, 58, 60, 62, 64, 66, 68, 70, 72, 75}
616: {1, 3, 5, 7, 9, 11, 14, 15, 17, 19, 21, 23, 25, 27, 29, 31, 34, 36, 38, 40, 42, 44, 46, 48, 50, 52, 55, 56, 58, 60, 62, 64, 66, 68, 70, 72, 75}
626: {1, 3, 5, 7, 9, 11, 14, 16, 17, 20, 21, 23, 25, 27, 29, 31, 34, 36, 38, 40, 42, 44, 47, 48, 50, 52, 55, 56, 58, 60, 62, 64, 66, 68, 71, 72, 75}
629: {1, 3, 5, 7, 10, 11, 14, 15, 17, 19, 21, 23, 25, 27, 29, 31, 34, 36, 38, 40, 42, 44, 46, 48, 51, 52, 55, 56, 58, 60, 62, 64, 66, 68, 71, 72, 75}
648: {1, 3, 5, 7, 9, 11, 13, 15, 17, 19, 21, 23, 25, 28, 29, 31, 34, 36, 38, 40, 42, 44, 46, 48, 51, 52, 54, 56, 58, 60, 62, 64, 66, 68, 70, 72, 75}
649: {1, 3, 5, 7, 9, 11, 13, 15, 17, 19, 21, 23, 25, 28, 29, 31, 34, 36, 38, 40, 42, 44, 46, 48, 51, 52, 54, 56, 58, 60, 63, 64, 66, 68, 70, 72, 75}
656: {1, 3, 6, 7, 9, 11, 14, 15, 17, 19, 21, 23, 25, 28, 29, 31, 34, 36, 38, 40, 42, 44, 46, 48, 50, 52, 54, 56, 58, 60, 62, 64, 66, 68, 71, 72, 75}
661: {1, 3, 5, 8, 9, 11, 14, 15, 17, 19, 21, 23, 25, 28, 29, 31, 34, 36, 38, 40, 42, 44, 46, 48, 51, 52, 54, 56, 58, 60, 62, 64, 66, 68, 71, 72, 75}
665: {1, 3, 5, 7, 9, 11, 14, 16, 18, 20, 21, 23, 25, 28, 29, 31, 34, 36, 38, 40, 42, 44, 46, 48, 50, 52, 54, 56, 58, 60, 62, 64, 66, 68, 70, 72, 75}
669: {1, 3, 5, 7, 9, 12, 13, 15, 17, 19, 21, 23, 25, 28, 29, 31, 34, 36, 38, 40, 42, 44, 46, 48, 50, 52, 55, 56, 58, 60, 62, 64, 66, 68, 70, 72, 75}
674: {1, 3, 5, 7, 9, 12, 13, 15, 17, 19, 21, 23, 25, 28, 29, 31, 34, 36, 38, 40, 42, 44, 46, 48, 51, 52, 55, 56, 58, 60, 62, 64, 66, 68, 70, 72, 75}
684: {1, 3, 5, 7, 9, 12, 14, 16, 17, 19, 21, 23, 25, 28, 29, 31, 34, 36, 38, 40, 42, 44, 46, 48, 51, 52, 55, 56, 58, 60, 62, 64, 66, 68, 70, 72, 75}
685: {1, 3, 5, 7, 9, 11, 14, 15, 17, 20, 21, 23, 25, 28, 29, 31, 34, 36, 38, 40, 42, 44, 47, 48, 51, 52, 55, 56, 58, 60, 62, 64, 66, 68, 70, 72, 75}
690: {1, 3, 5, 7, 9, 11, 14, 15, 17, 19, 21, 23, 26, 27, 29, 31, 34, 36, 39, 40, 42, 44, 46, 48, 50, 52, 54, 56, 58, 60, 62, 64, 66, 69, 71, 72, 75}
691: {1, 3, 5, 7, 9, 11, 14, 15, 17, 19, 21, 23, 26, 27, 29, 31, 34, 36, 39, 40, 42, 44, 46, 48, 51, 52, 54, 56, 58, 60, 62, 64, 66, 68, 71, 72, 75}
699: {1, 3, 5, 7, 9, 11, 14, 15, 17, 19, 21, 23, 26, 28, 29, 31, 34, 36, 38, 40, 42, 44, 46, 48, 50, 52, 54, 56, 58, 60, 62, 64, 66, 68, 70, 72, 75}
719: {1, 3, 5, 7, 9, 11, 14, 15, 17, 19, 21, 23, 25, 27, 29, 31, 34, 36, 38, 40, 42, 45, 46, 48, 51, 52, 54, 56, 58, 60, 62, 64, 66, 68, 70, 72, 74}
724: {1, 3, 5, 7, 9, 11, 14, 15, 17, 19, 21, 23, 25, 27, 29, 31, 34, 36, 39, 40, 42, 45, 46, 48, 51, 52, 54, 56, 58, 60, 62, 64, 66, 68, 71, 72, 74}
747: {1, 3, 5, 7, 9, 11, 14, 15, 17, 19, 21, 23, 25, 27, 29, 31, 34, 36, 38, 40, 42, 45, 46, 48, 51, 52, 55, 56, 58, 60, 62, 64, 66, 69, 70, 72, 74}
756: {1, 3, 5, 7, 9, 11, 14, 15, 17, 19, 21, 23, 25, 27, 29, 31, 34, 36, 39, 40, 42, 45, 46, 48, 51, 52, 55, 56, 58, 60, 62, 64, 66, 68, 71, 72, 74}
762: {1, 3, 5, 7, 9, 11, 13, 15, 17, 19, 21, 23, 25, 28, 29, 31, 34, 36, 38, 40, 42, 45, 46, 48, 51, 52, 54, 56, 58, 60, 62, 64, 66, 69, 70, 72, 74}
764: {1, 3, 5, 7, 9, 11, 14, 15, 17, 19, 21, 23, 25, 28, 29, 31, 34, 36, 38, 40, 42, 45, 46, 48, 50, 52, 54, 56, 58, 60, 62, 64, 66, 68, 70, 72, 74}
767: {1, 3, 5, 7, 9, 11, 14, 15, 17, 19, 21, 23, 25, 28, 29, 31, 34, 36, 38, 40, 42, 45, 46, 48, 51, 52, 54, 56, 58, 60, 62, 64, 66, 69, 70, 72, 74}
790: {1, 3, 5, 7, 9, 11, 14, 15, 17, 19, 21, 23, 26, 28, 29, 31, 34, 36, 38, 40, 42, 45, 46, 48, 50, 52, 54, 56, 58, 60, 62, 64, 66, 68, 70, 72, 74}
791: {1, 3, 5, 7, 9, 11, 14, 15, 17, 19, 21, 23, 26, 28, 29, 31, 34, 36, 38, 40, 42, 45, 46, 48, 50, 52, 54, 56, 58, 60, 62, 64, 66, 69, 70, 72, 74}
799: {1, 3, 5, 7, 9, 11, 13, 15, 17, 20, 21, 23, 25, 27, 29, 31, 34, 36, 38, 40, 42, 45, 47, 48, 51, 52, 54, 56, 58, 60, 62, 64, 66, 69, 70, 72, 75}
801: {1, 3, 5, 7, 9, 11, 13, 15, 17, 19, 21, 23, 25, 27, 29, 31, 34, 36, 39, 40, 42, 45, 46, 48, 50, 52, 54, 56, 58, 60, 62, 64, 66, 68, 71, 72, 75}
802: {1, 3, 5, 7, 9, 11, 13, 15, 17, 19, 21, 23, 25, 27, 29, 31, 34, 36, 39, 40, 42, 45, 46, 48, 50, 52, 54, 56, 58, 60, 62, 64, 66, 69, 71, 72, 75}
815: {1, 3, 5, 7, 9, 11, 13, 15, 17, 19, 21, 23, 25, 27, 29, 31, 34, 36, 38, 40, 42, 45, 46, 48, 50, 52, 55, 56, 58, 60, 62, 64, 66, 69, 70, 72, 75}
828: {1, 3, 5, 7, 9, 11, 13, 15, 17, 19, 22, 23, 25, 27, 29, 31, 34, 36, 38, 40, 42, 45, 46, 48, 50, 52, 54, 56, 58, 60, 62, 64, 66, 68, 70, 72, 74}
831: {1, 3, 5, 7, 9, 11, 13, 15, 17, 19, 22, 24, 25, 27, 29, 32, 34, 36, 38, 40, 42, 45, 46, 48, 50, 52, 54, 56, 58, 60, 62, 64, 66, 69, 70, 72, 74}
842: {1, 3, 5, 7, 9, 11, 14, 15, 17, 19, 22, 24, 25, 27, 29, 31, 34, 36, 39, 40, 43, 45, 46, 48, 50, 52, 54, 56, 58, 60, 62, 64, 66, 68, 70, 72, 74}
844: {1, 3, 5, 7, 9, 12, 14, 16, 18, 20, 22, 23, 25, 27, 29, 31, 34, 36, 38, 40, 42, 45, 46, 48, 50, 52, 54, 56, 58, 60, 62, 64, 66, 68, 70, 72, 74}
856: {1, 3, 5, 7, 9, 11, 14, 15, 17, 19, 22, 23, 25, 28, 29, 31, 34, 36, 38, 40, 42, 45, 46, 48, 50, 52, 54, 56, 58, 60, 62, 64, 66, 68, 70, 72, 74}
871: {1, 3, 5, 7, 9, 12, 14, 15, 17, 19, 22, 23, 25, 28, 29, 31, 34, 36, 38, 40, 42, 45, 46, 48, 50, 52, 55, 56, 58, 60, 62, 64, 66, 68, 70, 72, 74}
877: {1, 3, 5, 7, 9, 11, 14, 15, 17, 19, 22, 23, 26, 28, 29, 31, 34, 36, 38, 40, 42, 45, 46, 48, 50, 52, 54, 56, 58, 60, 62, 64, 66, 68, 70, 72, 74}
878: {1, 3, 5, 7, 9, 11, 13, 15, 17, 19, 22, 23, 25, 27, 29, 31, 34, 36, 38, 40, 42, 45, 46, 48, 50, 52, 54, 56, 58, 60, 62, 64, 66, 68, 70, 72, 75}
879: {1, 3, 5, 7, 9, 11, 13, 15, 17, 19, 22, 23, 25, 27, 29, 31, 34, 36, 38, 40, 42, 45, 46, 48, 51, 52, 54, 56, 58, 60, 62, 64, 66, 68, 70, 72, 75}
896: {1, 3, 5, 7, 9, 11, 14, 16, 17, 19, 22, 23, 25, 27, 29, 31, 34, 36, 38, 40, 42, 45, 46, 48, 50, 52, 55, 56, 58, 60, 62, 64, 66, 69, 70, 72, 75}
908: {2, 3, 5, 7, 9, 11, 13, 15, 17, 19, 21, 23, 25, 27, 29, 31, 34, 36, 38, 40, 42, 44, 46, 48, 50, 52, 54, 56, 58, 60, 62, 64, 67, 68, 70, 73, 74}
914: {2, 3, 5, 7, 9, 11, 13, 15, 17, 19, 21, 23, 25, 27, 29, 31, 34, 36, 38, 40, 42, 44, 46, 48, 51, 52, 54, 56, 58, 60, 62, 65, 67, 68, 70, 73, 74}
929: {2, 3, 5, 7, 9, 11, 13, 15, 17, 20, 21, 24, 25, 27, 29, 31, 34, 36, 38, 40, 42, 44, 47, 48, 50, 52, 54, 56, 58, 60, 62, 64, 66, 68, 70, 73, 74}
961: {2, 3, 5, 7, 9, 11, 13, 15, 17, 19, 21, 24, 25, 27, 29, 31, 34, 36, 39, 40, 43, 44, 46, 48, 50, 52, 54, 56, 58, 60, 62, 64, 66, 69, 70, 73, 74}
978: {2, 3, 5, 7, 9, 11, 13, 16, 18, 20, 21, 24, 25, 27, 29, 31, 34, 36, 38, 40, 42, 44, 47, 48, 50, 52, 54, 56, 58, 60, 62, 64, 66, 69, 70, 73, 74}
981: {2, 3, 5, 7, 9, 12, 13, 16, 18, 20, 21, 23, 25, 27, 29, 31, 34, 36, 39, 40, 42, 44, 46, 48, 50, 52, 54, 56, 58, 60, 62, 64, 66, 69, 71, 72, 74}
994: {2, 3, 5, 7, 9, 12, 14, 16, 17, 19, 21, 24, 25, 27, 29, 31, 34, 36, 38, 40, 42, 44, 46, 48, 50, 52, 54, 56, 58, 60, 62, 64, 66, 69, 70, 73, 74}
1017: {2, 3, 5, 7, 9, 11, 13, 15, 17, 19, 21, 23, 25, 27, 29, 31, 34, 36, 38, 40, 42, 44, 46, 48, 51, 52, 55, 56, 58, 60, 63, 64, 66, 69, 70, 72, 74}
1043: {2, 3, 5, 7, 9, 11, 14, 16, 18, 20, 21, 23, 25, 27, 29, 31, 34, 36, 38, 40, 42, 44, 46, 48, 50, 52, 55, 56, 58, 60, 62, 64, 66, 69, 71, 72, 74}
1046: {2, 3, 5, 7, 9, 11, 14, 16, 18, 20, 21, 23, 25, 27, 29, 31, 34, 36, 38, 40, 42, 44, 47, 48, 50, 52, 55, 56, 58, 60, 62, 64, 66, 69, 70, 72, 74}
1068: {2, 3, 5, 7, 9, 11, 13, 15, 17, 20, 21, 24, 25, 28, 29, 31, 34, 36, 38, 40, 42, 44, 47, 48, 50, 52, 54, 56, 58, 60, 62, 64, 66, 68, 70, 73, 74}
1069: {2, 3, 5, 7, 9, 12, 13, 15, 17, 20, 21, 24, 25, 28, 29, 31, 34, 36, 38, 40, 42, 44, 47, 48, 50, 52, 54, 56, 58, 60, 62, 64, 66, 68, 70, 73, 74}
1070: {2, 3, 5, 7, 9, 11, 13, 15, 17, 19, 21, 24, 25, 28, 29, 31, 34, 36, 38, 40, 42, 44, 46, 48, 51, 52, 54, 56, 58, 60, 62, 64, 66, 68, 70, 73, 74}
1071: {2, 3, 5, 7, 9, 12, 13, 15, 17, 19, 21, 24, 25, 28, 29, 31, 34, 36, 38, 40, 42, 44, 46, 48, 51, 52, 54, 56, 58, 60, 62, 64, 66, 68, 70, 73, 74}
1096: {2, 3, 5, 7, 9, 11, 13, 15, 17, 19, 21, 24, 25, 28, 29, 31, 34, 36, 38, 40, 42, 44, 46, 49, 50, 52, 54, 56, 58, 60, 62, 64, 66, 68, 70, 72, 74}
1099: {2, 3, 5, 7, 9, 11, 14, 15, 17, 19, 21, 23, 25, 28, 29, 31, 34, 36, 38, 40, 42, 44, 46, 48, 50, 52, 54, 56, 58, 60, 62, 64, 66, 69, 70, 72, 74}
1114: {2, 3, 5, 7, 9, 12, 14, 16, 18, 20, 21, 23, 25, 28, 29, 31, 34, 36, 38, 40, 42, 44, 46, 48, 51, 52, 54, 56, 58, 60, 62, 64, 66, 69, 70, 72, 74}
1129: {2, 3, 5, 7, 9, 12, 13, 16, 18, 20, 21, 23, 25, 28, 29, 31, 34, 36, 38, 40, 42, 44, 46, 48, 50, 52, 55, 56, 58, 60, 62, 64, 66, 69, 70, 72, 74}
1146: {2, 3, 5, 7, 9, 12, 14, 16, 18, 20, 21, 23, 25, 28, 29, 31, 34, 36, 38, 40, 42, 44, 46, 48, 50, 52, 55, 56, 58, 60, 62, 64, 66, 69, 70, 72, 74}
1159: {2, 3, 5, 7, 9, 11, 14, 15, 17, 19, 21, 23, 26, 28, 29, 31, 34, 36, 38, 40, 42, 44, 46, 48, 50, 52, 54, 56, 58, 60, 62, 64, 66, 69, 70, 72, 74}
1160: {2, 3, 5, 7, 9, 11, 14, 15, 17, 20, 21, 23, 26, 28, 29, 31, 34, 36, 38, 40, 42, 44, 47, 48, 50, 52, 54, 56, 58, 60, 62, 64, 66, 69, 70, 72, 74}
1162: {2, 3, 5, 7, 9, 11, 13, 15, 17, 19, 21, 23, 26, 28, 29, 31, 34, 36, 38, 40, 42, 44, 46, 48, 50, 52, 55, 56, 58, 60, 62, 64, 66, 69, 70, 72, 74}
1185: {2, 3, 5, 7, 9, 12, 13, 15, 17, 20, 21, 23, 25, 27, 29, 31, 34, 36, 38, 40, 42, 44, 47, 48, 50, 52, 55, 56, 58, 60, 62, 64, 66, 69, 70, 72, 75}
1192: {2, 3, 5, 7, 9, 12, 13, 16, 18, 20, 21, 23, 25, 27, 29, 31, 34, 36, 38, 40, 42, 44, 46, 48, 50, 52, 55, 56, 58, 60, 62, 64, 66, 69, 70, 72, 75}
1214: {2, 3, 5, 7, 9, 11, 14, 15, 17, 20, 21, 23, 25, 28, 29, 31, 34, 36, 38, 40, 42, 44, 47, 48, 50, 52, 54, 56, 58, 60, 62, 64, 66, 69, 70, 72, 75}
1226: {2, 3, 5, 7, 9, 11, 14, 15, 17, 20, 21, 23, 25, 28, 29, 31, 34, 36, 38, 40, 42, 44, 47, 48, 50, 52, 55, 56, 58, 60, 62, 64, 66, 69, 70, 72, 75}
1234: {2, 3, 5, 7, 9, 11, 13, 15, 17, 19, 21, 23, 26, 28, 29, 31, 34, 36, 38, 40, 42, 44, 46, 48, 50, 52, 54, 56, 58, 60, 62, 64, 66, 69, 70, 72, 75}
1242: {2, 3, 5, 7, 9, 11, 13, 15, 17, 19, 22, 23, 25, 27, 29, 31, 34, 36, 38, 40, 42, 44, 46, 48, 51, 52, 54, 56, 58, 60, 62, 64, 66, 68, 70, 72, 74}
1263: {2, 3, 5, 7, 9, 11, 13, 16, 17, 19, 22, 24, 25, 27, 29, 31, 34, 36, 38, 40, 43, 44, 46, 48, 50, 52, 54, 56, 58, 60, 62, 64, 66, 69, 70, 73, 74}
1273: {2, 3, 5, 7, 9, 11, 13, 15, 17, 19, 22, 24, 25, 27, 29, 33, 34, 36, 38, 40, 42, 44, 46, 48, 50, 52, 54, 56, 58, 60, 62, 65, 66, 69, 70, 72, 74}
1291: {2, 3, 6, 7, 9, 11, 13, 15, 17, 19, 22, 24, 25, 27, 29, 31, 34, 36, 39, 40, 42, 44, 46, 48, 51, 52, 54, 56, 58, 60, 62, 64, 66, 68, 71, 72, 74}
1302: {2, 3, 5, 7, 9, 11, 13, 16, 18, 20, 22, 24, 25, 27, 29, 31, 34, 36, 38, 40, 42, 44, 46, 48, 50, 52, 54, 56, 58, 60, 62, 64, 66, 69, 70, 73, 74}
1314: {2, 3, 5, 7, 9, 11, 14, 16, 17, 19, 22, 23, 25, 27, 29, 31, 34, 36, 38, 40, 42, 44, 46, 48, 50, 52, 54, 56, 58, 60, 62, 64, 66, 69, 70, 72, 74}
1335: {2, 3, 5, 7, 9, 11, 14, 15, 17, 19, 22, 24, 25, 27, 29, 31, 34, 36, 38, 40, 42, 44, 46, 48, 51, 52, 54, 56, 58, 60, 62, 65, 66, 69, 70, 73, 74}
1350: {2, 3, 6, 7, 9, 11, 14, 15, 17, 19, 22, 24, 25, 27, 29, 31, 34, 36, 39, 40, 42, 44, 46, 48, 50, 52, 54, 56, 58, 60, 62, 64, 66, 68, 70, 72, 74}
1354: {2, 3, 5, 7, 9, 11, 14, 15, 18, 20, 22, 23, 25, 27, 29, 31, 34, 36, 38, 40, 42, 44, 46, 48, 50, 52, 54, 56, 58, 60, 62, 64, 66, 68, 70, 72, 74}
1355: {2, 3, 5, 7, 9, 12, 14, 15, 18, 20, 22, 23, 25, 27, 29, 31, 34, 36, 38, 40, 42, 44, 46, 48, 50, 52, 54, 56, 58, 60, 62, 64, 66, 68, 70, 72, 74}
1356: {2, 3, 5, 7, 9, 11, 14, 16, 18, 20, 22, 23, 25, 27, 29, 31, 34, 36, 38, 40, 42, 44, 46, 48, 50, 52, 54, 56, 58, 60, 62, 64, 66, 68, 70, 72, 74}
1361: {2, 3, 5, 7, 9, 11, 14, 15, 18, 20, 22, 24, 25, 27, 29, 31, 34, 36, 38, 40, 42, 44, 46, 48, 50, 52, 54, 56, 58, 60, 62, 64, 66, 68, 70, 72, 74}
1388: {2, 3, 5, 7, 9, 12, 13, 16, 18, 20, 22, 23, 25, 27, 29, 31, 34, 36, 38, 40, 42, 44, 46, 48, 50, 52, 55, 56, 58, 60, 62, 64, 66, 68, 71, 72, 74}
1397: {2, 3, 5, 7, 9, 12, 14, 15, 18, 20, 22, 23, 25, 27, 29, 31, 34, 36, 38, 40, 42, 44, 46, 48, 50, 52, 55, 56, 58, 60, 62, 64, 66, 68, 70, 72, 74}
1406: {2, 3, 5, 7, 9, 11, 13, 15, 17, 19, 22, 23, 25, 28, 29, 31, 34, 36, 38, 40, 42, 44, 46, 48, 50, 52, 54, 56, 58, 60, 62, 64, 66, 69, 70, 72, 74}
1413: {2, 3, 5, 7, 9, 12, 13, 16, 17, 19, 22, 24, 25, 28, 29, 31, 34, 36, 38, 40, 42, 44, 46, 48, 50, 52, 54, 56, 58, 60, 62, 64, 66, 68, 70, 72, 74}
1423: {2, 3, 5, 7, 9, 11, 13, 15, 17, 19, 22, 24, 25, 28, 29, 31, 34, 36, 38, 40, 42, 44, 46, 48, 51, 52, 54, 56, 58, 60, 62, 64, 66, 69, 70, 73, 74}
1426: {2, 3, 5, 7, 9, 11, 13, 15, 17, 19, 22, 24, 25, 28, 29, 33, 34, 36, 38, 40, 42, 44, 46, 48, 50, 52, 54, 56, 58, 60, 62, 64, 66, 69, 70, 72, 74}
1430: {2, 3, 5, 7, 9, 11, 13, 15, 17, 19, 22, 24, 25, 28, 29, 33, 34, 36, 38, 40, 42, 44, 46, 48, 50, 52, 54, 56, 58, 60, 62, 64, 66, 69, 70, 73, 74}
1431: {2, 3, 5, 7, 9, 11, 13, 15, 17, 19, 22, 24, 25, 28, 29, 31, 34, 37, 38, 40, 42, 44, 46, 48, 50, 52, 54, 56, 58, 60, 62, 64, 66, 68, 70, 72, 74}
1439: {2, 3, 5, 7, 9, 12, 13, 16, 18, 20, 22, 24, 25, 28, 29, 31, 34, 36, 38, 40, 42, 44, 46, 48, 50, 52, 54, 56, 58, 60, 62, 64, 66, 69, 70, 72, 74}
1440: {2, 3, 5, 7, 9, 11, 13, 15, 17, 19, 22, 23, 25, 28, 29, 31, 34, 36, 38, 40, 42, 44, 46, 49, 50, 52, 54, 56, 58, 60, 62, 64, 66, 68, 70, 72, 74}
1458: {2, 3, 5, 7, 10, 11, 14, 15, 17, 19, 22, 24, 25, 28, 29, 31, 34, 36, 38, 40, 42, 44, 46, 48, 51, 52, 54, 56, 58, 60, 62, 64, 66, 68, 70, 72, 74}
1470: {2, 3, 5, 7, 9, 11, 14, 15, 17, 19, 22, 24, 25, 28, 29, 33, 34, 36, 38, 40, 42, 44, 46, 48, 50, 52, 54, 56, 58, 60, 62, 64, 66, 68, 70, 72, 74}
1478: {2, 3, 5, 7, 9, 12, 14, 16, 18, 20, 22, 23, 25, 28, 29, 31, 34, 36, 38, 40, 42, 44, 46, 48, 50, 52, 54, 56, 58, 60, 62, 64, 66, 69, 70, 72, 74}
1485: {2, 3, 5, 7, 9, 11, 14, 15, 18, 20, 22, 24, 25, 28, 29, 31, 34, 36, 38, 40, 42, 44, 46, 48, 50, 52, 54, 56, 58, 60, 62, 64, 66, 69, 70, 73, 74}
1489: {2, 3, 5, 7, 9, 11, 13, 15, 17, 19, 22, 23, 25, 28, 29, 31, 34, 36, 38, 40, 42, 44, 46, 48, 50, 52, 55, 56, 58, 60, 62, 64, 66, 68, 70, 72, 74}
1503: {2, 3, 5, 7, 9, 11, 14, 15, 17, 19, 22, 23, 25, 28, 29, 31, 34, 36, 38, 40, 42, 44, 46, 48, 51, 52, 55, 56, 58, 60, 62, 64, 66, 68, 70, 72, 74}
1519: {2, 3, 5, 7, 9, 11, 13, 15, 17, 19, 22, 23, 26, 27, 29, 31, 34, 36, 38, 40, 42, 44, 46, 48, 50, 52, 55, 56, 58, 60, 62, 64, 66, 68, 70, 72, 74}
1533: {2, 3, 5, 7, 9, 11, 14, 15, 17, 19, 22, 23, 26, 28, 29, 31, 34, 36, 38, 40, 42, 44, 46, 48, 51, 52, 55, 56, 58, 60, 62, 64, 66, 68, 70, 72, 74}
1536: {2, 3, 5, 7, 9, 12, 13, 16, 17, 19, 22, 23, 25, 27, 29, 31, 34, 36, 38, 40, 42, 44, 46, 48, 50, 52, 54, 56, 58, 60, 62, 64, 66, 68, 70, 72, 75}
1548: {2, 3, 5, 7, 9, 11, 14, 15, 18, 20, 22, 23, 25, 27, 29, 31, 34, 36, 38, 40, 42, 44, 46, 48, 50, 52, 54, 56, 58, 60, 62, 64, 66, 68, 70, 72, 75}
1554: {2, 3, 5, 7, 9, 12, 13, 16, 17, 19, 22, 23, 25, 27, 29, 31, 34, 36, 38, 40, 42, 44, 46, 48, 50, 52, 55, 56, 58, 60, 62, 64, 66, 69, 70, 72, 75}
1558: {2, 3, 6, 7, 9, 11, 13, 15, 17, 19, 22, 23, 25, 27, 29, 31, 34, 36, 39, 40, 42, 44, 46, 48, 50, 52, 55, 56, 58, 60, 62, 64, 66, 68, 70, 72, 75}
1587: {2, 3, 5, 7, 9, 11, 14, 15, 17, 19, 22, 23, 25, 28, 29, 31, 34, 36, 38, 40, 42, 44, 46, 48, 50, 52, 55, 56, 58, 60, 62, 64, 66, 68, 70, 72, 75}
1593: {2, 3, 5, 7, 9, 11, 14, 15, 17, 19, 22, 23, 26, 27, 29, 31, 34, 36, 38, 40, 42, 44, 46, 48, 50, 52, 54, 56, 58, 60, 62, 64, 66, 68, 70, 72, 75}
1603: {1, 4, 6, 7, 9, 11, 13, 15, 17, 19, 21, 24, 25, 28, 29, 33, 34, 36, 38, 40, 42, 44, 46, 48, 50, 52, 54, 56, 58, 60, 62, 64, 66, 68, 71, 73, 74}
1607: {1, 4, 5, 7, 9, 11, 13, 15, 17, 19, 21, 24, 25, 28, 29, 33, 34, 36, 38, 40, 42, 44, 46, 48, 51, 52, 54, 56, 58, 60, 63, 64, 66, 68, 70, 72, 74}
1635: {1, 3, 5, 7, 9, 12, 14, 16, 18, 20, 21, 24, 25, 28, 29, 33, 34, 36, 38, 40, 42, 44, 47, 48, 50, 52, 54, 56, 58, 60, 62, 64, 66, 68, 70, 72, 74}
1639: {1, 3, 5, 7, 10, 12, 14, 16, 18, 20, 21, 23, 25, 28, 29, 31, 34, 36, 38, 40, 42, 44, 46, 48, 51, 52, 54, 56, 58, 60, 62, 64, 66, 68, 71, 72, 74}
1645: {1, 4, 5, 7, 9, 12, 14, 16, 18, 20, 21, 24, 25, 28, 29, 31, 34, 36, 38, 40, 42, 44, 46, 48, 50, 52, 54, 56, 58, 60, 62, 64, 66, 68, 71, 73, 74}
1653: {1, 3, 5, 7, 9, 12, 13, 16, 18, 20, 21, 23, 25, 28, 29, 31, 34, 36, 38, 40, 42, 44, 47, 48, 51, 52, 55, 56, 58, 60, 62, 64, 66, 68, 70, 72, 74}
1657: {1, 3, 5, 7, 9, 11, 13, 15, 17, 20, 21, 23, 25, 28, 29, 31, 34, 37, 38, 40, 42, 44, 47, 49, 50, 52, 55, 56, 58, 60, 62, 64, 66, 68, 70, 72, 74}
1661: {1, 3, 5, 7, 10, 12, 14, 16, 18, 20, 21, 23, 25, 28, 29, 31, 34, 36, 38, 40, 42, 44, 46, 48, 51, 52, 55, 56, 58, 60, 62, 64, 66, 68, 71, 72, 74}
1675: {1, 4, 5, 7, 9, 11, 13, 15, 17, 19, 21, 24, 25, 27, 29, 32, 34, 36, 38, 40, 42, 44, 46, 48, 51, 52, 54, 56, 58, 60, 62, 65, 66, 68, 70, 73, 74}
1685: {1, 4, 5, 7, 9, 11, 13, 15, 17, 19, 21, 24, 25, 27, 29, 31, 34, 36, 38, 40, 43, 44, 46, 48, 50, 52, 54, 56, 58, 60, 62, 65, 66, 68, 70, 73, 74}
1693: {1, 3, 6, 7, 9, 11, 13, 15, 17, 19, 21, 24, 25, 27, 29, 32, 35, 36, 39, 40, 43, 44, 46, 48, 51, 52, 54, 56, 58, 60, 62, 65, 66, 68, 70, 73, 74}
1695: {1, 3, 5, 7, 9, 11, 13, 15, 17, 19, 21, 24, 25, 27, 29, 32, 34, 36, 39, 41, 43, 44, 46, 48, 51, 52, 54, 56, 58, 60, 63, 65, 66, 68, 71, 73, 74}
1700: {1, 3, 5, 7, 9, 11, 13, 15, 17, 19, 21, 24, 25, 27, 29, 32, 34, 36, 39, 40, 43, 44, 46, 48, 50, 52, 54, 56, 58, 60, 62, 65, 66, 68, 71, 73, 74}
1710: {1, 3, 5, 7, 9, 11, 13, 15, 17, 19, 21, 24, 25, 27, 29, 32, 34, 36, 39, 41, 43, 44, 46, 48, 51, 52, 54, 56, 58, 60, 63, 65, 66, 68, 71, 72, 74}
1735: {1, 4, 5, 7, 9, 12, 13, 16, 18, 20, 21, 24, 25, 27, 29, 33, 34, 36, 38, 40, 42, 44, 46, 48, 50, 52, 54, 56, 58, 60, 62, 64, 66, 68, 70, 72, 74}
1737: {1, 4, 5, 7, 9, 11, 13, 16, 18, 20, 21, 24, 25, 27, 29, 31, 34, 36, 38, 40, 43, 44, 46, 48, 51, 52, 54, 56, 58, 60, 62, 64, 66, 68, 70, 72, 74}
1751: {1, 3, 5, 7, 9, 11, 14, 16, 17, 20, 21, 24, 25, 27, 29, 32, 34, 36, 38, 40, 42, 44, 47, 48, 51, 52, 54, 56, 58, 60, 62, 64, 66, 68, 70, 73, 74}
1756: {1, 3, 5, 7, 9, 12, 14, 16, 17, 19, 21, 24, 25, 27, 29, 32, 34, 36, 38, 40, 43, 44, 46, 48, 50, 52, 54, 56, 58, 60, 62, 64, 66, 68, 71, 73, 74}
1758: {1, 3, 5, 7, 9, 11, 14, 15, 17, 20, 21, 24, 25, 27, 29, 31, 34, 36, 38, 40, 43, 44, 47, 48, 50, 52, 54, 56, 58, 60, 62, 65, 66, 68, 70, 73, 74}
1759: {1, 3, 5, 7, 9, 11, 14, 16, 17, 20, 21, 24, 25, 27, 29, 32, 34, 36, 38, 40, 43, 44, 47, 48, 50, 52, 54, 56, 58, 60, 62, 64, 66, 68, 70, 73, 74}
1770: {1, 3, 5, 7, 9, 11, 14, 16, 17, 20, 21, 24, 25, 27, 29, 32, 34, 36, 38, 40, 43, 44, 47, 48, 50, 52, 54, 56, 58, 60, 62, 65, 66, 68, 71, 72, 74}
1782: {1, 4, 5, 7, 9, 11, 14, 16, 17, 19, 21, 24, 25, 27, 29, 32, 34, 36, 38, 40, 42, 44, 46, 48, 51, 52, 54, 56, 58, 60, 62, 64, 66, 68, 70, 73, 74}
1788: {1, 4, 6, 7, 10, 11, 14, 15, 17, 19, 21, 24, 25, 27, 29, 31, 34, 36, 38, 40, 42, 44, 46, 48, 50, 52, 54, 56, 58, 60, 62, 64, 66, 68, 71, 72, 74}
1790: {1, 3, 5, 7, 9, 11, 14, 15, 17, 19, 21, 24, 25, 27, 29, 31, 34, 36, 39, 41, 42, 44, 46, 48, 51, 52, 54, 56, 58, 60, 62, 65, 66, 69, 71, 73, 74}
1800: {1, 3, 5, 7, 9, 12, 14, 16, 17, 19, 21, 24, 25, 27, 29, 32, 34, 36, 39, 40, 43, 44, 46, 48, 51, 52, 54, 56, 58, 60, 62, 64, 66, 68, 71, 73, 74}
1805: {1, 3, 5, 7, 9, 11, 14, 15, 17, 19, 21, 24, 25, 27, 29, 31, 34, 36, 39, 40, 43, 44, 46, 48, 50, 52, 54, 56, 58, 60, 62, 65, 66, 68, 71, 73, 74}
1812: {1, 3, 5, 7, 10, 11, 14, 15, 17, 19, 21, 24, 25, 27, 29, 31, 34, 36, 39, 41, 42, 44, 46, 48, 51, 52, 54, 56, 58, 60, 62, 65, 66, 68, 71, 72, 74}
1814: {1, 3, 5, 7, 10, 11, 14, 15, 17, 19, 21, 24, 25, 27, 29, 32, 34, 36, 39, 40, 43, 44, 46, 48, 51, 52, 54, 56, 58, 60, 62, 65, 66, 68, 71, 72, 74}
1816: {1, 3, 5, 7, 10, 11, 14, 15, 17, 19, 21, 24, 25, 27, 29, 32, 34, 36, 39, 41, 43, 44, 46, 48, 51, 52, 54, 56, 58, 60, 62, 65, 66, 68, 71, 72, 74}
1819: {1, 3, 5, 7, 9, 11, 14, 15, 17, 20, 21, 24, 25, 27, 29, 32, 34, 36, 39, 40, 43, 44, 47, 48, 51, 52, 54, 56, 58, 60, 62, 65, 66, 68, 71, 72, 74}
1834: {1, 3, 5, 7, 9, 11, 14, 16, 18, 20, 21, 24, 25, 27, 29, 31, 34, 36, 38, 40, 43, 44, 47, 48, 50, 52, 54, 56, 58, 60, 62, 64, 66, 68, 70, 73, 74}
1835: {1, 3, 5, 7, 9, 11, 14, 16, 18, 20, 21, 24, 25, 27, 29, 32, 34, 36, 38, 40, 43, 44, 47, 48, 50, 52, 54, 56, 58, 60, 62, 64, 66, 68, 70, 73, 74}
1836: {1, 3, 5, 7, 9, 11, 14, 16, 18, 20, 21, 24, 25, 27, 29, 32, 34, 36, 38, 40, 43, 44, 47, 48, 50, 52, 54, 56, 58, 60, 62, 65, 66, 68, 70, 73, 74}
1839: {1, 3, 5, 7, 10, 11, 14, 16, 18, 20, 21, 24, 25, 27, 29, 32, 34, 36, 38, 40, 42, 44, 47, 48, 50, 52, 54, 56, 58, 60, 62, 64, 66, 68, 70, 72, 74}
1840: {1, 3, 5, 7, 9, 11, 14, 16, 18, 20, 21, 24, 25, 27, 29, 32, 34, 36, 38, 40, 43, 44, 47, 48, 50, 52, 54, 56, 58, 60, 62, 64, 66, 68, 70, 72, 74}
1841: {1, 3, 5, 7, 10, 11, 14, 16, 18, 20, 21, 24, 25, 27, 29, 31, 34, 36, 38, 40, 43, 44, 47, 48, 50, 52, 54, 56, 58, 60, 62, 64, 66, 68, 70, 72, 74}
1860: {1, 3, 5, 7, 10, 12, 14, 16, 18, 20, 21, 23, 25, 27, 29, 31, 34, 36, 39, 40, 42, 44, 46, 48, 51, 52, 54, 56, 58, 60, 62, 64, 66, 68, 71, 72, 74}
1877: {1, 3, 5, 7, 9, 11, 13, 15, 17, 19, 21, 24, 26, 28, 29, 31, 34, 37, 38, 40, 42, 44, 46, 49, 50, 52, 54, 56, 58, 60, 62, 64, 66, 68, 70, 72, 74}
1908: {1, 3, 5, 7, 9, 11, 14, 16, 17, 19, 21, 24, 26, 27, 29, 32, 34, 36, 39, 40, 42, 44, 46, 48, 50, 52, 54, 56, 58, 60, 62, 64, 66, 68, 70, 73, 74}
1909: {1, 3, 5, 7, 9, 11, 14, 16, 17, 20, 21, 24, 26, 27, 29, 32, 34, 36, 39, 40, 42, 44, 47, 48, 50, 52, 54, 56, 58, 60, 62, 64, 66, 68, 70, 72, 74}
1918: {1, 3, 6, 8, 9, 11, 14, 15, 17, 19, 21, 23, 25, 28, 29, 31, 34, 36, 38, 40, 42, 44, 46, 48, 51, 52, 54, 56, 58, 60, 62, 64, 66, 68, 71, 72, 75}
1931: {1, 3, 5, 7, 9, 12, 13, 16, 18, 20, 21, 23, 25, 28, 29, 31, 34, 36, 38, 40, 42, 44, 46, 48, 50, 52, 55, 56, 58, 60, 62, 64, 66, 68, 70, 72, 75}
1936: {1, 3, 5, 7, 10, 11, 14, 15, 17, 19, 21, 23, 25, 28, 29, 31, 34, 36, 38, 40, 42, 44, 46, 48, 51, 52, 55, 56, 58, 60, 62, 64, 66, 68, 71, 72, 75}
1939: {1, 3, 5, 7, 10, 12, 14, 15, 17, 19, 21, 23, 25, 28, 29, 31, 34, 36, 38, 40, 42, 44, 46, 48, 50, 52, 55, 56, 58, 60, 62, 64, 66, 68, 71, 72, 75}
1954: {1, 3, 5, 7, 9, 11, 13, 15, 17, 19, 21, 23, 25, 27, 29, 31, 34, 37, 38, 40, 42, 44, 46, 49, 50, 52, 55, 56, 58, 60, 62, 64, 66, 68, 70, 72, 75}
1978: {1, 3, 5, 7, 9, 11, 13, 15, 17, 19, 21, 23, 26, 27, 29, 31, 34, 36, 39, 40, 42, 44, 46, 48, 51, 52, 54, 56, 58, 60, 63, 64, 66, 68, 71, 72, 75}
1983: {1, 3, 5, 7, 9, 11, 14, 15, 17, 20, 21, 23, 26, 27, 29, 31, 34, 36, 38, 40, 42, 44, 47, 48, 50, 52, 55, 56, 58, 60, 62, 64, 66, 68, 70, 72, 75}
2003: {1, 3, 5, 7, 9, 11, 13, 15, 17, 19, 22, 24, 25, 27, 29, 32, 34, 36, 38, 40, 43, 45, 46, 48, 51, 52, 54, 56, 58, 60, 62, 65, 66, 69, 70, 73, 74}
2006: {1, 3, 5, 7, 9, 11, 13, 15, 17, 19, 22, 24, 25, 27, 29, 32, 34, 36, 38, 40, 43, 45, 46, 48, 50, 52, 54, 56, 58, 60, 62, 65, 66, 69, 70, 73, 74}
2023: {1, 3, 5, 7, 9, 11, 13, 15, 17, 19, 22, 24, 25, 27, 29, 32, 34, 36, 39, 40, 43, 45, 46, 48, 51, 52, 54, 56, 58, 60, 62, 65, 66, 69, 71, 72, 74}
2027: {1, 3, 6, 7, 9, 11, 13, 15, 17, 19, 22, 24, 25, 27, 29, 32, 34, 36, 39, 40, 43, 45, 46, 48, 50, 52, 54, 56, 58, 60, 62, 65, 66, 69, 71, 72, 74}
2028: {1, 3, 5, 7, 10, 12, 13, 15, 17, 19, 22, 24, 25, 27, 29, 31, 34, 36, 39, 40, 43, 45, 46, 48, 50, 52, 54, 56, 58, 60, 62, 64, 66, 68, 70, 72, 74}
2030: {1, 3, 5, 7, 9, 12, 13, 16, 18, 20, 22, 23, 25, 27, 29, 31, 34, 36, 38, 40, 42, 45, 46, 48, 51, 52, 54, 56, 58, 60, 62, 64, 66, 68, 70, 72, 74}
2038: {1, 3, 5, 7, 9, 11, 14, 15, 17, 19, 22, 24, 25, 27, 29, 32, 34, 36, 38, 40, 42, 45, 46, 48, 50, 52, 54, 56, 58, 60, 62, 65, 66, 69, 70, 73, 74}
2050: {1, 3, 6, 7, 10, 11, 14, 15, 17, 19, 22, 24, 25, 27, 29, 32, 34, 36, 39, 40, 43, 45, 46, 48, 51, 52, 54, 56, 58, 60, 62, 65, 66, 69, 71, 72, 74}
2070: {1, 3, 5, 7, 9, 12, 13, 15, 17, 19, 22, 23, 25, 28, 29, 31, 34, 36, 38, 40, 42, 45, 46, 48, 51, 52, 55, 56, 58, 60, 62, 64, 66, 68, 70, 72, 75}
2092: {1, 3, 5, 7, 9, 11, 13, 15, 17, 19, 22, 23, 25, 27, 29, 31, 34, 36, 39, 40, 42, 45, 46, 48, 50, 52, 55, 56, 58, 60, 62, 64, 66, 69, 71, 72, 75}
2099: {1, 3, 5, 7, 9, 12, 13, 15, 17, 19, 22, 23, 25, 27, 29, 31, 34, 36, 39, 40, 42, 45, 46, 48, 50, 52, 55, 56, 58, 60, 62, 64, 66, 68, 71, 72, 75}
2108: {1, 3, 5, 7, 9, 11, 14, 15, 17, 19, 22, 23, 25, 27, 29, 31, 34, 36, 39, 40, 42, 45, 46, 48, 51, 52, 55, 56, 58, 60, 62, 64, 66, 68, 71, 72, 75}
2112: {1, 3, 6, 7, 9, 11, 14, 15, 17, 19, 22, 23, 25, 27, 29, 31, 34, 36, 39, 40, 42, 45, 46, 48, 50, 52, 55, 56, 58, 60, 62, 64, 66, 69, 71, 72, 75}
2155: {1, 3, 5, 7, 9, 12, 13, 15, 17, 20, 21, 24, 25, 27, 29, 32, 34, 36, 38, 40, 43, 45, 47, 48, 51, 52, 54, 56, 58, 60, 62, 65, 66, 68, 70, 72, 74}
2168: {1, 3, 6, 7, 9, 12, 13, 15, 17, 20, 21, 24, 25, 27, 29, 31, 34, 36, 39, 40, 43, 45, 47, 48, 51, 52, 54, 57, 58, 60, 63, 65, 66, 69, 71, 73, 74}
2174: {1, 3, 5, 7, 9, 11, 13, 15, 17, 19, 21, 24, 25, 27, 29, 31, 34, 36, 39, 40, 43, 45, 46, 48, 50, 52, 54, 56, 58, 60, 62, 65, 66, 69, 71, 73, 74}
2177: {1, 3, 5, 7, 9, 12, 13, 15, 17, 19, 21, 24, 25, 27, 29, 31, 34, 36, 39, 40, 43, 45, 46, 48, 50, 52, 54, 56, 58, 60, 62, 65, 66, 69, 71, 73, 74}
2192: {1, 3, 5, 7, 9, 12, 13, 15, 17, 20, 21, 24, 25, 27, 29, 32, 34, 36, 39, 40, 43, 45, 47, 48, 50, 52, 54, 56, 58, 60, 62, 65, 66, 68, 70, 73, 74}
2194: {1, 3, 6, 7, 9, 11, 13, 15, 17, 20, 21, 23, 25, 27, 29, 32, 35, 36, 39, 40, 43, 45, 47, 48, 51, 52, 54, 56, 58, 60, 62, 65, 67, 68, 71, 73, 74}
2196: {1, 3, 6, 7, 9, 11, 13, 15, 17, 20, 21, 23, 25, 27, 29, 32, 34, 36, 39, 40, 43, 45, 47, 48, 50, 52, 54, 56, 58, 60, 62, 65, 67, 68, 71, 73, 74}
2212: {1, 3, 5, 7, 9, 12, 13, 15, 17, 19, 21, 24, 25, 27, 29, 32, 34, 36, 39, 40, 43, 45, 46, 48, 50, 52, 54, 56, 58, 60, 62, 65, 66, 68, 71, 72, 74}
2213: {1, 3, 5, 7, 10, 12, 13, 15, 17, 19, 21, 24, 25, 27, 29, 32, 34, 36, 39, 40, 43, 45, 46, 48, 50, 52, 54, 56, 58, 60, 62, 65, 66, 68, 71, 72, 74}
2224: {1, 3, 5, 7, 9, 11, 14, 15, 17, 20, 21, 24, 25, 27, 29, 32, 34, 36, 38, 40, 42, 45, 47, 48, 51, 52, 54, 56, 58, 60, 62, 65, 66, 68, 70, 72, 74}
2227: {1, 4, 5, 7, 9, 12, 14, 15, 17, 20, 21, 24, 25, 27, 29, 31, 34, 36, 38, 40, 42, 45, 47, 48, 50, 52, 54, 56, 58, 60, 62, 65, 66, 69, 70, 73, 74}
2228: {1, 4, 5, 7, 9, 12, 14, 15, 17, 20, 21, 24, 25, 27, 29, 32, 34, 36, 38, 40, 42, 45, 47, 48, 50, 52, 54, 56, 58, 60, 62, 65, 66, 68, 70, 73, 74}
2238: {1, 3, 5, 7, 9, 11, 14, 15, 17, 19, 21, 24, 25, 27, 29, 32, 34, 36, 39, 40, 43, 45, 46, 48, 50, 52, 54, 56, 58, 60, 62, 65, 66, 68, 71, 73, 74}
2252: {1, 4, 5, 8, 9, 11, 14, 15, 17, 19, 21, 24, 25, 27, 29, 32, 34, 36, 39, 40, 42, 45, 46, 48, 51, 52, 54, 56, 58, 60, 62, 65, 66, 69, 71, 73, 74}
2255: {1, 4, 5, 7, 9, 12, 14, 15, 17, 19, 21, 24, 25, 27, 29, 31, 34, 36, 39, 40, 42, 45, 46, 48, 50, 52, 54, 56, 58, 60, 62, 65, 66, 69, 71, 73, 74}
2264: {1, 3, 6, 7, 9, 11, 13, 15, 17, 20, 21, 23, 25, 27, 29, 31, 34, 36, 39, 40, 42, 45, 47, 48, 51, 52, 55, 56, 58, 60, 62, 64, 66, 68, 71, 72, 74}
2271: {1, 3, 6, 7, 9, 11, 14, 15, 17, 20, 21, 23, 25, 27, 29, 31, 34, 36, 39, 40, 42, 45, 47, 48, 50, 52, 55, 56, 58, 60, 62, 64, 66, 68, 71, 72, 74}
2272: {1, 3, 6, 7, 10, 12, 14, 15, 17, 20, 21, 23, 25, 27, 29, 31, 34, 36, 39, 40, 42, 45, 47, 48, 50, 52, 55, 56, 58, 60, 62, 64, 66, 68, 71, 72, 74}
2277: {1, 3, 5, 7, 9, 11, 13, 15, 17, 20, 21, 23, 26, 27, 29, 31, 34, 36, 38, 40, 42, 45, 47, 48, 51, 52, 55, 56, 58, 60, 62, 64, 66, 69, 70, 72, 74}
2291: {1, 3, 5, 7, 9, 12, 13, 15, 17, 19, 21, 23, 25, 27, 29, 31, 34, 36, 39, 40, 42, 45, 46, 48, 50, 52, 54, 57, 58, 60, 63, 64, 66, 69, 71, 72, 75}
2295: {1, 3, 5, 7, 10, 11, 14, 15, 17, 19, 21, 23, 25, 27, 29, 31, 34, 36, 39, 40, 42, 45, 46, 48, 51, 52, 54, 56, 58, 60, 62, 64, 66, 68, 71, 72, 75}
2305: {1, 3, 5, 7, 9, 12, 13, 15, 17, 19, 21, 23, 25, 27, 29, 31, 34, 36, 39, 40, 42, 45, 46, 48, 51, 52, 55, 57, 58, 60, 62, 64, 66, 69, 71, 72, 75}
2306: {1, 3, 5, 7, 9, 11, 13, 15, 17, 19, 21, 23, 25, 27, 29, 31, 34, 36, 39, 40, 42, 45, 46, 48, 51, 52, 55, 56, 58, 60, 63, 64, 66, 69, 71, 72, 75}
2312: {1, 3, 5, 7, 9, 11, 13, 15, 17, 20, 21, 23, 25, 27, 29, 31, 34, 36, 39, 40, 42, 45, 47, 48, 51, 52, 55, 56, 58, 60, 62, 64, 66, 68, 70, 72, 75}
2317: {1, 3, 5, 7, 9, 11, 13, 15, 17, 19, 21, 23, 25, 27, 29, 31, 34, 36, 39, 40, 42, 45, 46, 48, 50, 52, 55, 57, 58, 60, 63, 64, 66, 69, 71, 72, 75}
2322: {1, 3, 6, 7, 9, 12, 13, 15, 17, 20, 21, 23, 25, 27, 29, 31, 34, 36, 39, 40, 42, 45, 47, 48, 50, 52, 55, 56, 58, 60, 62, 64, 66, 69, 71, 72, 75}
2327: {1, 3, 6, 7, 9, 11, 14, 15, 17, 19, 21, 23, 25, 27, 29, 31, 35, 36, 38, 40, 42, 45, 46, 48, 50, 52, 55, 56, 58, 60, 62, 64, 66, 69, 70, 72, 75}
2336: {1, 3, 6, 7, 9, 11, 14, 15, 17, 19, 21, 23, 25, 27, 29, 31, 34, 36, 39, 40, 42, 45, 46, 48, 50, 52, 55, 56, 58, 60, 62, 64, 66, 69, 70, 72, 75}
2341: {1, 3, 5, 7, 9, 11, 14, 15, 17, 19, 21, 23, 25, 27, 29, 31, 34, 36, 39, 40, 42, 45, 46, 48, 50, 52, 55, 56, 58, 60, 63, 64, 66, 69, 71, 72, 75}
2371: {2, 3, 5, 7, 9, 11, 13, 15, 17, 19, 22, 24, 25, 28, 29, 33, 34, 37, 38, 40, 42, 44, 46, 48, 50, 52, 54, 56, 58, 60, 62, 64, 66, 69, 70, 72, 74}
2373: {2, 3, 5, 7, 9, 11, 13, 16, 18, 20, 22, 24, 25, 28, 29, 33, 34, 36, 38, 40, 42, 44, 46, 48, 50, 52, 54, 56, 58, 60, 62, 64, 66, 68, 70, 72, 74}
2387: {2, 4, 5, 8, 9, 12, 13, 16, 18, 20, 22, 24, 25, 28, 29, 33, 34, 36, 38, 40, 42, 44, 46, 48, 51, 52, 54, 56, 58, 60, 62, 64, 66, 68, 71, 72, 74}
2412: {2, 3, 5, 7, 10, 11, 14, 15, 17, 19, 22, 24, 25, 28, 29, 33, 34, 36, 38, 40, 42, 44, 46, 48, 51, 52, 54, 56, 58, 60, 62, 64, 66, 68, 70, 72, 74}
2420: {2, 3, 5, 7, 9, 12, 14, 15, 18, 20, 22, 24, 25, 28, 29, 31, 34, 36, 38, 40, 42, 44, 46, 48, 50, 52, 54, 56, 58, 60, 62, 64, 66, 68, 70, 73, 74}
2428: {2, 3, 5, 7, 9, 11, 14, 15, 17, 19, 22, 23, 25, 28, 29, 31, 34, 37, 38, 40, 42, 44, 46, 49, 50, 52, 54, 56, 58, 60, 62, 64, 66, 68, 70, 72, 74}
2446: {2, 3, 5, 7, 9, 11, 13, 15, 17, 19, 22, 24, 25, 27, 29, 33, 34, 36, 38, 40, 42, 44, 46, 48, 50, 52, 54, 56, 58, 60, 62, 65, 66, 69, 70, 73, 74}
2458: {2, 3, 5, 7, 9, 11, 13, 15, 17, 19, 22, 24, 25, 27, 29, 31, 34, 36, 38, 40, 43, 44, 46, 48, 50, 52, 54, 56, 58, 60, 62, 65, 66, 69, 71, 73, 74}
2473: {2, 3, 6, 7, 9, 11, 13, 15, 17, 19, 22, 24, 25, 27, 29, 32, 34, 36, 39, 40, 43, 44, 46, 48, 51, 52, 54, 56, 58, 60, 62, 65, 66, 69, 71, 72, 74}
2479: {2, 3, 6, 7, 9, 11, 13, 15, 17, 19, 22, 24, 25, 27, 29, 31, 35, 36, 39, 40, 42, 44, 46, 48, 50, 52, 54, 56, 58, 60, 62, 64, 66, 68, 70, 72, 74}
2502: {2, 4, 5, 7, 9, 11, 13, 16, 18, 20, 22, 24, 25, 27, 29, 31, 35, 36, 38, 40, 42, 44, 46, 48, 50, 52, 54, 56, 58, 60, 62, 65, 66, 69, 71, 73, 74}
2507: {2, 4, 5, 7, 9, 12, 13, 16, 18, 20, 22, 24, 25, 27, 29, 31, 34, 36, 38, 40, 43, 44, 47, 48, 50, 52, 54, 56, 58, 60, 62, 65, 66, 69, 71, 73, 74}
2519: {2, 4, 5, 7, 9, 11, 13, 16, 18, 20, 22, 24, 25, 27, 29, 31, 34, 36, 38, 40, 42, 44, 46, 48, 50, 52, 54, 56, 58, 60, 62, 64, 66, 68, 71, 72, 74}
2521: {2, 4, 5, 7, 9, 11, 13, 16, 18, 20, 22, 24, 25, 27, 29, 32, 34, 36, 38, 40, 43, 44, 46, 48, 50, 52, 54, 56, 58, 60, 62, 64, 66, 68, 71, 72, 74}
2527: {2, 4, 5, 7, 9, 12, 13, 16, 18, 20, 22, 24, 25, 27, 29, 32, 34, 36, 38, 40, 42, 44, 47, 48, 50, 52, 54, 56, 58, 60, 62, 64, 66, 68, 71, 72, 74}
2528: {2, 4, 5, 7, 9, 12, 13, 16, 18, 20, 22, 24, 25, 27, 29, 32, 34, 36, 38, 40, 43, 44, 47, 48, 50, 52, 54, 56, 58, 60, 62, 64, 66, 68, 71, 72, 74}
2529: {2, 4, 5, 7, 9, 11, 13, 16, 18, 20, 22, 24, 25, 27, 29, 31, 34, 36, 38, 40, 43, 44, 47, 48, 50, 52, 54, 56, 58, 60, 62, 65, 66, 68, 71, 72, 74}
2532: {2, 3, 5, 7, 10, 12, 13, 16, 18, 20, 22, 23, 25, 27, 29, 31, 34, 36, 39, 40, 42, 44, 46, 48, 51, 52, 54, 56, 58, 60, 62, 64, 66, 69, 71, 72, 74}
2533: {2, 3, 5, 8, 9, 11, 13, 16, 18, 20, 22, 23, 25, 27, 29, 31, 34, 36, 39, 40, 42, 44, 46, 48, 51, 52, 54, 56, 58, 60, 62, 64, 66, 68, 71, 72, 74}
2547: {2, 4, 5, 8, 9, 11, 13, 16, 18, 20, 22, 24, 25, 27, 29, 31, 35, 36, 39, 40, 43, 44, 46, 48, 51, 52, 54, 56, 58, 60, 62, 64, 66, 69, 71, 73, 74}
2571: {2, 3, 5, 7, 9, 11, 14, 15, 17, 19, 22, 24, 25, 27, 29, 31, 34, 36, 38, 40, 43, 44, 46, 48, 51, 52, 54, 56, 58, 60, 62, 65, 66, 69, 71, 73, 74}
2591: {2, 3, 5, 7, 9, 11, 14, 15, 18, 20, 22, 24, 25, 27, 29, 32, 34, 36, 38, 40, 43, 44, 46, 48, 50, 52, 54, 56, 58, 60, 62, 64, 66, 68, 70, 73, 74}
2598: {2, 3, 5, 7, 9, 12, 14, 15, 18, 20, 22, 24, 25, 27, 29, 31, 34, 36, 39, 40, 42, 44, 46, 48, 50, 52, 54, 56, 58, 60, 62, 65, 66, 69, 71, 73, 74}
2601: {2, 3, 5, 7, 9, 12, 14, 15, 18, 20, 22, 24, 25, 27, 29, 31, 34, 36, 39, 40, 43, 44, 46, 48, 50, 52, 54, 56, 58, 60, 62, 64, 66, 68, 71, 73, 74}
2602: {2, 3, 5, 7, 9, 12, 14, 15, 18, 20, 22, 24, 25, 27, 29, 32, 34, 36, 39, 40, 43, 44, 46, 48, 50, 52, 54, 56, 58, 60, 62, 64, 66, 68, 71, 73, 74}
2605: {2, 3, 5, 7, 10, 11, 13, 16, 18, 20, 22, 23, 25, 27, 29, 31, 34, 36, 38, 40, 42, 44, 46, 48, 51, 52, 55, 56, 58, 60, 62, 64, 66, 68, 71, 72, 74}
2619: {2, 3, 5, 7, 9, 12, 14, 15, 18, 20, 22, 23, 25, 27, 29, 31, 34, 36, 39, 40, 42, 44, 46, 48, 50, 52, 55, 56, 58, 60, 62, 64, 66, 69, 71, 72, 74}
2623: {2, 3, 5, 7, 9, 11, 13, 15, 17, 19, 22, 24, 26, 28, 29, 31, 34, 37, 38, 40, 42, 44, 46, 49, 50, 52, 54, 56, 58, 60, 62, 64, 66, 69, 70, 72, 74}
2626: {2, 3, 5, 7, 9, 11, 13, 16, 18, 20, 22, 23, 26, 28, 29, 31, 34, 36, 38, 40, 42, 44, 46, 49, 50, 52, 54, 56, 58, 60, 62, 64, 67, 69, 70, 73, 74}
2644: {2, 3, 6, 7, 9, 11, 13, 15, 17, 19, 22, 23, 26, 27, 29, 31, 34, 36, 39, 40, 42, 44, 46, 48, 50, 52, 55, 56, 58, 60, 62, 64, 66, 69, 70, 72, 74}
2662: {2, 3, 5, 7, 10, 12, 13, 16, 18, 20, 22, 23, 25, 28, 29, 31, 34, 36, 38, 40, 42, 44, 46, 48, 51, 52, 55, 56, 58, 60, 62, 64, 66, 68, 71, 72, 75}
2670: {2, 3, 5, 8, 9, 12, 13, 16, 18, 20, 22, 23, 25, 28, 29, 31, 34, 36, 39, 40, 42, 44, 46, 48, 51, 52, 55, 56, 58, 60, 62, 64, 66, 68, 71, 72, 75}
2681: {2, 3, 5, 7, 9, 11, 13, 16, 18, 20, 22, 23, 25, 27, 29, 31, 34, 36, 38, 40, 42, 44, 47, 48, 50, 52, 54, 56, 58, 60, 62, 64, 66, 69, 71, 72, 75}
2702: {2, 3, 5, 7, 9, 12, 13, 16, 18, 20, 22, 23, 25, 27, 29, 31, 35, 36, 38, 40, 42, 44, 46, 48, 50, 52, 55, 56, 58, 60, 62, 64, 66, 69, 71, 72, 75}
2707: {2, 3, 5, 7, 9, 12, 13, 16, 18, 20, 22, 23, 25, 27, 29, 31, 34, 36, 38, 40, 42, 44, 47, 48, 50, 52, 55, 56, 58, 60, 62, 64, 66, 68, 71, 72, 75}
2712: {2, 3, 5, 8, 9, 11, 13, 16, 18, 20, 22, 23, 25, 27, 29, 31, 34, 36, 39, 40, 42, 44, 46, 48, 51, 52, 55, 56, 58, 60, 62, 64, 66, 68, 71, 72, 75}
2720: {2, 3, 6, 7, 10, 11, 14, 15, 17, 19, 22, 23, 25, 27, 29, 31, 35, 36, 38, 40, 42, 44, 46, 48, 51, 52, 55, 56, 58, 60, 62, 64, 66, 68, 70, 72, 75}
2758: {2, 4, 5, 7, 9, 11, 13, 15, 17, 19, 21, 23, 25, 28, 29, 33, 34, 36, 38, 40, 42, 44, 46, 48, 50, 52, 54, 56, 58, 60, 62, 64, 67, 68, 70, 73, 74}
2764: {2, 3, 5, 7, 9, 12, 13, 16, 18, 20, 21, 24, 25, 28, 29, 33, 34, 36, 38, 40, 42, 44, 47, 48, 50, 52, 54, 56, 58, 60, 62, 64, 66, 68, 70, 72, 74}
2770: {2, 3, 5, 7, 9, 11, 13, 16, 18, 20, 21, 23, 25, 28, 29, 31, 34, 36, 38, 40, 42, 44, 47, 49, 50, 52, 54, 56, 58, 60, 62, 64, 67, 68, 70, 73, 74}
2782: {2, 4, 5, 7, 10, 11, 14, 15, 17, 19, 21, 24, 25, 28, 29, 33, 34, 36, 38, 40, 42, 44, 46, 48, 51, 52, 54, 57, 58, 60, 62, 64, 66, 69, 71, 72, 74}
2788: {2, 3, 5, 7, 9, 12, 14, 16, 18, 20, 21, 23, 25, 28, 29, 31, 34, 36, 38, 40, 42, 44, 47, 48, 50, 52, 54, 56, 58, 60, 62, 64, 66, 69, 70, 72, 74}
2807: {2, 3, 5, 7, 9, 12, 13, 15, 17, 20, 21, 24, 25, 27, 29, 33, 34, 36, 38, 40, 43, 44, 47, 48, 51, 52, 54, 56, 58, 60, 62, 64, 66, 68, 70, 73, 74}
2810: {2, 3, 5, 7, 9, 12, 13, 15, 17, 19, 21, 23, 25, 27, 29, 33, 34, 36, 38, 40, 42, 44, 46, 48, 51, 52, 54, 56, 58, 60, 62, 64, 67, 68, 70, 73, 74}
2821: {2, 3, 5, 7, 9, 11, 13, 15, 17, 19, 21, 24, 25, 27, 29, 31, 34, 36, 38, 40, 43, 44, 46, 48, 50, 52, 54, 57, 58, 60, 62, 65, 66, 69, 70, 73, 74}
2840: {2, 4, 5, 7, 9, 11, 13, 15, 17, 19, 21, 23, 25, 27, 29, 32, 34, 36, 38, 40, 42, 44, 46, 48, 50, 52, 54, 56, 58, 60, 62, 65, 67, 68, 70, 73, 74}
2849: {2, 3, 5, 7, 9, 11, 13, 15, 17, 19, 21, 24, 25, 27, 29, 31, 34, 36, 39, 41, 42, 44, 46, 48, 51, 52, 54, 56, 58, 60, 63, 65, 66, 68, 71, 73, 74}
2851: {2, 3, 5, 7, 9, 11, 13, 15, 17, 19, 21, 24, 25, 27, 29, 31, 34, 36, 39, 40, 42, 44, 46, 48, 50, 53, 54, 56, 58, 60, 62, 65, 66, 69, 71, 73, 74}
2870: {2, 3, 5, 7, 9, 12, 13, 15, 17, 20, 21, 23, 25, 27, 29, 31, 34, 36, 39, 40, 43, 44, 47, 48, 50, 52, 54, 56, 58, 60, 62, 65, 67, 68, 70, 73, 74}
2871: {2, 4, 6, 7, 9, 11, 13, 15, 17, 19, 21, 23, 25, 27, 29, 33, 34, 36, 39, 40, 42, 44, 46, 48, 51, 52, 54, 56, 58, 60, 62, 64, 67, 68, 71, 73, 74}
2875: {2, 3, 5, 7, 9, 11, 13, 16, 18, 20, 21, 24, 25, 27, 29, 31, 34, 36, 38, 40, 43, 44, 46, 48, 50, 52, 54, 56, 58, 60, 62, 64, 66, 69, 70, 73, 74}
2878: {2, 3, 5, 7, 9, 11, 13, 16, 18, 20, 21, 24, 25, 27, 29, 31, 34, 36, 38, 40, 43, 44, 47, 48, 50, 52, 54, 56, 58, 60, 62, 65, 66, 69, 70, 73, 74}
2879: {2, 3, 5, 7, 9, 11, 13, 16, 18, 20, 21, 24, 25, 27, 29, 31, 34, 36, 38, 40, 43, 44, 47, 48, 50, 52, 54, 56, 58, 60, 62, 64, 66, 68, 70, 73, 74}
2884: {2, 3, 5, 7, 9, 11, 13, 15, 17, 19, 21, 24, 25, 27, 29, 31, 34, 37, 38, 40, 42, 44, 46, 49, 50, 52, 54, 56, 58, 60, 62, 64, 66, 69, 70, 73, 74}
2885: {2, 3, 5, 7, 9, 11, 13, 16, 18, 20, 21, 23, 25, 27, 29, 31, 34, 36, 38, 40, 43, 44, 46, 49, 50, 52, 54, 56, 58, 60, 62, 65, 67, 68, 70, 73, 74}
2897: {2, 3, 6, 7, 9, 11, 14, 15, 17, 19, 21, 24, 25, 27, 29, 31, 35, 36, 38, 40, 42, 44, 46, 48, 50, 52, 54, 56, 58, 60, 62, 65, 66, 69, 70, 73, 74}
2900: {2, 3, 5, 7, 10, 11, 14, 15, 17, 19, 21, 24, 25, 27, 29, 31, 35, 36, 38, 40, 43, 44, 46, 48, 50, 52, 54, 57, 58, 60, 62, 65, 66, 69, 71, 73, 74}
2902: {2, 3, 5, 7, 9, 12, 14, 16, 17, 19, 21, 24, 25, 27, 29, 31, 34, 36, 38, 40, 43, 44, 46, 48, 50, 52, 54, 56, 58, 60, 62, 65, 66, 69, 70, 73, 74}
2925: {2, 3, 5, 7, 9, 12, 14, 16, 17, 19, 21, 24, 25, 27, 29, 31, 35, 36, 39, 40, 42, 44, 46, 48, 51, 52, 54, 56, 58, 60, 62, 64, 66, 69, 71, 73, 74}
2957: {2, 3, 5, 7, 10, 12, 14, 16, 18, 20, 21, 23, 25, 27, 29, 31, 34, 36, 39, 40, 42, 44, 46, 48, 51, 52, 54, 56, 58, 60, 62, 64, 66, 69, 71, 72, 74}
2962: {2, 4, 5, 7, 10, 12, 14, 16, 18, 20, 21, 24, 25, 27, 29, 32, 34, 36, 39, 40, 42, 44, 46, 48, 51, 52, 54, 57, 58, 60, 62, 64, 66, 69, 71, 72, 74}
2964: {2, 4, 5, 7, 9, 11, 14, 15, 17, 19, 21, 24, 25, 27, 29, 31, 34, 37, 38, 40, 42, 44, 46, 49, 50, 52, 54, 56, 58, 60, 62, 64, 66, 69, 70, 73, 74}
2972: {2, 3, 5, 7, 9, 11, 14, 16, 17, 20, 21, 23, 25, 27, 29, 31, 34, 36, 39, 40, 42, 44, 47, 48, 51, 52, 55, 56, 58, 60, 62, 64, 66, 69, 71, 72, 74}
2981: {2, 3, 5, 7, 9, 11, 13, 15, 17, 20, 21, 24, 26, 28, 29, 31, 34, 36, 38, 40, 42, 44, 47, 49, 50, 52, 54, 56, 58, 60, 62, 64, 66, 68, 70, 73, 74}
2984: {2, 3, 5, 7, 9, 11, 13, 16, 18, 20, 21, 23, 26, 28, 29, 31, 34, 36, 38, 40, 42, 44, 46, 49, 51, 52, 54, 56, 58, 60, 62, 64, 67, 68, 70, 73, 74}
3007: {2, 4, 5, 7, 10, 11, 13, 16, 18, 20, 21, 23, 26, 27, 30, 31, 35, 36, 38, 40, 43, 44, 46, 48, 51, 52, 54, 56, 58, 60, 62, 64, 67, 68, 71, 73, 74}
3016: {2, 3, 5, 7, 10, 12, 14, 15, 17, 19, 21, 23, 25, 28, 29, 31, 35, 36, 38, 40, 42, 44, 46, 48, 50, 52, 54, 57, 58, 60, 62, 64, 66, 69, 71, 72, 75}
3028: {2, 3, 5, 7, 9, 12, 13, 16, 17, 19, 21, 23, 25, 28, 29, 31, 34, 36, 38, 40, 42, 44, 46, 48, 51, 52, 55, 57, 58, 60, 62, 64, 66, 69, 70, 72, 75}
3033: {2, 3, 5, 7, 9, 11, 13, 16, 17, 20, 21, 23, 25, 28, 29, 31, 34, 36, 38, 40, 42, 44, 47, 48, 51, 52, 55, 57, 58, 60, 62, 64, 66, 69, 70, 72, 75}
3063: {2, 3, 5, 7, 9, 11, 13, 15, 17, 19, 21, 23, 25, 27, 29, 31, 34, 36, 39, 40, 42, 44, 46, 48, 50, 52, 54, 57, 58, 60, 63, 64, 66, 69, 71, 72, 75}
3065: {2, 3, 5, 7, 9, 12, 13, 16, 17, 19, 21, 23, 25, 27, 29, 31, 34, 36, 39, 40, 42, 44, 46, 48, 50, 52, 54, 57, 58, 60, 63, 64, 66, 69, 71, 72, 75}
3070: {2, 3, 5, 7, 10, 12, 14, 15, 17, 19, 21, 23, 25, 27, 29, 31, 34, 36, 39, 40, 42, 44, 46, 48, 51, 52, 54, 57, 58, 60, 62, 64, 66, 69, 71, 72, 75}
3079: {2, 3, 5, 7, 9, 11, 13, 15, 17, 19, 21, 23, 25, 27, 29, 31, 35, 36, 38, 40, 42, 44, 46, 48, 51, 52, 55, 57, 58, 60, 62, 64, 66, 69, 70, 72, 75}
3088: {2, 3, 5, 7, 9, 12, 13, 16, 17, 19, 21, 23, 25, 27, 29, 31, 34, 36, 39, 40, 42, 44, 46, 48, 51, 52, 55, 57, 58, 60, 62, 64, 66, 69, 71, 72, 75}
3092: {2, 3, 5, 7, 9, 12, 13, 15, 17, 19, 21, 23, 25, 27, 29, 31, 34, 36, 39, 40, 42, 44, 46, 48, 50, 52, 55, 57, 58, 60, 62, 64, 66, 69, 71, 72, 75}
3097: {2, 3, 5, 7, 9, 12, 13, 16, 17, 19, 21, 23, 25, 27, 29, 31, 34, 36, 39, 40, 42, 44, 46, 48, 50, 52, 55, 56, 58, 60, 63, 64, 66, 69, 71, 72, 75}
3106: {2, 3, 5, 7, 9, 12, 14, 16, 17, 20, 21, 23, 25, 27, 29, 31, 34, 36, 38, 40, 42, 44, 47, 48, 51, 52, 55, 56, 58, 60, 62, 64, 66, 69, 70, 72, 75}
3114: {2, 3, 5, 7, 9, 11, 14, 15, 17, 20, 21, 23, 25, 27, 29, 31, 35, 36, 38, 40, 42, 44, 47, 48, 50, 52, 55, 56, 58, 60, 62, 64, 66, 69, 71, 72, 75}
3118: {2, 3, 5, 7, 10, 12, 14, 15, 17, 19, 21, 23, 25, 27, 29, 31, 35, 36, 39, 40, 42, 44, 46, 48, 51, 52, 55, 57, 58, 60, 62, 64, 66, 69, 71, 72, 75}
3130: {2, 3, 5, 7, 9, 12, 14, 16, 18, 20, 21, 23, 25, 27, 29, 31, 34, 36, 38, 40, 42, 44, 46, 48, 50, 52, 55, 57, 58, 60, 62, 64, 66, 69, 71, 72, 75}
3140: {2, 3, 5, 7, 9, 11, 13, 15, 17, 19, 21, 23, 26, 28, 29, 31, 34, 36, 38, 40, 42, 44, 46, 48, 50, 52, 54, 57, 58, 60, 62, 64, 66, 69, 70, 72, 75}
3141: {2, 3, 5, 7, 9, 11, 13, 15, 17, 20, 21, 23, 26, 28, 29, 31, 34, 36, 38, 40, 42, 44, 47, 48, 50, 52, 54, 56, 58, 60, 62, 64, 66, 69, 70, 72, 75}
3144: {2, 3, 5, 7, 9, 11, 13, 15, 17, 20, 21, 23, 26, 28, 29, 31, 34, 36, 38, 40, 42, 44, 47, 48, 50, 52, 55, 56, 58, 60, 62, 64, 66, 69, 70, 72, 75}
3176: {2, 3, 5, 7, 9, 11, 13, 16, 17, 19, 21, 23, 25, 27, 29, 33, 34, 36, 38, 40, 42, 44, 46, 49, 50, 52, 54, 56, 58, 61, 62, 64, 67, 68, 70, 73, 74}
3177: {2, 3, 5, 7, 9, 11, 13, 16, 17, 19, 21, 23, 25, 27, 29, 31, 34, 36, 38, 40, 42, 44, 46, 49, 50, 52, 54, 56, 58, 61, 62, 64, 67, 68, 70, 73, 74}
3179: {2, 4, 5, 7, 9, 11, 13, 16, 17, 19, 21, 23, 25, 27, 29, 33, 34, 36, 38, 40, 42, 44, 46, 49, 50, 52, 54, 56, 58, 61, 62, 64, 67, 68, 70, 73, 74}
3188: {2, 3, 5, 7, 10, 11, 13, 16, 18, 20, 21, 23, 26, 27, 29, 32, 34, 36, 38, 40, 42, 44, 46, 48, 50, 52, 54, 56, 58, 61, 62, 64, 67, 68, 71, 73, 74}
