61: {2, 5, 11, 16, 24, 28, 34, 36, 38, 40, 52, 54, 59, 63, 67, 76, 85, 86, 90, 93, 99, 110, 113}
121: {1, 3, 9, 15, 23, 25, 34, 36, 38, 40, 52, 54, 59, 63, 67, 76, 85, 86, 90, 93, 98, 110, 114}
124: {2, 6, 9, 16, 24, 28, 34, 37, 39, 40, 53, 54, 59, 63, 67, 76, 85, 86, 90, 94, 99, 109, 114}
146: {2, 3, 11, 16, 24, 28, 34, 37, 39, 40, 53, 54, 60, 64, 67, 76, 85, 86, 90, 94, 98, 107, 114}
178: {2, 4, 10, 14, 23, 26, 34, 36, 39, 42, 52, 55, 59, 63, 67, 76, 85, 86, 90, 93, 99, 107, 114}
215: {2, 6, 10, 14, 23, 26, 34, 36, 39, 41, 52, 57, 59, 65, 67, 76, 85, 86, 90, 93, 99, 107, 114}
232: {1, 3, 10, 15, 23, 25, 34, 36, 38, 40, 52, 54, 59, 63, 67, 76, 85, 86, 90, 93, 98, 107, 113}
235: {2, 4, 9, 15, 23, 27, 34, 36, 39, 40, 52, 55, 59, 63, 67, 76, 85, 86, 90, 93, 99, 108, 114}
243: {2, 3, 9, 15, 23, 26, 34, 36, 39, 44, 52, 55, 59, 63, 67, 76, 85, 86, 90, 93, 99, 108, 115}
294: {2, 4, 10, 15, 23, 27, 34, 36, 39, 40, 52, 55, 59, 63, 67, 76, 85, 86, 90, 93, 99, 107, 114}
356: {2, 5, 11, 16, 24, 28, 34, 36, 38, 42, 52, 54, 59, 63, 67, 76, 85, 86, 90, 93, 99, 110, 113}
396: {2, 3, 11, 16, 24, 28, 34, 37, 39, 45, 53, 54, 60, 64, 67, 76, 85, 86, 90, 94, 99, 109, 114}
426: {2, 3, 9, 15, 23, 26, 34, 37, 38, 41, 53, 56, 59, 63, 67, 76, 85, 86, 90, 93, 99, 110, 116}
507: {2, 3, 9, 16, 24, 28, 34, 37, 39, 43, 53, 54, 59, 63, 67, 76, 85, 86, 90, 94, 99, 107, 114}
533: {1, 3, 10, 15, 23, 25, 34, 36, 38, 41, 52, 54, 59, 63, 67, 76, 85, 86, 90, 93, 98, 107, 114}
580: {1, 3, 9, 13, 23, 25, 34, 36, 38, 44, 52, 54, 59, 63, 67, 76, 85, 86, 90, 93, 99, 107, 114}
606: {2, 4, 9, 15, 23, 26, 34, 36, 39, 41, 52, 55, 59, 63, 67, 76, 85, 86, 90, 93, 98, 108, 114}
1008: {2, 6, 11, 15, 24, 28, 34, 37, 39, 43, 53, 54, 60, 63, 67, 76, 85, 86, 90, 94, 99, 107, 114}
1014: {2, 6, 9, 13, 24, 28, 34, 37, 39, 41, 53, 54, 59, 64, 67, 76, 85, 86, 90, 94, 98, 107, 114}
1103: {2, 3, 11, 16, 24, 28, 34, 37, 39, 45, 53, 54, 59, 63, 67, 76, 85, 86, 90, 94, 99, 107, 114}
1105: {2, 6, 11, 13, 24, 28, 34, 37, 39, 41, 53, 54, 59, 64, 67, 76, 85, 86, 90, 94, 99, 109, 114}
1121: {2, 3, 11, 15, 24, 28, 34, 37, 39, 43, 53, 54, 60, 63, 67, 76, 85, 86, 90, 94, 98, 107, 114}
1155: {1, 3, 10, 15, 23, 25, 34, 36, 38, 41, 52, 54, 59, 63, 67, 76, 85, 86, 90, 93, 98, 110, 114}
1165: {2, 3, 9, 15, 24, 28, 34, 37, 39, 40, 53, 54, 60, 64, 67, 76, 85, 86, 90, 94, 98, 107, 114}
1166: {2, 4, 9, 15, 23, 26, 34, 36, 39, 44, 52, 55, 59, 63, 67, 76, 85, 86, 90, 93, 99, 108, 115}
1187: {2, 6, 9, 16, 24, 28, 34, 37, 39, 45, 53, 54, 59, 63, 67, 76, 85, 86, 90, 94, 98, 109, 114}
1216: {1, 6, 9, 13, 23, 25, 34, 36, 38, 40, 52, 54, 59, 63, 67, 76, 85, 86, 90, 93, 99, 110, 114}
1259: {2, 6, 9, 15, 24, 28, 34, 37, 39, 45, 53, 54, 60, 63, 67, 76, 85, 86, 90, 94, 99, 109, 114}
1280: {2, 6, 9, 15, 24, 28, 34, 37, 39, 45, 53, 54, 60, 63, 67, 76, 85, 86, 90, 94, 99, 107, 114}
1300: {2, 6, 9, 15, 24, 28, 34, 37, 39, 41, 53, 54, 59, 63, 67, 76, 85, 86, 90, 94, 99, 109, 114}
1328: {2, 6, 9, 16, 24, 28, 34, 37, 39, 40, 53, 54, 60, 64, 67, 76, 85, 86, 90, 94, 99, 109, 114}
1455: {2, 3, 9, 16, 24, 28, 34, 37, 39, 41, 53, 54, 60, 64, 67, 76, 85, 86, 90, 94, 98, 109, 114}
1551: {2, 6, 11, 13, 24, 28, 34, 37, 39, 40, 53, 54, 60, 64, 67, 76, 85, 86, 90, 94, 98, 109, 114}
1869: {2, 3, 9, 13, 24, 28, 34, 37, 39, 41, 53, 54, 59, 64, 67, 76, 85, 86, 90, 94, 98, 109, 114}
1871: {2, 3, 9, 13, 24, 28, 34, 37, 39, 41, 53, 54, 59, 64, 67, 76, 85, 86, 90, 94, 98, 107, 114}
1881: {2, 3, 9, 15, 24, 28, 34, 37, 39, 45, 53, 54, 59, 64, 67, 76, 85, 86, 90, 94, 98, 109, 114}
1896: {2, 3, 10, 13, 23, 28, 34, 36, 39, 44, 53, 56, 59, 63, 68, 78, 85, 86, 90, 93, 99, 110, 116}
1903: {2, 6, 11, 13, 24, 28, 34, 37, 39, 40, 53, 54, 59, 64, 67, 76, 85, 86, 90, 94, 99, 109, 114}
1904: {2, 6, 9, 15, 24, 28, 34, 37, 39, 45, 53, 54, 60, 63, 67, 76, 85, 86, 90, 94, 98, 107, 114}
1915: {2, 6, 11, 16, 24, 28, 34, 37, 39, 43, 53, 54, 60, 63, 67, 76, 85, 86, 90, 94, 99, 109, 114}
1966: {2, 6, 9, 13, 24, 28, 34, 37, 39, 43, 53, 54, 59, 63, 67, 76, 85, 86, 90, 94, 98, 107, 114}
2111: {2, 3, 11, 17, 23, 28, 34, 36, 39, 44, 53, 56, 59, 63, 68, 76, 85, 86, 90, 93, 98, 110, 116}
2119: {2, 3, 11, 16, 23, 28, 34, 36, 39, 41, 53, 56, 59, 63, 69, 77, 85, 86, 90, 93, 98, 110, 116}
2340: {2, 3, 10, 17, 23, 28, 34, 36, 39, 41, 53, 56, 59, 63, 69, 77, 85, 86, 90, 93, 99, 111, 116}
2373: {2, 6, 11, 13, 23, 28, 34, 36, 39, 41, 53, 56, 59, 63, 68, 77, 85, 86, 90, 93, 98, 111, 116}
2377: {2, 3, 11, 16, 23, 28, 34, 36, 39, 44, 53, 56, 59, 63, 68, 78, 85, 86, 90, 93, 98, 110, 116}
2431: {2, 6, 11, 17, 23, 28, 34, 36, 39, 46, 53, 56, 59, 63, 69, 78, 85, 86, 90, 93, 99, 110, 116}
2448: {2, 6, 11, 13, 23, 28, 34, 36, 39, 43, 53, 56, 59, 63, 67, 76, 85, 86, 90, 93, 99, 111, 116}
2457: {2, 3, 10, 17, 23, 28, 34, 36, 39, 41, 53, 56, 59, 63, 68, 76, 85, 86, 90, 93, 99, 111, 116}
2491: {2, 3, 10, 16, 23, 28, 34, 36, 39, 41, 53, 56, 59, 63, 69, 77, 85, 86, 90, 93, 99, 110, 116}
2499: {2, 3, 11, 17, 23, 28, 34, 36, 39, 41, 53, 56, 59, 63, 69, 77, 85, 86, 90, 93, 99, 110, 116}
2546: {2, 3, 10, 16, 23, 28, 34, 36, 39, 41, 53, 56, 59, 63, 67, 78, 85, 86, 90, 93, 99, 110, 116}
2557: {2, 3, 10, 17, 23, 28, 34, 36, 39, 44, 53, 56, 59, 63, 69, 78, 85, 86, 90, 93, 99, 110, 116}
2576: {2, 3, 10, 13, 23, 28, 34, 36, 39, 41, 53, 56, 59, 63, 67, 76, 85, 86, 90, 93, 98, 111, 116}
2591: {2, 3, 10, 17, 23, 28, 34, 36, 39, 43, 53, 56, 59, 63, 68, 77, 85, 86, 90, 93, 98, 111, 116}
2607: {2, 3, 11, 17, 23, 28, 34, 36, 39, 43, 53, 56, 59, 63, 69, 76, 85, 86, 90, 93, 99, 110, 116}
2632: {2, 6, 11, 13, 23, 28, 34, 36, 39, 44, 53, 56, 59, 63, 68, 76, 85, 86, 90, 93, 99, 110, 116}
2648: {2, 6, 11, 15, 24, 28, 34, 37, 39, 45, 53, 54, 59, 64, 67, 76, 85, 86, 90, 94, 98, 107, 114}
2650: {2, 3, 11, 16, 23, 28, 34, 36, 39, 46, 53, 56, 59, 63, 68, 78, 85, 86, 90, 93, 98, 111, 116}
2654: {2, 6, 10, 13, 23, 28, 34, 36, 39, 44, 53, 56, 59, 63, 69, 76, 85, 86, 90, 93, 98, 111, 116}
2784: {2, 6, 11, 16, 23, 28, 34, 36, 39, 43, 53, 56, 59, 63, 69, 76, 85, 86, 90, 93, 98, 111, 116}
2795: {2, 3, 11, 17, 23, 28, 34, 36, 39, 44, 53, 56, 59, 63, 69, 78, 85, 86, 90, 93, 99, 110, 116}
2813: {2, 3, 10, 16, 23, 28, 34, 36, 39, 43, 53, 56, 59, 63, 67, 76, 85, 86, 90, 93, 99, 110, 116}
2892: {2, 3, 10, 17, 23, 28, 34, 36, 39, 46, 53, 56, 59, 63, 67, 78, 85, 86, 90, 93, 98, 111, 116}
2893: {1, 3, 11, 15, 24, 30, 34, 37, 38, 46, 52, 56, 59, 63, 67, 76, 85, 86, 90, 93, 99, 110, 116}
2936: {2, 6, 10, 16, 23, 28, 34, 36, 39, 44, 53, 56, 59, 63, 67, 76, 85, 86, 90, 93, 98, 110, 116}
3010: {1, 3, 11, 16, 24, 29, 34, 36, 39, 45, 52, 56, 61, 66, 69, 77, 85, 86, 90, 95, 101, 111, 117}
3055: {2, 6, 10, 16, 23, 28, 34, 36, 39, 46, 53, 56, 59, 63, 68, 77, 85, 86, 90, 93, 99, 111, 116}
3082: {2, 6, 10, 17, 23, 28, 34, 36, 39, 43, 53, 56, 59, 63, 69, 78, 85, 86, 90, 93, 99, 111, 116}
3114: {2, 6, 10, 17, 23, 28, 34, 36, 39, 41, 53, 56, 59, 63, 68, 77, 85, 86, 90, 93, 98, 110, 116}
3229: {2, 6, 11, 16, 23, 28, 34, 36, 39, 46, 53, 56, 59, 63, 69, 78, 85, 86, 90, 93, 98, 110, 116}
3360: {1, 3, 11, 16, 24, 30, 34, 37, 38, 46, 52, 56, 59, 63, 67, 76, 85, 86, 90, 93, 99, 110, 116}
3423: {2, 6, 10, 13, 23, 28, 34, 36, 39, 41, 53, 56, 59, 63, 67, 76, 85, 86, 90, 93, 98, 111, 116}
3533: {2, 6, 10, 16, 23, 28, 34, 36, 39, 41, 53, 56, 59, 63, 68, 78, 85, 86, 90, 93, 98, 111, 116}
3577: {2, 6, 10, 17, 23, 28, 34, 36, 39, 41, 53, 56, 59, 63, 67, 76, 85, 86, 90, 93, 99, 110, 116}
3618: {2, 6, 11, 17, 23, 28, 34, 36, 39, 44, 53, 56, 59, 63, 67, 76, 85, 86, 90, 93, 99, 111, 116}
3629: {2, 6, 10, 13, 23, 28, 34, 36, 39, 41, 53, 56, 59, 63, 67, 76, 85, 86, 90, 93, 99, 110, 116}
3637: {2, 6, 10, 17, 23, 28, 34, 36, 39, 43, 53, 56, 59, 63, 69, 78, 85, 86, 90, 93, 98, 110, 116}
3678: {2, 6, 10, 16, 23, 28, 34, 36, 39, 41, 53, 56, 59, 63, 67, 78, 85, 86, 90, 93, 98, 110, 116}
3710: {2, 6, 10, 16, 23, 28, 34, 36, 39, 41, 53, 56, 59, 63, 67, 76, 85, 86, 90, 93, 99, 111, 116}
3765: {2, 6, 10, 13, 23, 28, 34, 36, 39, 46, 53, 56, 59, 63, 67, 77, 85, 86, 90, 93, 98, 111, 116}
3771: {2, 3, 11, 16, 23, 28, 34, 36, 39, 43, 53, 56, 59, 63, 69, 76, 85, 86, 90, 93, 99, 111, 116}
3784: {1, 6, 11, 16, 24, 29, 34, 36, 39, 42, 52, 56, 61, 66, 69, 79, 85, 86, 90, 95, 101, 110, 116}
3808: {2, 6, 11, 17, 23, 28, 34, 36, 39, 44, 53, 56, 59, 63, 69, 78, 85, 86, 90, 93, 98, 111, 116}
3866: {1, 3, 11, 15, 24, 30, 34, 37, 38, 41, 52, 56, 59, 63, 67, 76, 85, 86, 90, 93, 98, 110, 116}
3893: {1, 3, 11, 16, 24, 29, 34, 36, 39, 42, 52, 56, 61, 66, 70, 79, 85, 86, 90, 95, 101, 110, 114}
3934: {1, 3, 10, 16, 24, 29, 34, 36, 39, 43, 52, 56, 61, 66, 70, 80, 85, 86, 90, 95, 101, 111, 117}
4019: {2, 3, 11, 16, 23, 28, 34, 36, 39, 46, 53, 56, 59, 63, 68, 78, 85, 86, 90, 93, 99, 110, 116}
4086: {1, 3, 10, 16, 24, 29, 34, 36, 39, 43, 52, 56, 61, 66, 71, 80, 85, 86, 90, 95, 101, 110, 117}
4100: {1, 3, 10, 16, 24, 29, 34, 36, 39, 43, 52, 56, 61, 66, 71, 80, 85, 86, 90, 95, 101, 111, 116}
4168: {1, 6, 11, 16, 24, 29, 34, 36, 39, 43, 52, 56, 61, 66, 70, 77, 85, 86, 90, 95, 101, 111, 114}
4184: {2, 6, 11, 16, 23, 28, 34, 36, 39, 44, 53, 56, 59, 63, 67, 76, 85, 86, 90, 93, 98, 111, 116}
4277: {2, 7, 10, 13, 24, 28, 34, 37, 38, 44, 52, 56, 60, 64, 67, 80, 85, 86, 90, 94, 102, 110, 119}
4356: {1, 6, 10, 16, 24, 29, 34, 36, 39, 45, 52, 56, 61, 66, 70, 80, 85, 86, 90, 95, 101, 111, 114}
4413: {1, 6, 10, 16, 24, 29, 34, 36, 39, 42, 52, 56, 61, 66, 69, 80, 85, 86, 90, 95, 101, 110, 116}
4448: {1, 6, 10, 16, 24, 29, 34, 36, 39, 45, 52, 56, 61, 66, 70, 79, 85, 86, 90, 95, 101, 111, 117}
4624: {1, 6, 10, 16, 24, 29, 34, 36, 39, 45, 52, 56, 61, 66, 70, 79, 85, 86, 90, 95, 101, 111, 114}
4632: {1, 3, 10, 14, 24, 29, 34, 36, 39, 42, 52, 56, 61, 66, 69, 80, 85, 86, 90, 95, 101, 110, 117}
4640: {1, 3, 11, 14, 24, 29, 34, 36, 39, 45, 52, 56, 61, 66, 71, 79, 85, 86, 90, 95, 101, 111, 116}
4683: {1, 3, 10, 16, 24, 29, 34, 36, 39, 42, 52, 56, 61, 66, 71, 80, 85, 86, 90, 95, 101, 111, 116}
4689: {1, 3, 10, 16, 24, 29, 34, 36, 39, 43, 52, 56, 61, 66, 70, 77, 85, 86, 90, 95, 101, 111, 114}
4714: {1, 6, 11, 16, 24, 29, 34, 36, 39, 42, 52, 56, 61, 66, 69, 80, 85, 86, 90, 95, 101, 111, 117}
4729: {1, 3, 11, 14, 24, 29, 34, 36, 39, 45, 52, 56, 61, 66, 71, 77, 85, 86, 90, 95, 101, 111, 116}
4790: {1, 3, 10, 14, 24, 29, 34, 36, 39, 45, 52, 56, 61, 66, 71, 79, 85, 86, 90, 95, 101, 111, 117}
4810: {1, 6, 11, 16, 24, 29, 34, 36, 39, 42, 52, 56, 61, 66, 71, 79, 85, 86, 90, 95, 101, 111, 116}
4887: {1, 3, 10, 14, 24, 29, 34, 36, 39, 42, 52, 56, 61, 66, 70, 80, 85, 86, 90, 95, 101, 110, 114}
4985: {2, 6, 10, 20, 24, 28, 34, 36, 38, 44, 52, 58, 59, 64, 67, 76, 85, 86, 90, 96, 101, 111, 116}
5095: {1, 3, 11, 14, 24, 29, 34, 36, 39, 43, 52, 56, 61, 66, 70, 80, 85, 86, 90, 95, 101, 111, 116}
5152: {2, 6, 10, 13, 23, 28, 34, 36, 39, 44, 52, 58, 59, 63, 67, 81, 85, 86, 91, 94, 102, 112, 118}
5179: {2, 3, 10, 21, 24, 28, 34, 37, 38, 44, 52, 56, 60, 64, 67, 80, 85, 86, 90, 94, 102, 110, 119}
5214: {1, 3, 9, 16, 23, 29, 34, 36, 39, 43, 53, 56, 59, 63, 67, 76, 85, 86, 90, 93, 101, 110, 113}
5225: {1, 4, 10, 13, 24, 28, 34, 36, 38, 44, 52, 58, 61, 65, 67, 80, 85, 86, 90, 94, 102, 110, 116}
5241: {1, 6, 9, 15, 23, 29, 34, 36, 39, 44, 53, 56, 60, 64, 67, 76, 85, 86, 90, 93, 101, 107, 114}
5258: {2, 7, 9, 13, 23, 28, 34, 36, 39, 44, 52, 58, 59, 63, 67, 81, 85, 86, 91, 94, 102, 112, 118}
5413: {1, 6, 10, 14, 24, 29, 34, 36, 39, 45, 52, 56, 61, 66, 69, 80, 85, 86, 90, 95, 101, 110, 117}
5418: {2, 3, 9, 13, 23, 28, 34, 36, 39, 47, 52, 58, 59, 63, 72, 81, 85, 86, 91, 94, 102, 112, 118}
5456: {1, 3, 10, 14, 24, 29, 34, 36, 39, 42, 52, 56, 61, 66, 70, 77, 85, 86, 90, 95, 101, 111, 114}
5460: {1, 6, 11, 16, 24, 29, 34, 36, 39, 43, 52, 56, 61, 66, 69, 80, 85, 86, 90, 95, 101, 111, 114}
5491: {1, 3, 9, 19, 23, 29, 34, 36, 39, 44, 53, 56, 60, 64, 67, 76, 85, 86, 90, 93, 101, 110, 114}
5526: {2, 3, 10, 18, 23, 28, 34, 36, 39, 47, 52, 58, 59, 63, 67, 81, 85, 86, 91, 94, 102, 112, 118}
5533: {1, 6, 10, 14, 24, 29, 34, 36, 39, 42, 52, 56, 61, 66, 70, 80, 85, 86, 90, 95, 101, 110, 116}
5542: {1, 3, 11, 14, 24, 29, 34, 36, 39, 42, 52, 56, 61, 66, 70, 77, 85, 86, 90, 95, 101, 111, 114}
5552: {2, 6, 10, 22, 24, 28, 34, 36, 38, 43, 52, 58, 59, 64, 67, 76, 85, 86, 90, 96, 101, 110, 116}
5570: {2, 6, 9, 18, 23, 28, 34, 36, 39, 44, 52, 58, 59, 63, 72, 76, 85, 86, 91, 94, 102, 112, 118}
5618: {1, 4, 9, 15, 23, 28, 34, 36, 39, 42, 52, 56, 59, 63, 67, 76, 85, 86, 91, 93, 103, 110, 114}
5662: {2, 6, 10, 17, 23, 28, 34, 36, 39, 47, 52, 58, 59, 63, 72, 81, 85, 86, 91, 94, 102, 112, 118}
5680: {2, 3, 10, 13, 23, 28, 34, 36, 39, 44, 52, 58, 59, 63, 72, 81, 85, 86, 91, 94, 102, 112, 118}
5741: {1, 3, 9, 16, 23, 29, 34, 36, 39, 43, 53, 56, 59, 63, 67, 76, 85, 86, 90, 93, 101, 110, 114}
5823: {1, 3, 9, 15, 23, 29, 34, 36, 39, 44, 53, 56, 60, 64, 67, 76, 85, 86, 90, 93, 101, 110, 113}
5895: {2, 3, 9, 17, 23, 28, 34, 36, 39, 44, 52, 58, 59, 63, 72, 81, 85, 86, 91, 94, 102, 112, 118}
5988: {1, 6, 9, 16, 23, 29, 34, 36, 39, 45, 53, 56, 60, 63, 67, 76, 85, 86, 90, 93, 101, 107, 114}
6040: {1, 6, 9, 13, 24, 31, 34, 36, 38, 48, 53, 58, 61, 66, 69, 77, 85, 86, 90, 94, 102, 110, 116}
6053: {1, 6, 10, 17, 24, 32, 34, 36, 38, 48, 53, 58, 61, 63, 67, 77, 85, 86, 90, 94, 102, 110, 116}
6085: {1, 7, 10, 13, 24, 31, 34, 36, 38, 48, 53, 58, 61, 63, 67, 77, 85, 86, 90, 94, 102, 110, 119}
6140: {1, 6, 9, 13, 24, 29, 34, 36, 38, 48, 53, 58, 59, 63, 67, 77, 85, 86, 90, 94, 102, 110, 119}
6315: {1, 3, 9, 13, 24, 29, 34, 36, 38, 48, 53, 58, 61, 63, 67, 77, 85, 86, 90, 94, 102, 110, 116}
6396: {1, 6, 9, 13, 24, 29, 34, 36, 38, 48, 53, 58, 59, 63, 67, 76, 85, 86, 90, 94, 102, 110, 117}
6445: {1, 6, 9, 13, 24, 31, 34, 36, 38, 48, 53, 58, 61, 63, 69, 77, 85, 86, 90, 94, 102, 110, 119}
6495: {1, 6, 10, 17, 24, 29, 34, 36, 38, 48, 53, 58, 59, 66, 69, 76, 85, 86, 90, 94, 102, 110, 117}
6503: {1, 6, 10, 17, 24, 29, 34, 36, 38, 48, 53, 58, 59, 66, 67, 76, 85, 86, 90, 94, 102, 110, 116}
6624: {1, 3, 9, 17, 24, 31, 34, 36, 38, 48, 53, 58, 61, 66, 67, 76, 85, 86, 90, 94, 102, 110, 119}
6635: {1, 3, 9, 17, 24, 29, 34, 36, 38, 48, 53, 58, 61, 66, 69, 77, 85, 86, 90, 94, 102, 110, 119}
6677: {1, 6, 9, 13, 24, 32, 34, 36, 38, 48, 53, 58, 61, 66, 67, 76, 85, 86, 90, 94, 102, 110, 116}
6754: {1, 6, 10, 13, 24, 32, 34, 36, 38, 48, 53, 58, 61, 63, 67, 77, 85, 86, 90, 94, 102, 110, 116}
6760: {1, 6, 10, 13, 24, 32, 34, 36, 38, 48, 53, 58, 59, 63, 67, 76, 85, 86, 90, 94, 102, 110, 119}
6783: {1, 3, 10, 17, 24, 31, 34, 36, 38, 48, 53, 58, 59, 63, 67, 77, 85, 86, 90, 94, 102, 110, 117}
6793: {1, 6, 9, 17, 24, 32, 34, 36, 38, 48, 53, 58, 59, 63, 67, 77, 85, 86, 90, 94, 102, 110, 119}
6802: {1, 3, 9, 17, 24, 32, 34, 36, 38, 48, 53, 58, 61, 63, 69, 77, 85, 86, 90, 94, 102, 110, 117}
6813: {1, 3, 9, 17, 24, 29, 34, 36, 38, 48, 53, 58, 59, 63, 67, 76, 85, 86, 90, 94, 102, 110, 117}
6895: {1, 6, 10, 17, 24, 32, 34, 36, 38, 48, 53, 58, 59, 66, 69, 77, 85, 86, 90, 94, 102, 110, 117}
6915: {2, 4, 9, 16, 24, 28, 34, 37, 39, 42, 52, 58, 61, 66, 67, 76, 85, 86, 91, 93, 102, 108, 114}
6951: {1, 7, 10, 13, 24, 29, 34, 36, 38, 48, 53, 58, 59, 66, 67, 77, 85, 86, 90, 94, 102, 110, 119}
7076: {1, 7, 9, 17, 24, 29, 34, 36, 38, 48, 53, 58, 59, 66, 67, 77, 85, 86, 90, 94, 102, 110, 116}
7187: {1, 7, 10, 17, 24, 31, 34, 36, 38, 48, 53, 58, 61, 66, 69, 76, 85, 86, 90, 94, 102, 110, 117}
7191: {1, 3, 9, 13, 24, 29, 34, 36, 38, 48, 53, 58, 61, 63, 69, 77, 85, 86, 90, 94, 102, 110, 116}
7236: {2, 7, 9, 13, 24, 28, 35, 36, 39, 41, 52, 58, 59, 63, 73, 83, 85, 88, 90, 93, 105, 112, 119}
7311: {1, 7, 10, 17, 24, 31, 34, 36, 38, 48, 53, 58, 59, 66, 67, 76, 85, 86, 90, 94, 102, 110, 119}
7387: {1, 7, 10, 13, 24, 33, 34, 36, 39, 50, 52, 55, 61, 65, 74, 84, 85, 86, 92, 97, 102, 112, 116}
7390: {1, 7, 9, 17, 24, 29, 34, 36, 38, 48, 53, 58, 59, 66, 69, 76, 85, 86, 90, 94, 102, 110, 117}
7434: {1, 6, 9, 17, 24, 32, 34, 36, 38, 48, 53, 58, 61, 63, 67, 77, 85, 86, 90, 94, 102, 110, 117}
7443: {1, 7, 9, 13, 24, 32, 34, 36, 38, 48, 53, 58, 59, 63, 67, 76, 85, 86, 90, 94, 102, 110, 116}
7464: {2, 3, 9, 16, 24, 28, 34, 37, 39, 44, 52, 58, 59, 63, 67, 76, 85, 86, 91, 93, 102, 107, 114}
7604: {1, 7, 9, 17, 24, 29, 34, 36, 38, 48, 53, 58, 59, 63, 69, 77, 85, 86, 90, 94, 102, 110, 117}
7624: {2, 7, 9, 15, 24, 28, 34, 37, 39, 42, 52, 58, 59, 63, 67, 76, 85, 86, 91, 93, 102, 107, 114}
7656: {1, 7, 9, 13, 24, 31, 34, 36, 38, 48, 53, 58, 59, 66, 67, 77, 85, 86, 90, 94, 102, 110, 117}
7657: {1, 6, 10, 13, 24, 31, 34, 36, 38, 48, 53, 58, 59, 66, 67, 77, 85, 86, 90, 94, 102, 110, 116}
7659: {2, 6, 9, 13, 24, 28, 35, 36, 39, 50, 52, 58, 59, 63, 73, 83, 85, 88, 90, 93, 104, 110, 119}
7690: {2, 7, 9, 13, 24, 28, 35, 36, 39, 51, 52, 58, 59, 63, 73, 83, 85, 87, 90, 93, 99, 110, 119}
7740: {1, 7, 10, 14, 24, 28, 34, 37, 38, 44, 52, 55, 62, 65, 75, 82, 85, 89, 90, 94, 102, 112, 119}
7766: {2, 3, 9, 13, 24, 28, 35, 36, 39, 50, 52, 58, 59, 63, 73, 83, 85, 88, 90, 93, 99, 110, 119}
7793: {1, 7, 10, 13, 24, 32, 34, 36, 38, 48, 53, 58, 61, 66, 69, 76, 85, 86, 90, 94, 102, 110, 117}
7842: {1, 7, 9, 13, 24, 32, 34, 36, 38, 48, 53, 58, 61, 66, 67, 77, 85, 86, 90, 94, 102, 110, 119}
7869: {1, 7, 9, 17, 24, 29, 34, 36, 38, 48, 53, 58, 61, 63, 67, 77, 85, 86, 90, 94, 102, 110, 119}
7907: {1, 3, 10, 17, 24, 29, 34, 36, 38, 48, 53, 58, 61, 63, 69, 76, 85, 86, 90, 94, 102, 110, 117}
7929: {1, 7, 10, 13, 24, 32, 34, 36, 38, 48, 53, 58, 61, 63, 67, 76, 85, 86, 90, 94, 102, 110, 117}
7991: {1, 7, 10, 13, 24, 29, 34, 36, 38, 48, 53, 58, 61, 63, 69, 77, 85, 86, 90, 94, 102, 110, 117}
8008: {1, 7, 9, 17, 24, 29, 34, 36, 38, 48, 53, 58, 59, 66, 69, 76, 85, 86, 90, 94, 102, 110, 116}
8090: {1, 7, 10, 17, 24, 29, 34, 36, 38, 48, 53, 58, 61, 66, 67, 77, 85, 86, 90, 94, 102, 110, 116}
8097: {2, 7, 11, 15, 24, 28, 34, 37, 39, 44, 52, 58, 61, 63, 67, 76, 85, 86, 91, 93, 102, 108, 114}
8101: {2, 6, 9, 13, 24, 28, 35, 36, 39, 51, 52, 58, 59, 63, 73, 83, 85, 87, 90, 93, 106, 110, 119}
8116: {2, 3, 9, 13, 24, 28, 35, 36, 39, 50, 52, 58, 59, 63, 73, 83, 85, 88, 90, 93, 104, 110, 119}
