13: {2, 4, 9, 14, 23, 26, 34, 36, 39, 44, 52, 55, 59, 63, 67, 76, 85, 86, 90, 93, 99, 107, 114}
17: {2, 6, 11, 15, 24, 28, 34, 37, 39, 40, 53, 54, 59, 63, 67, 76, 85, 86, 90, 94, 99, 109, 114}
19: {1, 3, 10, 15, 23, 25, 34, 36, 38, 41, 52, 54, 59, 63, 67, 76, 85, 86, 90, 93, 99, 107, 113}
27: {2, 3, 10, 14, 23, 26, 34, 36, 39, 41, 52, 55, 59, 63, 67, 76, 85, 86, 90, 93, 99, 108, 115}
35: {2, 4, 10, 14, 23, 27, 34, 36, 39, 41, 52, 55, 59, 63, 67, 76, 85, 86, 90, 93, 99, 107, 115}
44: {1, 3, 10, 15, 23, 25, 34, 36, 38, 43, 52, 54, 59, 63, 67, 76, 85, 86, 90, 93, 99, 110, 114}
68: {2, 6, 10, 14, 23, 26, 34, 36, 39, 44, 52, 57, 59, 65, 67, 76, 85, 86, 90, 93, 99, 107, 114}
77: {2, 3, 9, 15, 23, 27, 34, 37, 38, 41, 53, 56, 59, 63, 67, 76, 85, 86, 90, 93, 100, 110, 116}
80: {2, 6, 10, 13, 23, 26, 34, 36, 39, 41, 52, 57, 59, 65, 67, 76, 85, 86, 90, 93, 99, 111, 114}
109: {2, 4, 10, 15, 23, 26, 34, 36, 39, 42, 52, 55, 59, 63, 67, 76, 85, 86, 90, 93, 99, 107, 115}
116: {2, 3, 10, 14, 23, 27, 34, 36, 39, 43, 52, 57, 59, 65, 67, 76, 85, 86, 90, 93, 99, 107, 114}
124: {2, 6, 9, 16, 24, 28, 34, 37, 39, 40, 53, 54, 59, 63, 67, 76, 85, 86, 90, 94, 99, 109, 114}
137: {2, 6, 11, 15, 23, 27, 34, 37, 38, 44, 53, 56, 59, 63, 67, 76, 85, 86, 90, 93, 99, 110, 116}
143: {2, 5, 11, 13, 24, 28, 34, 36, 38, 40, 52, 54, 59, 63, 67, 76, 85, 86, 90, 93, 99, 110, 113}
157: {2, 4, 10, 14, 23, 26, 34, 36, 39, 40, 52, 55, 59, 63, 67, 76, 85, 86, 90, 93, 99, 108, 114}
159: {2, 4, 10, 15, 23, 26, 34, 36, 39, 41, 52, 55, 59, 63, 67, 76, 85, 86, 90, 93, 98, 107, 115}
162: {2, 4, 10, 14, 23, 26, 34, 36, 39, 41, 52, 55, 59, 63, 67, 76, 85, 86, 90, 93, 98, 108, 114}
167: {2, 4, 9, 15, 23, 26, 34, 36, 39, 44, 52, 55, 59, 63, 67, 76, 85, 86, 90, 93, 99, 107, 114}
190: {2, 3, 10, 13, 23, 26, 34, 36, 39, 44, 52, 57, 59, 65, 67, 76, 85, 86, 90, 93, 99, 111, 117}
211: {2, 3, 9, 14, 23, 26, 34, 36, 39, 44, 52, 55, 59, 63, 67, 76, 85, 86, 90, 93, 98, 107, 114}
222: {1, 3, 9, 15, 23, 25, 34, 36, 38, 40, 52, 54, 59, 63, 67, 76, 85, 86, 90, 93, 98, 107, 114}
229: {1, 3, 10, 13, 23, 25, 34, 36, 38, 43, 52, 54, 59, 63, 67, 76, 85, 86, 90, 93, 98, 110, 113}
239: {2, 3, 10, 14, 23, 27, 34, 36, 39, 41, 52, 57, 59, 65, 67, 76, 85, 86, 90, 93, 98, 107, 114}
247: {2, 3, 9, 15, 23, 27, 34, 37, 38, 43, 53, 56, 59, 63, 67, 76, 85, 86, 90, 93, 100, 110, 116}
260: {2, 4, 10, 15, 23, 26, 34, 36, 39, 42, 52, 55, 59, 63, 67, 76, 85, 86, 90, 93, 99, 108, 115}
261: {2, 6, 10, 13, 23, 27, 34, 36, 39, 44, 52, 57, 59, 65, 67, 76, 85, 86, 90, 93, 99, 107, 114}
264: {2, 3, 10, 15, 23, 26, 34, 36, 39, 41, 52, 55, 59, 63, 67, 76, 85, 86, 90, 93, 99, 107, 115}
265: {2, 6, 11, 15, 23, 27, 34, 37, 38, 44, 53, 56, 59, 63, 67, 76, 85, 86, 90, 93, 100, 110, 116}
267: {2, 6, 9, 16, 24, 28, 34, 37, 39, 43, 53, 54, 59, 63, 67, 76, 85, 86, 90, 94, 98, 109, 114}
275: {2, 6, 10, 14, 23, 26, 34, 36, 39, 41, 52, 57, 59, 65, 67, 76, 85, 86, 90, 93, 99, 107, 117}
283: {2, 5, 11, 13, 24, 28, 34, 36, 38, 43, 52, 54, 59, 63, 67, 76, 85, 86, 90, 93, 99, 110, 113}
284: {2, 3, 9, 14, 23, 27, 34, 36, 39, 40, 52, 55, 59, 63, 67, 76, 85, 86, 90, 93, 98, 107, 115}
288: {2, 4, 10, 15, 23, 26, 34, 36, 39, 42, 52, 55, 59, 63, 67, 76, 85, 86, 90, 93, 98, 107, 114}
294: {2, 4, 10, 15, 23, 27, 34, 36, 39, 40, 52, 55, 59, 63, 67, 76, 85, 86, 90, 93, 99, 107, 114}
314: {2, 3, 11, 15, 23, 26, 34, 37, 38, 43, 53, 56, 59, 63, 67, 76, 85, 86, 90, 93, 99, 110, 116}
316: {1, 3, 10, 15, 23, 25, 34, 36, 38, 40, 52, 54, 59, 63, 67, 76, 85, 86, 90, 93, 98, 110, 113}
317: {2, 3, 9, 14, 23, 26, 34, 37, 38, 44, 53, 56, 59, 63, 67, 76, 85, 86, 90, 93, 99, 110, 116}
318: {2, 3, 10, 15, 23, 26, 34, 36, 39, 40, 52, 55, 59, 63, 67, 76, 85, 86, 90, 93, 98, 108, 115}
327: {2, 3, 9, 14, 23, 26, 34, 36, 39, 41, 52, 55, 59, 63, 67, 76, 85, 86, 90, 93, 99, 107, 115}
328: {1, 3, 10, 13, 23, 25, 34, 36, 38, 41, 52, 54, 59, 63, 67, 76, 85, 86, 90, 93, 99, 110, 113}
338: {2, 4, 9, 14, 23, 27, 34, 36, 39, 41, 52, 55, 59, 63, 67, 76, 85, 86, 90, 93, 99, 107, 114}
343: {2, 3, 9, 14, 23, 26, 34, 36, 39, 42, 52, 55, 59, 63, 67, 76, 85, 86, 90, 93, 98, 107, 115}
352: {2, 6, 10, 13, 23, 26, 34, 36, 39, 43, 52, 57, 59, 65, 67, 76, 85, 86, 90, 93, 99, 107, 117}
362: {2, 3, 11, 13, 24, 28, 34, 37, 39, 43, 53, 54, 60, 64, 67, 76, 85, 86, 90, 94, 98, 109, 114}
371: {2, 3, 10, 14, 23, 26, 34, 36, 39, 44, 52, 57, 59, 65, 67, 76, 85, 86, 90, 93, 99, 107, 114}
412: {2, 3, 9, 13, 24, 28, 34, 37, 39, 41, 53, 54, 60, 64, 67, 76, 85, 86, 90, 94, 98, 107, 114}
416: {2, 4, 10, 14, 23, 26, 34, 36, 39, 44, 52, 55, 59, 63, 67, 76, 85, 86, 90, 93, 99, 108, 114}
425: {2, 3, 9, 15, 23, 27, 34, 36, 39, 41, 52, 55, 59, 63, 67, 76, 85, 86, 90, 93, 99, 108, 115}
448: {2, 6, 10, 13, 23, 27, 34, 36, 39, 41, 52, 57, 59, 65, 67, 76, 85, 86, 90, 93, 98, 107, 114}
449: {2, 4, 9, 15, 23, 27, 34, 36, 39, 44, 52, 55, 59, 63, 67, 76, 85, 86, 90, 93, 98, 107, 115}
464: {2, 3, 10, 14, 23, 26, 34, 36, 39, 44, 52, 55, 59, 63, 67, 76, 85, 86, 90, 93, 99, 108, 115}
465: {2, 3, 11, 13, 24, 28, 34, 36, 38, 40, 52, 54, 59, 63, 67, 76, 85, 86, 90, 93, 98, 110, 113}
479: {2, 3, 9, 15, 23, 26, 34, 37, 38, 43, 53, 56, 59, 63, 67, 76, 85, 86, 90, 93, 99, 110, 116}
486: {2, 6, 10, 14, 23, 26, 34, 36, 39, 43, 52, 57, 59, 65, 67, 76, 85, 86, 90, 93, 98, 111, 114}
492: {1, 6, 9, 13, 23, 25, 34, 36, 38, 43, 52, 54, 59, 63, 67, 76, 85, 86, 90, 93, 99, 107, 114}
510: {2, 6, 11, 16, 24, 28, 34, 36, 38, 43, 52, 54, 59, 63, 67, 76, 85, 86, 90, 93, 99, 110, 113}
516: {2, 3, 11, 15, 24, 28, 34, 37, 39, 45, 53, 54, 60, 63, 67, 76, 85, 86, 90, 94, 99, 109, 114}
527: {2, 6, 10, 13, 23, 26, 34, 36, 39, 44, 52, 57, 59, 65, 67, 76, 85, 86, 90, 93, 99, 107, 117}
531: {2, 3, 10, 13, 23, 26, 34, 36, 39, 41, 52, 57, 59, 65, 67, 76, 85, 86, 90, 93, 99, 111, 117}
534: {2, 6, 10, 13, 23, 27, 34, 36, 39, 44, 52, 57, 59, 65, 67, 76, 85, 86, 90, 93, 98, 111, 117}
535: {1, 6, 9, 13, 23, 25, 34, 36, 38, 40, 52, 54, 59, 63, 67, 76, 85, 86, 90, 93, 98, 107, 114}
539: {2, 3, 10, 14, 23, 27, 34, 36, 39, 42, 52, 55, 59, 63, 67, 76, 85, 86, 90, 93, 99, 107, 115}
552: {2, 3, 11, 16, 24, 28, 34, 37, 39, 45, 53, 54, 60, 63, 67, 76, 85, 86, 90, 94, 99, 107, 114}
568: {2, 6, 9, 16, 24, 28, 34, 37, 39, 40, 53, 54, 59, 64, 67, 76, 85, 86, 90, 94, 98, 107, 114}
573: {2, 3, 9, 14, 23, 26, 34, 36, 39, 40, 52, 55, 59, 63, 67, 76, 85, 86, 90, 93, 98, 108, 114}
608: {2, 6, 10, 13, 23, 26, 34, 36, 39, 41, 52, 57, 59, 65, 67, 76, 85, 86, 90, 93, 98, 111, 114}
615: {2, 3, 10, 14, 23, 27, 34, 36, 39, 43, 52, 57, 59, 65, 67, 76, 85, 86, 90, 93, 98, 107, 114}
621: {2, 6, 10, 14, 23, 27, 34, 36, 39, 43, 52, 57, 59, 65, 67, 76, 85, 86, 90, 93, 98, 107, 114}
626: {2, 3, 9, 15, 23, 27, 34, 36, 39, 42, 52, 55, 59, 63, 67, 76, 85, 86, 90, 93, 98, 107, 115}
635: {2, 3, 10, 13, 23, 26, 34, 36, 39, 43, 52, 57, 59, 65, 67, 76, 85, 86, 90, 93, 99, 107, 114}
648: {2, 4, 9, 15, 23, 27, 34, 36, 39, 40, 52, 55, 59, 63, 67, 76, 85, 86, 90, 93, 98, 108, 115}
653: {2, 6, 10, 14, 23, 26, 34, 36, 39, 44, 52, 57, 59, 65, 67, 76, 85, 86, 90, 93, 98, 111, 114}
655: {1, 3, 10, 15, 23, 25, 34, 36, 38, 44, 52, 54, 59, 63, 67, 76, 85, 86, 90, 93, 98, 110, 113}
658: {2, 4, 9, 14, 23, 26, 34, 36, 39, 42, 52, 55, 59, 63, 67, 76, 85, 86, 90, 93, 98, 108, 114}
660: {2, 6, 11, 16, 24, 28, 34, 36, 38, 40, 52, 54, 59, 63, 67, 76, 85, 86, 90, 93, 99, 111, 113}
668: {2, 3, 10, 14, 23, 27, 34, 36, 39, 43, 52, 57, 59, 65, 67, 76, 85, 86, 90, 93, 99, 111, 114}
671: {2, 3, 9, 14, 23, 26, 34, 36, 39, 40, 52, 55, 59, 63, 67, 76, 85, 86, 90, 93, 98, 107, 114}
673: {2, 6, 11, 13, 24, 28, 34, 37, 39, 43, 53, 54, 59, 63, 67, 76, 85, 86, 90, 94, 98, 109, 114}
676: {2, 6, 11, 13, 24, 28, 34, 36, 38, 42, 52, 54, 59, 63, 67, 76, 85, 86, 90, 93, 98, 111, 113}
684: {2, 4, 9, 14, 23, 26, 34, 36, 39, 44, 52, 55, 59, 63, 67, 76, 85, 86, 90, 93, 98, 108, 114}
693: {2, 3, 10, 13, 23, 26, 34, 36, 39, 43, 52, 57, 59, 65, 67, 76, 85, 86, 90, 93, 99, 107, 117}
697: {2, 4, 9, 14, 23, 26, 34, 36, 39, 44, 52, 55, 59, 63, 67, 76, 85, 86, 90, 93, 99, 107, 115}
702: {2, 6, 11, 16, 24, 28, 34, 37, 39, 45, 53, 54, 59, 64, 67, 76, 85, 86, 90, 94, 99, 109, 114}
703: {2, 3, 10, 14, 23, 27, 34, 36, 39, 41, 52, 57, 59, 65, 67, 76, 85, 86, 90, 93, 98, 107, 117}
713: {2, 3, 9, 15, 23, 27, 34, 36, 39, 44, 52, 55, 59, 63, 67, 76, 85, 86, 90, 93, 99, 107, 115}
727: {2, 3, 9, 15, 23, 27, 34, 36, 39, 44, 52, 55, 59, 63, 67, 76, 85, 86, 90, 93, 99, 108, 114}
734: {1, 3, 10, 15, 23, 25, 34, 36, 38, 43, 52, 54, 59, 63, 67, 76, 85, 86, 90, 93, 98, 107, 113}
739: {2, 3, 9, 15, 23, 27, 34, 36, 39, 42, 52, 55, 59, 63, 67, 76, 85, 86, 90, 93, 98, 107, 114}
755: {2, 4, 10, 14, 23, 26, 34, 36, 39, 40, 52, 55, 59, 63, 67, 76, 85, 86, 90, 93, 99, 108, 115}
765: {2, 3, 10, 13, 23, 27, 34, 36, 39, 44, 52, 57, 59, 65, 67, 76, 85, 86, 90, 93, 98, 107, 117}
779: {2, 3, 9, 14, 23, 27, 34, 36, 39, 41, 52, 55, 59, 63, 67, 76, 85, 86, 90, 93, 99, 108, 114}
796: {1, 3, 10, 13, 23, 25, 34, 36, 38, 41, 52, 54, 59, 63, 67, 76, 85, 86, 90, 93, 99, 107, 113}
806: {2, 6, 10, 14, 23, 27, 34, 36, 39, 44, 52, 57, 59, 65, 67, 76, 85, 86, 90, 93, 98, 107, 114}
836: {1, 3, 9, 13, 23, 25, 34, 36, 38, 40, 52, 54, 59, 63, 67, 76, 85, 86, 90, 93, 99, 110, 114}
839: {2, 3, 10, 14, 23, 26, 34, 36, 39, 44, 52, 55, 59, 63, 67, 76, 85, 86, 90, 93, 98, 107, 114}
841: {2, 6, 9, 14, 23, 26, 34, 37, 38, 44, 53, 56, 59, 63, 67, 76, 85, 86, 90, 93, 100, 110, 116}
858: {2, 4, 9, 14, 23, 26, 34, 36, 39, 41, 52, 55, 59, 63, 67, 76, 85, 86, 90, 93, 99, 107, 114}
890: {2, 3, 9, 14, 23, 27, 34, 36, 39, 42, 52, 55, 59, 63, 67, 76, 85, 86, 90, 93, 99, 108, 114}
900: {2, 3, 9, 14, 23, 27, 34, 36, 39, 41, 52, 55, 59, 63, 67, 76, 85, 86, 90, 93, 98, 107, 114}
908: {2, 3, 11, 16, 24, 28, 34, 37, 39, 43, 53, 54, 60, 64, 67, 76, 85, 86, 90, 94, 99, 107, 114}
944: {2, 3, 11, 16, 24, 28, 34, 37, 39, 43, 53, 54, 59, 63, 67, 76, 85, 86, 90, 94, 99, 107, 114}
953: {2, 6, 9, 16, 24, 28, 34, 37, 39, 45, 53, 54, 59, 64, 67, 76, 85, 86, 90, 94, 99, 109, 114}
983: {2, 6, 11, 16, 24, 28, 34, 37, 39, 45, 53, 54, 59, 63, 67, 76, 85, 86, 90, 94, 98, 107, 114}
1000: {1, 6, 10, 15, 23, 25, 34, 36, 38, 43, 52, 54, 59, 63, 67, 76, 85, 86, 90, 93, 98, 110, 113}
1002: {2, 6, 10, 13, 23, 27, 34, 36, 39, 43, 52, 57, 59, 65, 67, 76, 85, 86, 90, 93, 99, 111, 114}
1003: {2, 6, 9, 13, 24, 28, 34, 37, 39, 40, 53, 54, 59, 63, 67, 76, 85, 86, 90, 94, 99, 107, 114}
1021: {2, 6, 11, 13, 24, 28, 34, 37, 39, 41, 53, 54, 60, 64, 67, 76, 85, 86, 90, 94, 99, 109, 114}
1022: {2, 4, 9, 14, 23, 26, 34, 36, 39, 44, 52, 55, 59, 63, 67, 76, 85, 86, 90, 93, 98, 108, 115}
1023: {2, 4, 10, 15, 23, 26, 34, 36, 39, 40, 52, 55, 59, 63, 67, 76, 85, 86, 90, 93, 98, 108, 114}
1024: {2, 3, 10, 15, 23, 26, 34, 36, 39, 44, 52, 55, 59, 63, 67, 76, 85, 86, 90, 93, 99, 107, 115}
1025: {1, 6, 10, 15, 23, 25, 34, 36, 38, 41, 52, 54, 59, 63, 67, 76, 85, 86, 90, 93, 98, 110, 113}
1048: {1, 6, 10, 13, 23, 25, 34, 36, 38, 41, 52, 54, 59, 63, 67, 76, 85, 86, 90, 93, 99, 107, 113}
1051: {2, 3, 11, 17, 23, 28, 34, 36, 39, 44, 53, 56, 59, 63, 67, 76, 85, 86, 90, 93, 98, 110, 116}
1055: {2, 3, 11, 13, 24, 28, 34, 37, 39, 40, 53, 54, 60, 63, 67, 76, 85, 86, 90, 94, 98, 107, 114}
1060: {2, 3, 11, 13, 24, 28, 34, 37, 39, 45, 53, 54, 59, 63, 67, 76, 85, 86, 90, 94, 99, 107, 114}
1064: {2, 3, 11, 16, 24, 28, 34, 37, 39, 41, 53, 54, 60, 64, 67, 76, 85, 86, 90, 94, 99, 107, 114}
1083: {2, 4, 9, 14, 23, 27, 34, 36, 39, 40, 52, 55, 59, 63, 67, 76, 85, 86, 90, 93, 98, 108, 115}
1101: {2, 3, 11, 13, 24, 28, 34, 37, 39, 40, 53, 54, 60, 64, 67, 76, 85, 86, 90, 94, 99, 109, 114}
1136: {2, 3, 11, 13, 24, 28, 34, 37, 39, 45, 53, 54, 59, 63, 67, 76, 85, 86, 90, 94, 98, 107, 114}
1161: {2, 4, 10, 15, 23, 26, 34, 36, 39, 42, 52, 55, 59, 63, 67, 76, 85, 86, 90, 93, 99, 108, 114}
1173: {2, 6, 11, 15, 24, 28, 34, 37, 39, 43, 53, 54, 60, 64, 67, 76, 85, 86, 90, 94, 99, 109, 114}
1196: {1, 3, 9, 13, 23, 25, 34, 36, 38, 40, 52, 54, 59, 63, 67, 76, 85, 86, 90, 93, 98, 107, 114}
1198: {2, 4, 10, 15, 23, 26, 34, 36, 39, 41, 52, 55, 59, 63, 67, 76, 85, 86, 90, 93, 99, 108, 115}
1217: {2, 3, 9, 15, 24, 28, 34, 37, 39, 43, 53, 54, 60, 64, 67, 76, 85, 86, 90, 94, 99, 109, 114}
1222: {2, 3, 9, 16, 24, 28, 34, 37, 39, 40, 53, 54, 60, 64, 67, 76, 85, 86, 90, 94, 99, 107, 114}
1232: {1, 6, 10, 15, 23, 25, 34, 36, 38, 44, 52, 54, 59, 63, 67, 76, 85, 86, 90, 93, 99, 107, 114}
1248: {2, 3, 9, 16, 24, 28, 34, 37, 39, 40, 53, 54, 59, 63, 67, 76, 85, 86, 90, 94, 98, 109, 114}
1249: {2, 6, 11, 16, 24, 28, 34, 37, 39, 41, 53, 54, 60, 63, 67, 76, 85, 86, 90, 94, 98, 109, 114}
1267: {2, 6, 11, 16, 24, 28, 34, 37, 39, 43, 53, 54, 60, 63, 67, 76, 85, 86, 90, 94, 98, 109, 114}
1286: {2, 6, 11, 16, 24, 28, 34, 37, 39, 45, 53, 54, 60, 64, 67, 76, 85, 86, 90, 94, 98, 109, 114}
1294: {1, 6, 9, 15, 23, 25, 34, 36, 38, 40, 52, 54, 59, 63, 67, 76, 85, 86, 90, 93, 99, 110, 114}
1306: {2, 6, 9, 16, 24, 28, 34, 37, 39, 45, 53, 54, 59, 63, 67, 76, 85, 86, 90, 94, 99, 107, 114}
1320: {2, 3, 9, 15, 24, 28, 34, 37, 39, 43, 53, 54, 59, 63, 67, 76, 85, 86, 90, 94, 98, 107, 114}
1327: {2, 4, 9, 14, 23, 27, 34, 36, 39, 42, 52, 55, 59, 63, 67, 76, 85, 86, 90, 93, 98, 108, 114}
1329: {2, 3, 9, 16, 24, 28, 34, 37, 39, 40, 53, 54, 59, 64, 67, 76, 85, 86, 90, 94, 99, 109, 114}
1331: {2, 3, 11, 16, 24, 28, 34, 37, 39, 40, 53, 54, 59, 63, 67, 76, 85, 86, 90, 94, 98, 107, 114}
1360: {2, 6, 9, 15, 24, 28, 34, 37, 39, 41, 53, 54, 60, 63, 67, 76, 85, 86, 90, 94, 98, 107, 114}
1364: {2, 6, 9, 15, 24, 28, 34, 37, 39, 43, 53, 54, 59, 64, 67, 76, 85, 86, 90, 94, 99, 107, 114}
1367: {2, 3, 11, 16, 24, 28, 34, 37, 39, 41, 53, 54, 59, 64, 67, 76, 85, 86, 90, 94, 98, 109, 114}
1385: {2, 6, 9, 16, 24, 28, 34, 37, 39, 45, 53, 54, 60, 64, 67, 76, 85, 86, 90, 94, 98, 109, 114}
1391: {2, 3, 11, 16, 23, 28, 34, 36, 39, 44, 53, 56, 59, 63, 68, 76, 85, 86, 90, 93, 98, 111, 116}
1393: {2, 6, 9, 15, 24, 28, 34, 37, 39, 45, 53, 54, 60, 64, 67, 76, 85, 86, 90, 94, 98, 109, 114}
1403: {2, 3, 11, 16, 23, 28, 34, 36, 39, 41, 53, 56, 59, 63, 68, 77, 85, 86, 90, 93, 98, 111, 116}
1410: {2, 6, 9, 13, 24, 28, 34, 37, 39, 41, 53, 54, 59, 63, 67, 76, 85, 86, 90, 94, 99, 107, 114}
1416: {2, 6, 11, 13, 24, 28, 34, 37, 39, 45, 53, 54, 59, 64, 67, 76, 85, 86, 90, 94, 98, 109, 114}
1417: {2, 3, 10, 15, 23, 27, 34, 36, 39, 42, 52, 55, 59, 63, 67, 76, 85, 86, 90, 93, 99, 107, 115}
1432: {2, 3, 11, 13, 23, 28, 34, 36, 39, 43, 53, 56, 59, 63, 67, 76, 85, 86, 90, 93, 98, 110, 116}
1441: {2, 3, 11, 13, 23, 28, 34, 36, 39, 41, 53, 56, 59, 63, 68, 77, 85, 86, 90, 93, 98, 111, 116}
1447: {2, 3, 9, 13, 24, 28, 34, 37, 39, 43, 53, 54, 59, 64, 67, 76, 85, 86, 90, 94, 98, 107, 114}
1457: {2, 3, 9, 15, 24, 28, 34, 37, 39, 41, 53, 54, 59, 63, 67, 76, 85, 86, 90, 94, 99, 109, 114}
1474: {2, 6, 11, 15, 24, 28, 34, 37, 39, 43, 53, 54, 59, 64, 67, 76, 85, 86, 90, 94, 99, 107, 114}
1480: {2, 3, 11, 15, 24, 28, 34, 37, 39, 40, 53, 54, 60, 63, 67, 76, 85, 86, 90, 94, 99, 107, 114}
1497: {2, 6, 9, 16, 24, 28, 34, 37, 39, 45, 53, 54, 59, 64, 67, 76, 85, 86, 90, 94, 99, 107, 114}
1508: {2, 3, 11, 13, 23, 28, 34, 36, 39, 43, 53, 56, 59, 63, 69, 78, 85, 86, 90, 93, 99, 111, 116}
1534: {2, 6, 9, 16, 24, 28, 34, 37, 39, 45, 53, 54, 59, 63, 67, 76, 85, 86, 90, 94, 98, 107, 114}
1549: {2, 3, 10, 14, 23, 26, 34, 36, 39, 44, 52, 57, 59, 65, 67, 76, 85, 86, 90, 93, 98, 111, 114}
1558: {2, 4, 10, 14, 23, 26, 34, 36, 39, 44, 52, 55, 59, 63, 67, 76, 85, 86, 90, 93, 98, 108, 114}
1560: {2, 6, 9, 13, 24, 28, 34, 37, 39, 45, 53, 54, 59, 64, 67, 76, 85, 86, 90, 94, 98, 107, 114}
1570: {2, 6, 9, 13, 24, 28, 34, 37, 39, 41, 53, 54, 59, 64, 67, 76, 85, 86, 90, 94, 99, 109, 114}
1581: {2, 6, 11, 15, 24, 28, 34, 37, 39, 41, 53, 54, 59, 63, 67, 76, 85, 86, 90, 94, 98, 109, 114}
1602: {2, 6, 9, 16, 24, 28, 34, 37, 39, 40, 53, 54, 60, 64, 67, 76, 85, 86, 90, 94, 98, 109, 114}
1607: {2, 6, 9, 16, 24, 28, 34, 37, 39, 40, 53, 54, 59, 63, 67, 76, 85, 86, 90, 94, 98, 109, 114}
1612: {2, 6, 9, 15, 24, 28, 34, 37, 39, 43, 53, 54, 60, 64, 67, 76, 85, 86, 90, 94, 99, 109, 114}
1636: {2, 6, 9, 13, 24, 28, 34, 37, 39, 40, 53, 54, 59, 64, 67, 76, 85, 86, 90, 94, 98, 109, 114}
1641: {2, 3, 9, 13, 24, 28, 34, 37, 39, 45, 53, 54, 60, 64, 67, 76, 85, 86, 90, 94, 99, 107, 114}
1650: {2, 3, 11, 13, 24, 28, 34, 37, 39, 41, 53, 54, 59, 63, 67, 76, 85, 86, 90, 94, 99, 107, 114}
1664: {2, 3, 9, 14, 23, 27, 34, 36, 39, 41, 52, 55, 59, 63, 67, 76, 85, 86, 90, 93, 98, 108, 114}
1682: {2, 3, 9, 16, 24, 28, 34, 37, 39, 43, 53, 54, 59, 63, 67, 76, 85, 86, 90, 94, 98, 107, 114}
1687: {2, 6, 9, 16, 24, 28, 34, 37, 39, 41, 53, 54, 59, 63, 67, 76, 85, 86, 90, 94, 99, 107, 114}
1708: {1, 6, 10, 13, 23, 25, 34, 36, 38, 41, 52, 54, 59, 63, 67, 76, 85, 86, 90, 93, 99, 110, 113}
1709: {2, 6, 11, 16, 24, 28, 34, 37, 39, 40, 53, 54, 59, 63, 67, 76, 85, 86, 90, 94, 98, 107, 114}
1711: {2, 3, 11, 15, 24, 28, 34, 37, 39, 43, 53, 54, 60, 64, 67, 76, 85, 86, 90, 94, 98, 109, 114}
1712: {2, 3, 11, 16, 24, 28, 34, 37, 39, 45, 53, 54, 60, 64, 67, 76, 85, 86, 90, 94, 98, 107, 114}
1729: {2, 3, 10, 13, 23, 26, 34, 36, 39, 41, 52, 57, 59, 65, 67, 76, 85, 86, 90, 93, 98, 107, 114}
1745: {2, 6, 10, 13, 23, 27, 34, 36, 39, 44, 52, 57, 59, 65, 67, 76, 85, 86, 90, 93, 99, 111, 114}
1754: {2, 3, 11, 15, 24, 28, 34, 37, 39, 45, 53, 54, 60, 64, 67, 76, 85, 86, 90, 94, 98, 109, 114}
1755: {1, 6, 10, 13, 23, 25, 34, 36, 38, 41, 52, 54, 59, 63, 67, 76, 85, 86, 90, 93, 99, 107, 114}
1756: {2, 6, 11, 13, 24, 28, 34, 37, 39, 45, 53, 54, 60, 63, 67, 76, 85, 86, 90, 94, 98, 107, 114}
1765: {2, 3, 9, 15, 24, 28, 34, 37, 39, 43, 53, 54, 60, 64, 67, 76, 85, 86, 90, 94, 99, 107, 114}
1775: {2, 3, 11, 13, 23, 28, 34, 36, 39, 43, 53, 56, 59, 63, 68, 76, 85, 86, 90, 93, 98, 111, 116}
1787: {1, 6, 10, 13, 23, 25, 34, 36, 38, 41, 52, 54, 59, 63, 67, 76, 85, 86, 90, 93, 98, 107, 113}
1800: {2, 6, 9, 16, 24, 28, 34, 37, 39, 43, 53, 54, 59, 64, 67, 76, 85, 86, 90, 94, 98, 109, 114}
1808: {2, 3, 11, 16, 23, 28, 34, 36, 39, 46, 53, 56, 59, 63, 69, 77, 85, 86, 90, 93, 99, 111, 116}
1816: {2, 3, 10, 14, 23, 26, 34, 36, 39, 42, 52, 55, 59, 63, 67, 76, 85, 86, 90, 93, 99, 107, 114}
1825: {2, 3, 10, 15, 23, 27, 34, 36, 39, 40, 52, 55, 59, 63, 67, 76, 85, 86, 90, 93, 99, 108, 114}
1826: {2, 6, 11, 16, 24, 28, 34, 37, 39, 41, 53, 54, 60, 63, 67, 76, 85, 86, 90, 94, 98, 107, 114}
1842: {2, 6, 11, 15, 24, 28, 34, 37, 39, 43, 53, 54, 59, 63, 67, 76, 85, 86, 90, 94, 99, 109, 114}
1843: {2, 3, 10, 16, 23, 28, 34, 36, 39, 43, 53, 56, 59, 63, 67, 77, 85, 86, 90, 93, 98, 110, 116}
1861: {2, 3, 11, 17, 23, 28, 34, 36, 39, 46, 53, 56, 59, 63, 68, 78, 85, 86, 90, 93, 99, 111, 116}
1864: {2, 3, 11, 16, 23, 28, 34, 36, 39, 44, 53, 56, 59, 63, 69, 76, 85, 86, 90, 93, 99, 111, 116}
1873: {2, 6, 11, 15, 24, 28, 34, 37, 39, 41, 53, 54, 59, 64, 67, 76, 85, 86, 90, 94, 98, 109, 114}
1877: {2, 3, 10, 16, 23, 28, 34, 36, 39, 46, 53, 56, 59, 63, 67, 76, 85, 86, 90, 93, 99, 110, 116}
1881: {2, 3, 9, 15, 24, 28, 34, 37, 39, 45, 53, 54, 59, 64, 67, 76, 85, 86, 90, 94, 98, 109, 114}
1894: {2, 3, 11, 13, 24, 28, 34, 37, 39, 41, 53, 54, 59, 63, 67, 76, 85, 86, 90, 94, 99, 109, 114}
1897: {2, 3, 11, 13, 23, 28, 34, 36, 39, 46, 53, 56, 59, 63, 69, 77, 85, 86, 90, 93, 99, 111, 116}
1911: {2, 3, 10, 17, 23, 28, 34, 36, 39, 43, 53, 56, 59, 63, 68, 76, 85, 86, 90, 93, 98, 110, 116}
1912: {2, 3, 10, 16, 23, 28, 34, 36, 39, 46, 53, 56, 59, 63, 68, 78, 85, 86, 90, 93, 98, 110, 116}
1921: {2, 3, 11, 17, 23, 28, 34, 36, 39, 46, 53, 56, 59, 63, 68, 76, 85, 86, 90, 93, 98, 111, 116}
1935: {2, 3, 11, 13, 24, 28, 34, 37, 39, 40, 53, 54, 60, 63, 67, 76, 85, 86, 90, 94, 99, 107, 114}
1936: {2, 3, 9, 13, 24, 28, 34, 37, 39, 40, 53, 54, 59, 64, 67, 76, 85, 86, 90, 94, 99, 107, 114}
1937: {2, 6, 9, 15, 23, 27, 34, 37, 38, 41, 53, 56, 59, 63, 67, 76, 85, 86, 90, 93, 100, 110, 116}
1951: {2, 3, 11, 16, 23, 28, 34, 36, 39, 44, 53, 56, 59, 63, 69, 77, 85, 86, 90, 93, 99, 110, 116}
1952: {2, 3, 10, 17, 23, 28, 34, 36, 39, 46, 53, 56, 59, 63, 69, 77, 85, 86, 90, 93, 99, 110, 116}
1954: {2, 3, 11, 16, 23, 28, 34, 36, 39, 46, 53, 56, 59, 63, 69, 76, 85, 86, 90, 93, 99, 110, 116}
1955: {2, 3, 11, 13, 23, 28, 34, 36, 39, 43, 53, 56, 59, 63, 69, 78, 85, 86, 90, 93, 98, 110, 116}
1963: {2, 3, 11, 17, 23, 28, 34, 36, 39, 46, 53, 56, 59, 63, 68, 78, 85, 86, 90, 93, 98, 110, 116}
1968: {2, 6, 9, 13, 24, 28, 34, 37, 39, 40, 53, 54, 60, 64, 67, 76, 85, 86, 90, 94, 98, 107, 114}
1990: {1, 6, 9, 13, 23, 25, 34, 36, 38, 41, 52, 54, 59, 63, 67, 76, 85, 86, 90, 93, 98, 107, 113}
1994: {2, 3, 11, 16, 23, 28, 34, 36, 39, 43, 53, 56, 59, 63, 68, 76, 85, 86, 90, 93, 99, 111, 116}
1998: {2, 6, 11, 13, 24, 28, 34, 37, 39, 43, 53, 54, 59, 64, 67, 76, 85, 86, 90, 94, 98, 109, 114}
2000: {2, 3, 9, 13, 24, 28, 34, 37, 39, 40, 53, 54, 59, 64, 67, 76, 85, 86, 90, 94, 98, 107, 114}
2022: {2, 3, 10, 16, 23, 28, 34, 36, 39, 41, 53, 56, 59, 63, 68, 77, 85, 86, 90, 93, 98, 111, 116}
2025: {2, 3, 11, 16, 23, 28, 34, 36, 39, 46, 53, 56, 59, 63, 67, 76, 85, 86, 90, 93, 99, 111, 116}
2035: {2, 3, 10, 16, 23, 28, 34, 36, 39, 46, 53, 56, 59, 63, 69, 78, 85, 86, 90, 93, 98, 110, 116}
2037: {2, 3, 9, 13, 24, 28, 34, 37, 39, 40, 53, 54, 60, 63, 67, 76, 85, 86, 90, 94, 98, 107, 114}
2038: {2, 3, 11, 16, 24, 28, 34, 37, 39, 43, 53, 54, 60, 64, 67, 76, 85, 86, 90, 94, 99, 109, 114}
2039: {2, 3, 9, 16, 24, 28, 34, 37, 39, 41, 53, 54, 59, 63, 67, 76, 85, 86, 90, 94, 98, 109, 114}
2042: {2, 6, 11, 13, 23, 28, 34, 36, 39, 41, 53, 56, 59, 63, 69, 76, 85, 86, 90, 93, 98, 111, 116}
2051: {2, 3, 11, 15, 24, 28, 34, 37, 39, 40, 53, 54, 60, 63, 67, 76, 85, 86, 90, 94, 99, 109, 114}
2072: {2, 3, 11, 16, 23, 28, 34, 36, 39, 41, 53, 56, 59, 63, 67, 78, 85, 86, 90, 93, 98, 110, 116}
2084: {2, 6, 11, 13, 23, 28, 34, 36, 39, 46, 53, 56, 59, 63, 67, 77, 85, 86, 90, 93, 99, 110, 116}
2126: {2, 3, 10, 17, 23, 28, 34, 36, 39, 46, 53, 56, 59, 63, 69, 78, 85, 86, 90, 93, 99, 110, 116}
2134: {2, 6, 11, 13, 23, 28, 34, 36, 39, 41, 53, 56, 59, 63, 68, 76, 85, 86, 90, 93, 99, 111, 116}
2138: {2, 3, 11, 17, 23, 28, 34, 36, 39, 46, 53, 56, 59, 63, 67, 77, 85, 86, 90, 93, 98, 110, 116}
2147: {2, 3, 10, 13, 23, 28, 34, 36, 39, 41, 53, 56, 59, 63, 68, 78, 85, 86, 90, 93, 99, 110, 116}
2155: {2, 3, 11, 17, 23, 28, 34, 36, 39, 41, 53, 56, 59, 63, 67, 78, 85, 86, 90, 93, 99, 111, 116}
2161: {2, 3, 11, 13, 23, 28, 34, 36, 39, 46, 53, 56, 59, 63, 67, 78, 85, 86, 90, 93, 98, 111, 116}
2167: {2, 3, 10, 17, 23, 28, 34, 36, 39, 44, 53, 56, 59, 63, 69, 76, 85, 86, 90, 93, 99, 111, 116}
2178: {2, 3, 10, 17, 23, 28, 34, 36, 39, 43, 53, 56, 59, 63, 67, 76, 85, 86, 90, 93, 99, 110, 116}
2183: {2, 6, 11, 13, 23, 28, 34, 36, 39, 43, 53, 56, 59, 63, 68, 76, 85, 86, 90, 93, 99, 111, 116}
2199: {2, 3, 11, 16, 23, 28, 34, 36, 39, 41, 53, 56, 59, 63, 69, 77, 85, 86, 90, 93, 99, 110, 116}
2208: {2, 3, 11, 13, 23, 28, 34, 36, 39, 44, 53, 56, 59, 63, 68, 77, 85, 86, 90, 93, 98, 111, 116}
2211: {1, 3, 9, 18, 24, 30, 34, 37, 38, 42, 52, 56, 59, 63, 67, 76, 85, 86, 90, 93, 99, 107, 116}
2251: {2, 3, 10, 16, 23, 28, 34, 36, 39, 46, 53, 56, 59, 63, 68, 78, 85, 86, 90, 93, 99, 111, 116}
2253: {2, 6, 11, 16, 24, 28, 34, 37, 39, 45, 53, 54, 60, 64, 67, 76, 85, 86, 90, 94, 99, 107, 114}
2260: {2, 3, 10, 13, 23, 28, 34, 36, 39, 41, 53, 56, 59, 63, 69, 77, 85, 86, 90, 93, 99, 110, 116}
2263: {2, 6, 11, 13, 23, 28, 34, 36, 39, 41, 53, 56, 59, 63, 67, 78, 85, 86, 90, 93, 98, 111, 116}
2267: {2, 6, 9, 15, 24, 28, 34, 37, 39, 45, 53, 54, 59, 64, 67, 76, 85, 86, 90, 94, 98, 109, 114}
2268: {2, 3, 10, 13, 23, 28, 34, 36, 39, 43, 53, 56, 59, 63, 68, 78, 85, 86, 90, 93, 99, 110, 116}
2269: {2, 3, 10, 17, 23, 28, 34, 36, 39, 43, 53, 56, 59, 63, 67, 76, 85, 86, 90, 93, 98, 111, 116}
2285: {2, 3, 10, 13, 23, 28, 34, 36, 39, 43, 53, 56, 59, 63, 67, 77, 85, 86, 90, 93, 98, 111, 116}
2288: {2, 6, 11, 13, 23, 28, 34, 36, 39, 43, 53, 56, 59, 63, 67, 78, 85, 86, 90, 93, 99, 111, 116}
2291: {2, 3, 10, 16, 23, 28, 34, 36, 39, 46, 53, 56, 59, 63, 68, 78, 85, 86, 90, 93, 98, 111, 116}
2300: {2, 3, 10, 16, 23, 28, 34, 36, 39, 43, 53, 56, 59, 63, 69, 77, 85, 86, 90, 93, 98, 110, 116}
2313: {2, 6, 11, 13, 23, 28, 34, 36, 39, 43, 53, 56, 59, 63, 69, 77, 85, 86, 90, 93, 99, 111, 116}
2324: {2, 3, 11, 16, 23, 28, 34, 36, 39, 44, 53, 56, 59, 63, 67, 77, 85, 86, 90, 93, 98, 111, 116}
2326: {2, 3, 11, 13, 23, 28, 34, 36, 39, 46, 53, 56, 59, 63, 69, 77, 85, 86, 90, 93, 98, 110, 116}
2338: {2, 6, 11, 17, 23, 28, 34, 36, 39, 46, 53, 56, 59, 63, 67, 77, 85, 86, 90, 93, 99, 110, 116}
2381: {2, 6, 11, 13, 23, 28, 34, 36, 39, 41, 53, 56, 59, 63, 69, 78, 85, 86, 90, 93, 98, 111, 116}
2387: {2, 3, 10, 17, 23, 28, 34, 36, 39, 44, 53, 56, 59, 63, 68, 78, 85, 86, 90, 93, 98, 111, 116}
2407: {2, 3, 10, 17, 23, 28, 34, 36, 39, 44, 53, 56, 59, 63, 68, 76, 85, 86, 90, 93, 99, 111, 116}
2411: {2, 3, 11, 16, 23, 28, 34, 36, 39, 43, 53, 56, 59, 63, 67, 76, 85, 86, 90, 93, 98, 110, 116}
2415: {2, 3, 11, 16, 23, 28, 34, 36, 39, 46, 53, 56, 59, 63, 69, 77, 85, 86, 90, 93, 99, 110, 116}
2425: {2, 3, 11, 17, 23, 28, 34, 36, 39, 46, 53, 56, 59, 63, 67, 76, 85, 86, 90, 93, 99, 111, 116}
2438: {2, 3, 11, 17, 23, 28, 34, 36, 39, 46, 53, 56, 59, 63, 67, 78, 85, 86, 90, 93, 99, 110, 116}
2440: {2, 6, 10, 17, 23, 28, 34, 36, 39, 46, 53, 56, 59, 63, 68, 76, 85, 86, 90, 93, 98, 110, 116}
2443: {2, 3, 11, 16, 23, 28, 34, 36, 39, 41, 53, 56, 59, 63, 69, 76, 85, 86, 90, 93, 98, 111, 116}
2447: {2, 3, 11, 13, 23, 28, 34, 36, 39, 44, 53, 56, 59, 63, 69, 78, 85, 86, 90, 93, 98, 110, 116}
2457: {2, 3, 10, 17, 23, 28, 34, 36, 39, 41, 53, 56, 59, 63, 68, 76, 85, 86, 90, 93, 99, 111, 116}
2475: {2, 3, 10, 16, 23, 28, 34, 36, 39, 43, 53, 56, 59, 63, 67, 77, 85, 86, 90, 93, 99, 111, 116}
2476: {2, 3, 10, 17, 23, 28, 34, 36, 39, 41, 53, 56, 59, 63, 67, 77, 85, 86, 90, 93, 99, 110, 116}
2486: {2, 3, 10, 13, 23, 28, 34, 36, 39, 43, 53, 56, 59, 63, 67, 76, 85, 86, 90, 93, 99, 111, 116}
2492: {2, 3, 11, 17, 23, 28, 34, 36, 39, 41, 53, 56, 59, 63, 68, 76, 85, 86, 90, 93, 99, 111, 116}
2494: {2, 3, 10, 16, 23, 28, 34, 36, 39, 44, 53, 56, 59, 63, 67, 77, 85, 86, 90, 93, 99, 110, 116}
2495: {2, 3, 11, 17, 23, 28, 34, 36, 39, 43, 53, 56, 59, 63, 68, 77, 85, 86, 90, 93, 98, 111, 116}
2501: {2, 6, 9, 15, 24, 28, 34, 37, 39, 45, 53, 54, 60, 64, 67, 76, 85, 86, 90, 94, 98, 107, 114}
2504: {2, 6, 11, 13, 23, 28, 34, 36, 39, 41, 53, 56, 59, 63, 69, 78, 85, 86, 90, 93, 99, 110, 116}
2518: {2, 3, 11, 17, 23, 28, 34, 36, 39, 44, 53, 56, 59, 63, 68, 77, 85, 86, 90, 93, 98, 111, 116}
2522: {2, 6, 11, 13, 23, 28, 34, 36, 39, 41, 53, 56, 59, 63, 67, 78, 85, 86, 90, 93, 99, 110, 116}
2527: {2, 3, 11, 16, 23, 28, 34, 36, 39, 46, 53, 56, 59, 63, 69, 76, 85, 86, 90, 93, 99, 111, 116}
2543: {2, 6, 11, 16, 23, 28, 34, 36, 39, 43, 53, 56, 59, 63, 69, 78, 85, 86, 90, 93, 99, 111, 116}
2574: {2, 3, 10, 13, 23, 28, 34, 36, 39, 43, 53, 56, 59, 63, 68, 77, 85, 86, 90, 93, 98, 110, 116}
2576: {2, 3, 10, 13, 23, 28, 34, 36, 39, 41, 53, 56, 59, 63, 67, 76, 85, 86, 90, 93, 98, 111, 116}
2587: {2, 3, 10, 16, 23, 28, 34, 36, 39, 44, 53, 56, 59, 63, 69, 78, 85, 86, 90, 93, 99, 111, 116}
2601: {2, 6, 11, 13, 23, 28, 34, 36, 39, 46, 53, 56, 59, 63, 67, 76, 85, 86, 90, 93, 98, 111, 116}
2602: {2, 6, 11, 16, 23, 28, 34, 36, 39, 41, 53, 56, 59, 63, 68, 78, 85, 86, 90, 93, 98, 111, 116}
2616: {2, 3, 10, 13, 23, 28, 34, 36, 39, 44, 53, 56, 59, 63, 67, 77, 85, 86, 90, 93, 98, 111, 116}
2630: {2, 3, 11, 13, 23, 28, 34, 36, 39, 44, 53, 56, 59, 63, 68, 78, 85, 86, 90, 93, 99, 111, 116}
2641: {2, 6, 11, 13, 23, 28, 34, 36, 39, 46, 53, 56, 59, 63, 68, 78, 85, 86, 90, 93, 98, 111, 116}
2647: {2, 6, 11, 16, 23, 28, 34, 36, 39, 43, 53, 56, 59, 63, 68, 77, 85, 86, 90, 93, 98, 111, 116}
2656: {2, 6, 11, 13, 23, 28, 34, 36, 39, 44, 53, 56, 59, 63, 67, 76, 85, 86, 90, 93, 98, 110, 116}
2660: {2, 3, 11, 17, 23, 28, 34, 36, 39, 44, 53, 56, 59, 63, 69, 76, 85, 86, 90, 93, 99, 111, 116}
2670: {2, 3, 11, 16, 23, 28, 34, 36, 39, 46, 53, 56, 59, 63, 68, 77, 85, 86, 90, 93, 99, 111, 116}
2671: {2, 3, 11, 17, 23, 28, 34, 36, 39, 44, 53, 56, 59, 63, 69, 77, 85, 86, 90, 93, 99, 110, 116}
2677: {2, 3, 11, 16, 23, 28, 34, 36, 39, 41, 53, 56, 59, 63, 67, 77, 85, 86, 90, 93, 98, 110, 116}
2678: {2, 3, 11, 17, 23, 28, 34, 36, 39, 46, 53, 56, 59, 63, 69, 77, 85, 86, 90, 93, 99, 110, 116}
2685: {2, 3, 11, 17, 23, 28, 34, 36, 39, 43, 53, 56, 59, 63, 67, 76, 85, 86, 90, 93, 98, 111, 116}
2704: {2, 6, 11, 13, 23, 28, 34, 36, 39, 44, 53, 56, 59, 63, 67, 78, 85, 86, 90, 93, 99, 111, 116}
2707: {2, 3, 11, 17, 23, 28, 34, 36, 39, 46, 53, 56, 59, 63, 68, 76, 85, 86, 90, 93, 99, 111, 116}
2708: {2, 3, 10, 17, 23, 28, 34, 36, 39, 44, 53, 56, 59, 63, 69, 78, 85, 86, 90, 93, 98, 110, 116}
2714: {2, 3, 11, 17, 23, 28, 34, 36, 39, 46, 53, 56, 59, 63, 67, 77, 85, 86, 90, 93, 98, 111, 116}
2717: {2, 3, 11, 17, 23, 28, 34, 36, 39, 43, 53, 56, 59, 63, 69, 77, 85, 86, 90, 93, 99, 111, 116}
2727: {2, 3, 10, 17, 23, 28, 34, 36, 39, 43, 53, 56, 59, 63, 69, 78, 85, 86, 90, 93, 99, 111, 116}
2734: {2, 3, 10, 16, 23, 28, 34, 36, 39, 41, 53, 56, 59, 63, 67, 77, 85, 86, 90, 93, 98, 111, 116}
2743: {2, 3, 11, 17, 23, 28, 34, 36, 39, 46, 53, 56, 59, 63, 67, 76, 85, 86, 90, 93, 98, 111, 116}
2746: {2, 3, 11, 17, 23, 28, 34, 36, 39, 44, 53, 56, 59, 63, 68, 76, 85, 86, 90, 93, 99, 111, 116}
2758: {2, 3, 10, 13, 23, 28, 34, 36, 39, 41, 53, 56, 59, 63, 67, 77, 85, 86, 90, 93, 99, 110, 116}
2762: {2, 3, 11, 16, 23, 28, 34, 36, 39, 46, 53, 56, 59, 63, 69, 76, 85, 86, 90, 93, 98, 111, 116}
2775: {2, 3, 11, 17, 23, 28, 34, 36, 39, 43, 53, 56, 59, 63, 69, 78, 85, 86, 90, 93, 98, 110, 116}
2785: {2, 6, 11, 16, 23, 28, 34, 36, 39, 43, 53, 56, 59, 63, 68, 78, 85, 86, 90, 93, 98, 110, 116}
2797: {2, 3, 11, 16, 23, 28, 34, 36, 39, 44, 53, 56, 59, 63, 67, 78, 85, 86, 90, 93, 98, 110, 116}
2800: {2, 3, 11, 17, 23, 28, 34, 36, 39, 41, 53, 56, 59, 63, 67, 77, 85, 86, 90, 93, 98, 110, 116}
2805: {2, 3, 11, 16, 23, 28, 34, 36, 39, 44, 53, 56, 59, 63, 69, 78, 85, 86, 90, 93, 99, 111, 116}
2807: {2, 3, 11, 17, 23, 28, 34, 36, 39, 41, 53, 56, 59, 63, 69, 77, 85, 86, 90, 93, 98, 111, 116}
2813: {2, 3, 10, 16, 23, 28, 34, 36, 39, 43, 53, 56, 59, 63, 67, 76, 85, 86, 90, 93, 99, 110, 116}
2814: {2, 3, 10, 16, 23, 28, 34, 36, 39, 43, 53, 56, 59, 63, 68, 76, 85, 86, 90, 93, 99, 111, 116}
2816: {2, 3, 11, 17, 23, 28, 34, 36, 39, 44, 53, 56, 59, 63, 68, 77, 85, 86, 90, 93, 99, 110, 116}
2825: {2, 3, 10, 16, 23, 28, 34, 36, 39, 46, 53, 56, 59, 63, 67, 76, 85, 86, 90, 93, 98, 111, 116}
2827: {2, 3, 11, 17, 23, 28, 34, 36, 39, 46, 53, 56, 59, 63, 69, 77, 85, 86, 90, 93, 98, 110, 116}
2829: {2, 3, 10, 16, 23, 28, 34, 36, 39, 43, 53, 56, 59, 63, 68, 77, 85, 86, 90, 93, 99, 111, 116}
2838: {2, 6, 11, 13, 23, 28, 34, 36, 39, 41, 53, 56, 59, 63, 69, 77, 85, 86, 90, 93, 99, 111, 116}
2840: {2, 3, 11, 16, 23, 28, 34, 36, 39, 46, 53, 56, 59, 63, 69, 78, 85, 86, 90, 93, 98, 111, 116}
2858: {2, 3, 10, 16, 23, 28, 34, 36, 39, 43, 53, 56, 59, 63, 69, 76, 85, 86, 90, 93, 98, 110, 116}
2879: {2, 6, 11, 16, 23, 28, 34, 36, 39, 43, 53, 56, 59, 63, 68, 78, 85, 86, 90, 93, 99, 111, 116}
2884: {2, 3, 10, 17, 23, 28, 34, 36, 39, 41, 53, 56, 59, 63, 67, 76, 85, 86, 90, 93, 99, 111, 116}
2888: {1, 3, 9, 16, 24, 30, 34, 36, 38, 41, 52, 56, 59, 63, 67, 76, 85, 86, 90, 93, 98, 110, 116}
2896: {2, 6, 11, 13, 23, 28, 34, 36, 39, 46, 53, 56, 59, 63, 67, 78, 85, 86, 90, 93, 98, 110, 116}
2904: {1, 3, 11, 16, 24, 29, 34, 36, 39, 45, 52, 56, 61, 66, 70, 77, 85, 86, 90, 95, 101, 111, 117}
2912: {2, 3, 10, 17, 23, 28, 34, 36, 39, 41, 53, 56, 59, 63, 68, 78, 85, 86, 90, 93, 99, 111, 116}
2917: {2, 3, 10, 17, 23, 28, 34, 36, 39, 41, 53, 56, 59, 63, 67, 77, 85, 86, 90, 93, 99, 111, 116}
2929: {2, 3, 11, 16, 23, 28, 34, 36, 39, 41, 53, 56, 59, 63, 68, 77, 85, 86, 90, 93, 99, 111, 116}
2949: {2, 3, 10, 17, 23, 28, 34, 36, 39, 41, 53, 56, 59, 63, 69, 78, 85, 86, 90, 93, 99, 110, 116}
2955: {2, 3, 11, 17, 23, 28, 34, 36, 39, 43, 53, 56, 59, 63, 67, 78, 85, 86, 90, 93, 99, 111, 116}
2961: {2, 3, 11, 13, 23, 28, 34, 36, 39, 46, 53, 56, 59, 63, 68, 76, 85, 86, 90, 93, 98, 110, 116}
2963: {2, 3, 10, 17, 23, 28, 34, 36, 39, 44, 53, 56, 59, 63, 67, 76, 85, 86, 90, 93, 99, 111, 116}
2974: {2, 3, 11, 13, 23, 28, 34, 36, 39, 46, 53, 56, 59, 63, 67, 77, 85, 86, 90, 93, 99, 111, 116}
2981: {2, 3, 10, 17, 23, 28, 34, 36, 39, 46, 53, 56, 59, 63, 67, 77, 85, 86, 90, 93, 99, 110, 116}
2995: {2, 3, 11, 17, 23, 28, 34, 36, 39, 46, 53, 56, 59, 63, 67, 76, 85, 86, 90, 93, 98, 110, 116}
2996: {2, 6, 11, 16, 23, 28, 34, 36, 39, 46, 53, 56, 59, 63, 68, 77, 85, 86, 90, 93, 98, 110, 116}
3002: {1, 3, 10, 14, 24, 29, 34, 36, 39, 45, 52, 56, 61, 66, 71, 80, 85, 86, 90, 95, 101, 110, 117}
3003: {2, 6, 10, 13, 23, 28, 34, 36, 39, 46, 53, 56, 59, 63, 68, 78, 85, 86, 90, 93, 99, 111, 116}
3005: {1, 3, 11, 16, 24, 30, 34, 37, 38, 42, 52, 56, 59, 63, 67, 76, 85, 86, 90, 93, 98, 107, 116}
3014: {1, 3, 11, 15, 24, 30, 34, 36, 38, 43, 52, 56, 59, 63, 67, 76, 85, 86, 90, 93, 99, 107, 116}
3017: {1, 3, 11, 16, 24, 29, 34, 36, 39, 42, 52, 56, 61, 66, 69, 80, 85, 86, 90, 95, 101, 110, 114}
3019: {2, 6, 10, 17, 23, 28, 34, 36, 39, 43, 53, 56, 59, 63, 68, 76, 85, 86, 90, 93, 99, 110, 116}
3042: {1, 6, 11, 14, 24, 29, 34, 36, 39, 43, 52, 56, 61, 66, 69, 77, 85, 86, 90, 95, 101, 110, 116}
3049: {2, 6, 10, 13, 23, 28, 34, 36, 39, 43, 53, 56, 59, 63, 69, 76, 85, 86, 90, 93, 98, 111, 116}
3052: {2, 6, 10, 13, 23, 28, 34, 36, 39, 41, 53, 56, 59, 63, 68, 78, 85, 86, 90, 93, 98, 110, 116}
3057: {2, 6, 10, 13, 23, 28, 34, 36, 39, 43, 53, 56, 59, 63, 67, 76, 85, 86, 90, 93, 98, 110, 116}
3076: {1, 6, 11, 16, 24, 29, 34, 36, 39, 45, 52, 56, 61, 66, 69, 79, 85, 86, 90, 95, 101, 111, 117}
3091: {1, 3, 11, 16, 24, 29, 34, 36, 39, 42, 52, 56, 61, 66, 70, 77, 85, 86, 90, 95, 101, 111, 117}
3107: {2, 6, 11, 17, 23, 28, 34, 36, 39, 44, 53, 56, 59, 63, 68, 78, 85, 86, 90, 93, 98, 111, 116}
3121: {2, 6, 11, 16, 23, 28, 34, 36, 39, 46, 53, 56, 59, 63, 69, 78, 85, 86, 90, 93, 98, 111, 116}
3124: {2, 3, 10, 17, 23, 28, 34, 36, 39, 41, 53, 56, 59, 63, 67, 78, 85, 86, 90, 93, 98, 110, 116}
3127: {2, 6, 10, 16, 23, 28, 34, 36, 39, 41, 53, 56, 59, 63, 67, 77, 85, 86, 90, 93, 98, 111, 116}
3149: {1, 3, 11, 15, 24, 30, 34, 37, 38, 41, 52, 56, 59, 63, 67, 76, 85, 86, 90, 93, 99, 107, 116}
3153: {1, 3, 11, 16, 24, 29, 34, 36, 39, 45, 52, 56, 61, 66, 70, 77, 85, 86, 90, 95, 101, 111, 116}
3157: {1, 3, 9, 15, 24, 30, 34, 37, 38, 42, 52, 56, 59, 63, 67, 76, 85, 86, 90, 93, 99, 107, 116}
3165: {1, 3, 11, 16, 24, 29, 34, 36, 39, 42, 52, 56, 61, 66, 70, 77, 85, 86, 90, 95, 101, 110, 117}
3176: {2, 3, 10, 13, 23, 28, 34, 36, 39, 43, 53, 56, 59, 63, 68, 77, 85, 86, 90, 93, 99, 110, 116}
3184: {2, 6, 11, 17, 23, 28, 34, 36, 39, 44, 53, 56, 59, 63, 68, 76, 85, 86, 90, 93, 99, 111, 116}
3186: {2, 6, 10, 17, 23, 28, 34, 36, 39, 46, 53, 56, 59, 63, 68, 77, 85, 86, 90, 93, 98, 110, 116}
3188: {1, 3, 11, 16, 24, 29, 34, 36, 39, 42, 52, 56, 61, 66, 71, 79, 85, 86, 90, 95, 101, 110, 116}
3196: {2, 6, 10, 17, 23, 28, 34, 36, 39, 41, 53, 56, 59, 63, 67, 78, 85, 86, 90, 93, 99, 110, 116}
3197: {2, 3, 11, 13, 23, 28, 34, 36, 39, 46, 53, 56, 59, 63, 67, 76, 85, 86, 90, 93, 98, 111, 116}
3201: {2, 6, 10, 17, 23, 28, 34, 36, 39, 46, 53, 56, 59, 63, 69, 77, 85, 86, 90, 93, 99, 111, 116}
3204: {2, 6, 11, 17, 23, 28, 34, 36, 39, 43, 53, 56, 59, 63, 69, 76, 85, 86, 90, 93, 98, 110, 116}
3220: {2, 6, 10, 16, 23, 28, 34, 36, 39, 46, 53, 56, 59, 63, 67, 76, 85, 86, 90, 93, 99, 111, 116}
3230: {2, 6, 11, 16, 23, 28, 34, 36, 39, 44, 53, 56, 59, 63, 68, 76, 85, 86, 90, 93, 98, 110, 116}
3239: {2, 3, 11, 16, 23, 28, 34, 36, 39, 44, 53, 56, 59, 63, 68, 76, 85, 86, 90, 93, 98, 110, 116}
3251: {2, 6, 11, 16, 23, 28, 34, 36, 39, 46, 53, 56, 59, 63, 67, 77, 85, 86, 90, 93, 98, 111, 116}
3267: {2, 6, 10, 13, 23, 28, 34, 36, 39, 44, 53, 56, 59, 63, 69, 77, 85, 86, 90, 93, 99, 111, 116}
3276: {2, 6, 11, 16, 23, 28, 34, 36, 39, 44, 53, 56, 59, 63, 68, 76, 85, 86, 90, 93, 98, 111, 116}
3278: {1, 3, 11, 16, 24, 29, 34, 36, 39, 42, 52, 56, 61, 66, 70, 80, 85, 86, 90, 95, 101, 110, 116}
3295: {2, 6, 11, 17, 23, 28, 34, 36, 39, 46, 53, 56, 59, 63, 68, 76, 85, 86, 90, 93, 98, 110, 116}
3315: {2, 6, 10, 16, 23, 28, 34, 36, 39, 46, 53, 56, 59, 63, 67, 77, 85, 86, 90, 93, 98, 111, 116}
3326: {2, 6, 10, 17, 23, 28, 34, 36, 39, 46, 53, 56, 59, 63, 68, 78, 85, 86, 90, 93, 99, 110, 116}
3337: {2, 3, 11, 17, 23, 28, 34, 36, 39, 43, 53, 56, 59, 63, 68, 78, 85, 86, 90, 93, 98, 111, 116}
3339: {2, 6, 10, 13, 23, 28, 34, 36, 39, 41, 53, 56, 59, 63, 69, 78, 85, 86, 90, 93, 99, 111, 116}
3340: {1, 3, 11, 16, 24, 29, 34, 36, 39, 42, 52, 56, 61, 66, 69, 80, 85, 86, 90, 95, 101, 110, 116}
3350: {1, 3, 11, 16, 24, 29, 34, 36, 39, 45, 52, 56, 61, 66, 70, 79, 85, 86, 90, 95, 101, 111, 117}
3354: {2, 6, 11, 17, 23, 28, 34, 36, 39, 46, 53, 56, 59, 63, 67, 78, 85, 86, 90, 93, 98, 110, 116}
3356: {2, 6, 10, 16, 23, 28, 34, 36, 39, 41, 53, 56, 59, 63, 67, 77, 85, 86, 90, 93, 98, 110, 116}
3376: {2, 6, 11, 16, 23, 28, 34, 36, 39, 46, 53, 56, 59, 63, 67, 78, 85, 86, 90, 93, 98, 110, 116}
3388: {2, 6, 11, 17, 23, 28, 34, 36, 39, 41, 53, 56, 59, 63, 68, 76, 85, 86, 90, 93, 99, 110, 116}
3392: {2, 6, 10, 16, 23, 28, 34, 36, 39, 44, 53, 56, 59, 63, 67, 78, 85, 86, 90, 93, 99, 111, 116}
3401: {1, 3, 9, 16, 24, 30, 34, 36, 38, 41, 52, 56, 59, 63, 67, 76, 85, 86, 90, 93, 98, 107, 116}
3403: {1, 3, 11, 16, 24, 29, 34, 36, 39, 42, 52, 56, 61, 66, 69, 77, 85, 86, 90, 95, 101, 111, 114}
3415: {2, 6, 11, 16, 23, 28, 34, 36, 39, 44, 53, 56, 59, 63, 68, 76, 85, 86, 90, 93, 99, 111, 116}
3416: {2, 6, 10, 17, 23, 28, 34, 36, 39, 41, 53, 56, 59, 63, 67, 78, 85, 86, 90, 93, 99, 111, 116}
3424: {2, 6, 10, 16, 23, 28, 34, 36, 39, 41, 53, 56, 59, 63, 68, 76, 85, 86, 90, 93, 98, 111, 116}
3429: {2, 6, 10, 13, 23, 28, 34, 36, 39, 43, 53, 56, 59, 63, 68, 78, 85, 86, 90, 93, 99, 111, 116}
3430: {2, 6, 10, 13, 23, 28, 34, 36, 39, 46, 53, 56, 59, 63, 68, 78, 85, 86, 90, 93, 98, 111, 116}
3444: {1, 3, 11, 18, 24, 30, 34, 37, 38, 43, 52, 56, 59, 63, 67, 76, 85, 86, 90, 93, 99, 110, 116}
3448: {1, 3, 11, 16, 24, 29, 34, 36, 39, 42, 52, 56, 61, 66, 71, 79, 85, 86, 90, 95, 101, 111, 116}
3449: {2, 3, 11, 13, 23, 28, 34, 36, 39, 46, 53, 56, 59, 63, 67, 78, 85, 86, 90, 93, 99, 110, 116}
3452: {1, 3, 11, 16, 24, 29, 34, 36, 39, 43, 52, 56, 61, 66, 69, 79, 85, 86, 90, 95, 101, 111, 114}
3457: {2, 6, 10, 16, 23, 28, 34, 36, 39, 43, 53, 56, 59, 63, 67, 76, 85, 86, 90, 93, 98, 111, 116}
3465: {2, 6, 11, 17, 23, 28, 34, 36, 39, 43, 53, 56, 59, 63, 68, 78, 85, 86, 90, 93, 99, 111, 116}
3467: {2, 6, 11, 16, 23, 28, 34, 36, 39, 43, 53, 56, 59, 63, 67, 77, 85, 86, 90, 93, 99, 110, 116}
3504: {2, 6, 10, 17, 23, 28, 34, 36, 39, 46, 53, 56, 59, 63, 67, 78, 85, 86, 90, 93, 99, 111, 116}
3508: {2, 3, 11, 16, 23, 28, 34, 36, 39, 41, 53, 56, 59, 63, 69, 76, 85, 86, 90, 93, 98, 110, 116}
3517: {2, 6, 10, 17, 23, 28, 34, 36, 39, 46, 53, 56, 59, 63, 69, 76, 85, 86, 90, 93, 98, 110, 116}
3525: {2, 6, 11, 17, 23, 28, 34, 36, 39, 44, 53, 56, 59, 63, 67, 78, 85, 86, 90, 93, 99, 111, 116}
3541: {2, 3, 10, 13, 23, 28, 34, 36, 39, 44, 53, 56, 59, 63, 68, 77, 85, 86, 90, 93, 99, 111, 116}
3545: {1, 3, 11, 16, 24, 29, 34, 36, 39, 45, 52, 56, 61, 66, 69, 77, 85, 86, 90, 95, 101, 110, 116}
3566: {1, 3, 11, 14, 24, 29, 34, 36, 39, 43, 52, 56, 61, 66, 71, 80, 85, 86, 90, 95, 101, 110, 114}
3580: {2, 6, 11, 16, 23, 28, 34, 36, 39, 44, 53, 56, 59, 63, 68, 78, 85, 86, 90, 93, 99, 110, 116}
3583: {2, 6, 10, 13, 23, 28, 34, 36, 39, 46, 53, 56, 59, 63, 67, 78, 85, 86, 90, 93, 98, 111, 116}
3584: {1, 3, 11, 16, 24, 30, 34, 36, 38, 41, 52, 56, 59, 63, 67, 76, 85, 86, 90, 93, 98, 110, 116}
3585: {2, 6, 10, 13, 23, 28, 34, 36, 39, 44, 53, 56, 59, 63, 68, 76, 85, 86, 90, 93, 99, 110, 116}
3586: {2, 6, 10, 16, 23, 28, 34, 36, 39, 44, 53, 56, 59, 63, 67, 78, 85, 86, 90, 93, 98, 110, 116}
3599: {2, 6, 10, 13, 23, 28, 34, 36, 39, 41, 53, 56, 59, 63, 69, 78, 85, 86, 90, 93, 98, 111, 116}
3615: {1, 3, 10, 14, 24, 29, 34, 36, 39, 43, 52, 56, 61, 66, 70, 79, 85, 86, 90, 95, 101, 111, 116}
3619: {2, 6, 10, 13, 23, 28, 34, 36, 39, 41, 53, 56, 59, 63, 68, 77, 85, 86, 90, 93, 98, 111, 116}
3623: {1, 3, 11, 16, 24, 29, 34, 36, 39, 45, 52, 56, 61, 66, 69, 80, 85, 86, 90, 95, 101, 110, 117}
3625: {2, 3, 11, 13, 23, 28, 34, 36, 39, 46, 53, 56, 59, 63, 69, 76, 85, 86, 90, 93, 99, 110, 116}
3632: {2, 3, 11, 17, 23, 28, 34, 36, 39, 44, 53, 56, 59, 63, 68, 78, 85, 86, 90, 93, 98, 111, 116}
3652: {2, 6, 10, 13, 23, 28, 34, 36, 39, 43, 53, 56, 59, 63, 67, 77, 85, 86, 90, 93, 98, 110, 116}
3657: {1, 3, 11, 16, 24, 30, 34, 37, 38, 41, 52, 56, 59, 63, 67, 76, 85, 86, 90, 93, 99, 107, 116}
3666: {2, 6, 11, 17, 23, 28, 34, 36, 39, 43, 53, 56, 59, 63, 69, 77, 85, 86, 90, 93, 99, 110, 116}
3669: {2, 6, 10, 17, 23, 28, 34, 36, 39, 46, 53, 56, 59, 63, 67, 76, 85, 86, 90, 93, 99, 110, 116}
3673: {2, 6, 11, 16, 23, 28, 34, 36, 39, 46, 53, 56, 59, 63, 68, 77, 85, 86, 90, 93, 98, 111, 116}
3679: {2, 6, 10, 13, 23, 28, 34, 36, 39, 46, 53, 56, 59, 63, 69, 77, 85, 86, 90, 93, 98, 111, 116}
3682: {2, 6, 10, 16, 23, 28, 34, 36, 39, 43, 53, 56, 59, 63, 68, 77, 85, 86, 90, 93, 98, 110, 116}
3687: {1, 3, 11, 16, 24, 29, 34, 36, 39, 42, 52, 56, 61, 66, 69, 77, 85, 86, 90, 95, 101, 110, 114}
3692: {2, 6, 10, 16, 23, 28, 34, 36, 39, 44, 53, 56, 59, 63, 67, 77, 85, 86, 90, 93, 99, 110, 116}
3700: {1, 3, 9, 18, 24, 30, 34, 36, 38, 42, 52, 56, 59, 63, 67, 76, 85, 86, 90, 93, 99, 110, 116}
3703: {2, 6, 10, 17, 23, 28, 34, 36, 39, 44, 53, 56, 59, 63, 68, 76, 85, 86, 90, 93, 98, 111, 116}
3705: {1, 3, 11, 16, 24, 29, 34, 36, 39, 43, 52, 56, 61, 66, 69, 80, 85, 86, 90, 95, 101, 110, 117}
3725: {1, 3, 11, 16, 24, 29, 34, 36, 39, 43, 52, 56, 61, 66, 71, 79, 85, 86, 90, 95, 101, 110, 116}
3731: {2, 6, 11, 17, 23, 28, 34, 36, 39, 44, 53, 56, 59, 63, 69, 77, 85, 86, 90, 93, 99, 111, 116}
3736: {2, 6, 10, 17, 23, 28, 34, 36, 39, 44, 53, 56, 59, 63, 69, 77, 85, 86, 90, 93, 99, 111, 116}
3743: {1, 3, 9, 16, 24, 30, 34, 37, 38, 41, 52, 56, 59, 63, 67, 76, 85, 86, 90, 93, 99, 110, 116}
3753: {2, 6, 11, 17, 23, 28, 34, 36, 39, 46, 53, 56, 59, 63, 67, 77, 85, 86, 90, 93, 98, 110, 116}
3755: {1, 3, 11, 15, 24, 30, 34, 36, 38, 46, 52, 56, 59, 63, 67, 76, 85, 86, 90, 93, 99, 110, 116}
3767: {2, 6, 10, 13, 23, 28, 34, 36, 39, 44, 53, 56, 59, 63, 68, 78, 85, 86, 90, 93, 99, 110, 116}
3776: {1, 3, 11, 16, 24, 29, 34, 36, 39, 45, 52, 56, 61, 66, 70, 80, 85, 86, 90, 95, 101, 111, 117}
3782: {1, 3, 11, 16, 24, 29, 34, 36, 39, 45, 52, 56, 61, 66, 69, 80, 85, 86, 90, 95, 101, 110, 116}
3787: {2, 6, 11, 16, 23, 28, 34, 36, 39, 46, 53, 56, 59, 63, 69, 76, 85, 86, 90, 93, 98, 111, 116}
3788: {1, 6, 11, 14, 24, 29, 34, 36, 39, 45, 52, 56, 61, 66, 69, 79, 85, 86, 90, 95, 101, 110, 117}
3798: {2, 6, 10, 17, 23, 28, 34, 36, 39, 43, 53, 56, 59, 63, 69, 77, 85, 86, 90, 93, 99, 111, 116}
3805: {1, 3, 11, 18, 24, 30, 34, 37, 38, 41, 52, 56, 59, 63, 67, 76, 85, 86, 90, 93, 98, 110, 116}
3806: {2, 6, 11, 17, 23, 28, 34, 36, 39, 46, 53, 56, 59, 63, 69, 77, 85, 86, 90, 93, 98, 111, 116}
3810: {2, 6, 10, 16, 23, 28, 34, 36, 39, 43, 53, 56, 59, 63, 68, 77, 85, 86, 90, 93, 99, 111, 116}
3824: {2, 3, 10, 13, 23, 28, 34, 36, 39, 46, 53, 56, 59, 63, 68, 77, 85, 86, 90, 93, 99, 111, 116}
3828: {2, 6, 10, 17, 23, 28, 34, 36, 39, 43, 53, 56, 59, 63, 68, 77, 85, 86, 90, 93, 98, 111, 116}
3831: {2, 6, 10, 16, 23, 28, 34, 36, 39, 41, 53, 56, 59, 63, 69, 76, 85, 86, 90, 93, 99, 111, 116}
3836: {1, 3, 11, 16, 24, 29, 34, 36, 39, 45, 52, 56, 61, 66, 71, 77, 85, 86, 90, 95, 101, 111, 116}
3845: {2, 6, 11, 17, 23, 28, 34, 36, 39, 46, 53, 56, 59, 63, 67, 78, 85, 86, 90, 93, 98, 111, 116}
3857: {2, 6, 10, 16, 23, 28, 34, 36, 39, 44, 53, 56, 59, 63, 68, 76, 85, 86, 90, 93, 99, 110, 116}
3863: {2, 6, 10, 17, 23, 28, 34, 36, 39, 44, 53, 56, 59, 63, 68, 77, 85, 86, 90, 93, 98, 110, 116}
3865: {1, 3, 11, 16, 24, 29, 34, 36, 39, 43, 52, 56, 61, 66, 70, 77, 85, 86, 90, 95, 101, 110, 116}
3903: {1, 6, 10, 16, 24, 29, 34, 36, 39, 43, 52, 56, 61, 66, 70, 77, 85, 86, 90, 95, 101, 111, 117}
3907: {1, 3, 10, 14, 24, 29, 34, 36, 39, 42, 52, 56, 61, 66, 71, 77, 85, 86, 90, 95, 101, 110, 116}
3918: {1, 3, 10, 14, 24, 29, 34, 36, 39, 45, 52, 56, 61, 66, 70, 77, 85, 86, 90, 95, 101, 110, 114}
3923: {2, 6, 11, 17, 23, 28, 34, 36, 39, 41, 53, 56, 59, 63, 68, 76, 85, 86, 90, 93, 98, 110, 116}
3934: {1, 3, 10, 16, 24, 29, 34, 36, 39, 43, 52, 56, 61, 66, 70, 80, 85, 86, 90, 95, 101, 111, 117}
3959: {2, 6, 10, 16, 23, 28, 34, 36, 39, 46, 53, 56, 59, 63, 67, 76, 85, 86, 90, 93, 99, 110, 116}
3962: {2, 6, 11, 16, 23, 28, 34, 36, 39, 44, 53, 56, 59, 63, 69, 77, 85, 86, 90, 93, 98, 110, 116}
3966: {1, 3, 10, 16, 24, 29, 34, 36, 39, 45, 52, 56, 61, 66, 71, 80, 85, 86, 90, 95, 101, 111, 114}
3987: {1, 3, 11, 16, 24, 29, 34, 36, 39, 43, 52, 56, 61, 66, 69, 80, 85, 86, 90, 95, 101, 111, 114}
3992: {1, 3, 10, 16, 24, 29, 34, 36, 39, 45, 52, 56, 61, 66, 69, 77, 85, 86, 90, 95, 101, 110, 116}
4001: {2, 6, 11, 17, 23, 28, 34, 36, 39, 43, 53, 56, 59, 63, 69, 77, 85, 86, 90, 93, 98, 110, 116}
4018: {1, 3, 10, 14, 24, 29, 34, 36, 39, 43, 52, 56, 61, 66, 70, 80, 85, 86, 90, 95, 101, 110, 116}
4021: {1, 6, 10, 16, 24, 29, 34, 36, 39, 42, 52, 56, 61, 66, 71, 77, 85, 86, 90, 95, 101, 110, 114}
4022: {1, 6, 11, 14, 24, 29, 34, 36, 39, 45, 52, 56, 61, 66, 69, 77, 85, 86, 90, 95, 101, 111, 116}
4025: {1, 3, 10, 16, 24, 29, 34, 36, 39, 45, 52, 56, 61, 66, 70, 80, 85, 86, 90, 95, 101, 111, 117}
4030: {1, 3, 10, 16, 24, 29, 34, 36, 39, 43, 52, 56, 61, 66, 70, 77, 85, 86, 90, 95, 101, 110, 116}
4031: {1, 3, 10, 14, 24, 29, 34, 36, 39, 43, 52, 56, 61, 66, 69, 77, 85, 86, 90, 95, 101, 111, 116}
4039: {1, 3, 11, 14, 24, 29, 34, 36, 39, 45, 52, 56, 61, 66, 70, 79, 85, 86, 90, 95, 101, 111, 116}
4056: {1, 3, 10, 14, 24, 29, 34, 36, 39, 42, 52, 56, 61, 66, 69, 79, 85, 86, 90, 95, 101, 110, 117}
4067: {1, 6, 11, 16, 24, 29, 34, 36, 39, 42, 52, 56, 61, 66, 70, 79, 85, 86, 90, 95, 101, 111, 116}
4071: {1, 3, 10, 14, 24, 29, 34, 36, 39, 45, 52, 56, 61, 66, 70, 80, 85, 86, 90, 95, 101, 110, 117}
4078: {2, 6, 10, 13, 23, 28, 34, 36, 39, 46, 53, 56, 59, 63, 69, 76, 85, 86, 90, 93, 99, 111, 116}
4083: {1, 6, 11, 14, 24, 29, 34, 36, 39, 42, 52, 56, 61, 66, 69, 79, 85, 86, 90, 95, 101, 110, 117}
4090: {2, 6, 10, 17, 23, 28, 34, 36, 39, 43, 53, 56, 59, 63, 68, 78, 85, 86, 90, 93, 99, 110, 116}
4103: {1, 6, 10, 16, 24, 29, 34, 36, 39, 43, 52, 56, 61, 66, 71, 77, 85, 86, 90, 95, 101, 111, 116}
4109: {1, 6, 11, 16, 24, 29, 34, 36, 39, 43, 52, 56, 61, 66, 71, 80, 85, 86, 90, 95, 101, 110, 114}
4136: {1, 6, 10, 16, 24, 29, 34, 36, 39, 42, 52, 56, 61, 66, 69, 77, 85, 86, 90, 95, 101, 111, 114}
4169: {1, 3, 10, 16, 24, 29, 34, 36, 39, 45, 52, 56, 61, 66, 69, 80, 85, 86, 90, 95, 101, 110, 114}
4173: {1, 3, 10, 16, 24, 29, 34, 36, 39, 43, 52, 56, 61, 66, 70, 77, 85, 86, 90, 95, 101, 110, 114}
4177: {2, 6, 11, 16, 23, 28, 34, 36, 39, 44, 53, 56, 59, 63, 69, 76, 85, 86, 90, 93, 98, 111, 116}
4185: {1, 3, 11, 16, 24, 29, 34, 36, 39, 42, 52, 56, 61, 66, 70, 77, 85, 86, 90, 95, 101, 110, 114}
4186: {1, 3, 11, 16, 24, 29, 34, 36, 39, 42, 52, 56, 61, 66, 69, 77, 85, 86, 90, 95, 101, 111, 117}
4188: {2, 6, 11, 16, 23, 28, 34, 36, 39, 46, 53, 56, 59, 63, 69, 78, 85, 86, 90, 93, 99, 110, 116}
4209: {1, 6, 10, 16, 24, 29, 34, 36, 39, 45, 52, 56, 61, 66, 71, 79, 85, 86, 90, 95, 101, 111, 116}
4211: {1, 6, 11, 16, 24, 29, 34, 36, 39, 45, 52, 56, 61, 66, 69, 77, 85, 86, 90, 95, 101, 111, 114}
4228: {1, 6, 10, 16, 24, 29, 34, 36, 39, 45, 52, 56, 61, 66, 70, 77, 85, 86, 90, 95, 101, 110, 117}
4229: {1, 3, 11, 14, 24, 29, 34, 36, 39, 42, 52, 56, 61, 66, 71, 77, 85, 86, 90, 95, 101, 110, 114}
4236: {1, 6, 10, 16, 24, 29, 34, 36, 39, 45, 52, 56, 61, 66, 70, 80, 85, 86, 90, 95, 101, 111, 117}
4239: {1, 6, 11, 16, 24, 29, 34, 36, 39, 42, 52, 56, 61, 66, 71, 79, 85, 86, 90, 95, 101, 110, 117}
4240: {1, 3, 10, 16, 24, 29, 34, 36, 39, 43, 52, 56, 61, 66, 70, 79, 85, 86, 90, 95, 101, 111, 114}
4249: {1, 6, 10, 16, 24, 29, 34, 36, 39, 45, 52, 56, 61, 66, 69, 79, 85, 86, 90, 95, 101, 110, 116}
4252: {1, 3, 11, 14, 24, 29, 34, 36, 39, 43, 52, 56, 61, 66, 70, 80, 85, 86, 90, 95, 101, 111, 114}
4256: {1, 3, 10, 16, 24, 29, 34, 36, 39, 45, 52, 56, 61, 66, 69, 80, 85, 86, 90, 95, 101, 111, 117}
4266: {1, 6, 11, 14, 24, 29, 34, 36, 39, 45, 52, 56, 61, 66, 71, 77, 85, 86, 90, 95, 101, 111, 114}
4282: {1, 3, 11, 16, 24, 29, 34, 36, 39, 45, 52, 56, 61, 66, 71, 77, 85, 86, 90, 95, 101, 111, 117}
4290: {1, 6, 10, 16, 24, 29, 34, 36, 39, 45, 52, 56, 61, 66, 69, 80, 85, 86, 90, 95, 101, 111, 114}
4298: {1, 6, 11, 16, 24, 29, 34, 36, 39, 43, 52, 56, 61, 66, 70, 79, 85, 86, 90, 95, 101, 111, 117}
4319: {1, 6, 10, 16, 24, 29, 34, 36, 39, 42, 52, 56, 61, 66, 71, 77, 85, 86, 90, 95, 101, 111, 116}
4337: {1, 3, 11, 14, 24, 29, 34, 36, 39, 43, 52, 56, 61, 66, 69, 77, 85, 86, 90, 95, 101, 110, 116}
4342: {2, 6, 10, 17, 23, 28, 34, 36, 39, 44, 53, 56, 59, 63, 68, 77, 85, 86, 90, 93, 98, 111, 116}
4350: {1, 6, 9, 19, 23, 29, 34, 36, 39, 44, 53, 56, 59, 63, 67, 76, 85, 86, 90, 93, 101, 107, 113}
4357: {1, 3, 10, 16, 24, 29, 34, 36, 39, 43, 52, 56, 61, 66, 71, 80, 85, 86, 90, 95, 101, 110, 114}
4366: {1, 6, 9, 19, 23, 29, 34, 36, 39, 45, 53, 56, 59, 63, 67, 76, 85, 86, 90, 93, 101, 110, 113}
4375: {1, 3, 9, 15, 23, 29, 34, 36, 39, 44, 53, 56, 60, 64, 67, 76, 85, 86, 90, 93, 101, 107, 113}
4376: {2, 6, 10, 16, 23, 28, 34, 36, 39, 41, 53, 56, 59, 63, 68, 77, 85, 86, 90, 93, 99, 110, 116}
4381: {2, 3, 10, 19, 23, 28, 34, 36, 39, 47, 52, 58, 59, 63, 67, 81, 85, 86, 91, 94, 102, 112, 118}
4387: {1, 6, 10, 16, 24, 29, 34, 36, 39, 43, 52, 56, 61, 66, 71, 79, 85, 86, 90, 95, 101, 111, 114}
4389: {1, 6, 10, 14, 24, 29, 34, 36, 39, 43, 52, 56, 61, 66, 71, 79, 85, 86, 90, 95, 101, 110, 114}
4390: {1, 3, 10, 16, 24, 29, 34, 36, 39, 45, 52, 56, 61, 66, 69, 77, 85, 86, 90, 95, 101, 110, 114}
4395: {1, 6, 10, 16, 24, 29, 34, 36, 39, 45, 52, 56, 61, 66, 69, 77, 85, 86, 90, 95, 101, 110, 116}
4405: {1, 6, 11, 16, 24, 29, 34, 36, 39, 45, 52, 56, 61, 66, 71, 80, 85, 86, 90, 95, 101, 110, 114}
4431: {1, 6, 11, 14, 24, 29, 34, 36, 39, 43, 52, 56, 61, 66, 69, 79, 85, 86, 90, 95, 101, 110, 117}
4437: {1, 6, 10, 16, 24, 29, 34, 36, 39, 45, 52, 56, 61, 66, 71, 80, 85, 86, 90, 95, 101, 110, 116}
4449: {1, 3, 10, 14, 24, 29, 34, 36, 39, 45, 52, 56, 61, 66, 71, 79, 85, 86, 90, 95, 101, 111, 114}
4452: {2, 6, 10, 13, 23, 28, 34, 36, 39, 41, 53, 56, 59, 63, 68, 78, 85, 86, 90, 93, 99, 110, 116}
4467: {1, 6, 11, 16, 24, 29, 34, 36, 39, 45, 52, 56, 61, 66, 71, 77, 85, 86, 90, 95, 101, 111, 114}
4476: {1, 3, 10, 14, 24, 29, 34, 36, 39, 45, 52, 56, 61, 66, 70, 79, 85, 86, 90, 95, 101, 111, 114}
4488: {1, 3, 10, 16, 24, 29, 34, 36, 39, 43, 52, 56, 61, 66, 69, 77, 85, 86, 90, 95, 101, 110, 116}
4499: {1, 3, 10, 13, 24, 31, 34, 36, 38, 48, 53, 58, 59, 66, 69, 77, 85, 86, 90, 94, 102, 110, 117}
4504: {1, 3, 10, 14, 24, 29, 34, 36, 39, 43, 52, 56, 61, 66, 70, 79, 85, 86, 90, 95, 101, 110, 114}
4509: {1, 6, 11, 14, 24, 29, 34, 36, 39, 42, 52, 56, 61, 66, 69, 80, 85, 86, 90, 95, 101, 111, 114}
4528: {1, 3, 10, 14, 24, 29, 34, 36, 39, 42, 52, 56, 61, 66, 70, 80, 85, 86, 90, 95, 101, 110, 116}
4530: {1, 6, 11, 16, 24, 29, 34, 36, 39, 45, 52, 56, 61, 66, 70, 80, 85, 86, 90, 95, 101, 111, 117}
4542: {1, 6, 10, 16, 24, 29, 34, 36, 39, 43, 52, 56, 61, 66, 70, 80, 85, 86, 90, 95, 101, 110, 114}
4544: {1, 6, 11, 14, 24, 29, 34, 36, 39, 45, 52, 56, 61, 66, 69, 77, 85, 86, 90, 95, 101, 110, 116}
4550: {1, 6, 9, 15, 23, 28, 34, 36, 39, 42, 52, 56, 59, 63, 67, 76, 85, 86, 91, 93, 103, 110, 115}
4563: {1, 3, 10, 14, 24, 29, 34, 36, 39, 45, 52, 56, 61, 66, 70, 77, 85, 86, 90, 95, 101, 111, 117}
4564: {1, 3, 11, 14, 24, 29, 34, 36, 39, 43, 52, 56, 61, 66, 71, 77, 85, 86, 90, 95, 101, 110, 116}
4567: {1, 3, 10, 16, 24, 29, 34, 36, 39, 42, 52, 56, 61, 66, 69, 80, 85, 86, 90, 95, 101, 111, 117}
4568: {1, 6, 10, 16, 24, 29, 34, 36, 39, 43, 52, 56, 61, 66, 70, 80, 85, 86, 90, 95, 101, 111, 114}
4580: {1, 6, 11, 14, 24, 29, 34, 36, 39, 45, 52, 56, 61, 66, 69, 79, 85, 86, 90, 95, 101, 110, 116}
4583: {1, 3, 10, 16, 24, 29, 34, 36, 39, 43, 52, 56, 61, 66, 71, 80, 85, 86, 90, 95, 101, 111, 117}
4588: {1, 3, 11, 14, 24, 29, 34, 36, 39, 43, 52, 56, 61, 66, 69, 80, 85, 86, 90, 95, 101, 110, 114}
4595: {1, 3, 11, 14, 24, 29, 34, 36, 39, 45, 52, 56, 61, 66, 71, 77, 85, 86, 90, 95, 101, 110, 116}
4615: {1, 6, 10, 16, 24, 29, 34, 36, 39, 43, 52, 56, 61, 66, 70, 79, 85, 86, 90, 95, 101, 111, 116}
4623: {1, 6, 10, 16, 24, 29, 34, 36, 39, 45, 52, 56, 61, 66, 69, 79, 85, 86, 90, 95, 101, 110, 117}
4624: {1, 6, 10, 16, 24, 29, 34, 36, 39, 45, 52, 56, 61, 66, 70, 79, 85, 86, 90, 95, 101, 111, 114}
4628: {1, 6, 10, 16, 24, 29, 34, 36, 39, 42, 52, 56, 61, 66, 69, 79, 85, 86, 90, 95, 101, 110, 117}
4641: {1, 3, 10, 16, 24, 29, 34, 36, 39, 45, 52, 56, 61, 66, 70, 77, 85, 86, 90, 95, 101, 110, 114}
4643: {1, 3, 10, 16, 24, 29, 34, 36, 39, 43, 52, 56, 61, 66, 69, 80, 85, 86, 90, 95, 101, 110, 116}
4644: {1, 3, 11, 14, 24, 29, 34, 36, 39, 42, 52, 56, 61, 66, 71, 80, 85, 86, 90, 95, 101, 110, 114}
4646: {1, 3, 10, 16, 24, 29, 34, 36, 39, 43, 52, 56, 61, 66, 69, 77, 85, 86, 90, 95, 101, 110, 117}
4671: {1, 6, 11, 14, 24, 29, 34, 36, 39, 43, 52, 56, 61, 66, 69, 80, 85, 86, 90, 95, 101, 111, 114}
4676: {1, 3, 10, 14, 24, 29, 34, 36, 39, 42, 52, 56, 61, 66, 71, 77, 85, 86, 90, 95, 101, 111, 117}
4680: {1, 6, 10, 16, 24, 29, 34, 36, 39, 42, 52, 56, 61, 66, 70, 79, 85, 86, 90, 95, 101, 111, 116}
4686: {1, 3, 10, 16, 24, 29, 34, 36, 39, 45, 52, 56, 61, 66, 71, 80, 85, 86, 90, 95, 101, 111, 117}
4693: {1, 3, 10, 14, 24, 29, 34, 36, 39, 42, 52, 56, 61, 66, 71, 79, 85, 86, 90, 95, 101, 111, 117}
4695: {1, 3, 10, 16, 24, 29, 34, 36, 39, 45, 52, 56, 61, 66, 71, 77, 85, 86, 90, 95, 101, 110, 117}
4701: {1, 6, 10, 14, 24, 29, 34, 36, 39, 45, 52, 56, 61, 66, 70, 80, 85, 86, 90, 95, 101, 110, 117}
4702: {1, 3, 10, 14, 24, 29, 34, 36, 39, 43, 52, 56, 61, 66, 70, 77, 85, 86, 90, 95, 101, 110, 117}
4704: {1, 3, 11, 14, 24, 29, 34, 36, 39, 42, 52, 56, 61, 66, 70, 77, 85, 86, 90, 95, 101, 111, 116}
4707: {1, 3, 10, 16, 24, 29, 34, 36, 39, 45, 52, 56, 61, 66, 70, 77, 85, 86, 90, 95, 101, 111, 116}
4722: {1, 3, 11, 14, 24, 29, 34, 36, 39, 42, 52, 56, 61, 66, 69, 77, 85, 86, 90, 95, 101, 110, 114}
4726: {1, 6, 11, 16, 24, 29, 34, 36, 39, 43, 52, 56, 61, 66, 69, 77, 85, 86, 90, 95, 101, 111, 114}
4729: {1, 3, 11, 14, 24, 29, 34, 36, 39, 45, 52, 56, 61, 66, 71, 77, 85, 86, 90, 95, 101, 111, 116}
4739: {1, 3, 11, 14, 24, 29, 34, 36, 39, 43, 52, 56, 61, 66, 69, 79, 85, 86, 90, 95, 101, 111, 117}
4756: {1, 3, 10, 16, 24, 29, 34, 36, 39, 42, 52, 56, 61, 66, 71, 77, 85, 86, 90, 95, 101, 111, 117}
4757: {1, 3, 11, 14, 24, 29, 34, 36, 39, 42, 52, 56, 61, 66, 69, 80, 85, 86, 90, 95, 101, 110, 116}
4770: {1, 3, 10, 16, 24, 29, 34, 36, 39, 45, 52, 56, 61, 66, 70, 80, 85, 86, 90, 95, 101, 110, 117}
4782: {1, 6, 11, 16, 24, 29, 34, 36, 39, 42, 52, 56, 61, 66, 71, 77, 85, 86, 90, 95, 101, 111, 117}
4799: {1, 3, 10, 14, 24, 29, 34, 36, 39, 42, 52, 56, 61, 66, 70, 80, 85, 86, 90, 95, 101, 111, 114}
4800: {2, 6, 11, 16, 23, 28, 34, 36, 39, 46, 53, 56, 59, 63, 67, 76, 85, 86, 90, 93, 99, 111, 116}
4811: {1, 3, 10, 14, 24, 29, 34, 36, 39, 43, 52, 56, 61, 66, 69, 79, 85, 86, 90, 95, 101, 111, 116}
4830: {1, 6, 10, 14, 24, 29, 34, 36, 39, 45, 52, 56, 61, 66, 69, 77, 85, 86, 90, 95, 101, 110, 116}
4831: {1, 6, 11, 14, 24, 29, 34, 36, 39, 43, 52, 56, 61, 66, 69, 79, 85, 86, 90, 95, 101, 110, 114}
4837: {1, 3, 11, 14, 24, 29, 34, 36, 39, 42, 52, 56, 61, 66, 71, 80, 85, 86, 90, 95, 101, 111, 114}
4853: {1, 3, 11, 14, 24, 29, 34, 36, 39, 42, 52, 56, 61, 66, 70, 77, 85, 86, 90, 95, 101, 111, 117}
4854: {1, 3, 10, 14, 24, 29, 34, 36, 39, 45, 52, 56, 61, 66, 69, 79, 85, 86, 90, 95, 101, 110, 116}
4860: {2, 6, 10, 13, 23, 28, 34, 36, 39, 47, 52, 58, 59, 63, 72, 76, 85, 86, 91, 94, 102, 112, 118}
4873: {2, 6, 10, 17, 23, 28, 34, 36, 39, 43, 53, 56, 59, 63, 68, 77, 85, 86, 90, 93, 98, 110, 116}
4885: {1, 3, 10, 13, 24, 29, 34, 36, 38, 48, 53, 58, 61, 63, 69, 76, 85, 86, 90, 94, 102, 110, 116}
4886: {1, 6, 11, 16, 24, 29, 34, 36, 39, 42, 52, 56, 61, 66, 69, 77, 85, 86, 90, 95, 101, 111, 114}
4891: {1, 6, 10, 16, 24, 29, 34, 36, 39, 45, 52, 56, 61, 66, 70, 77, 85, 86, 90, 95, 101, 111, 114}
4898: {1, 6, 10, 14, 24, 29, 34, 36, 39, 45, 52, 56, 61, 66, 70, 80, 85, 86, 90, 95, 101, 111, 117}
4904: {1, 3, 10, 17, 24, 31, 34, 36, 38, 48, 53, 58, 61, 66, 69, 76, 85, 86, 90, 94, 102, 110, 117}
4907: {1, 3, 10, 14, 24, 29, 34, 36, 39, 42, 52, 56, 61, 66, 70, 79, 85, 86, 90, 95, 101, 110, 114}
4916: {1, 6, 11, 14, 24, 29, 34, 36, 39, 43, 52, 56, 61, 66, 71, 77, 85, 86, 90, 95, 101, 110, 114}
4929: {1, 6, 11, 14, 24, 29, 34, 36, 39, 42, 52, 56, 61, 66, 69, 77, 85, 86, 90, 95, 101, 110, 116}
4930: {1, 3, 10, 14, 24, 29, 34, 36, 39, 42, 52, 56, 61, 66, 71, 79, 85, 86, 90, 95, 101, 111, 114}
4945: {1, 6, 10, 14, 24, 29, 34, 36, 39, 45, 52, 56, 61, 66, 70, 80, 85, 86, 90, 95, 101, 110, 114}
4946: {2, 7, 9, 18, 23, 28, 34, 36, 39, 44, 52, 58, 59, 63, 72, 81, 85, 86, 91, 94, 102, 112, 118}
4947: {1, 6, 10, 13, 24, 28, 34, 36, 38, 44, 52, 58, 61, 65, 67, 80, 85, 86, 90, 94, 102, 110, 116}
4965: {2, 6, 9, 19, 23, 28, 34, 36, 39, 44, 52, 58, 59, 63, 67, 81, 85, 86, 91, 94, 102, 112, 118}
4970: {1, 3, 10, 14, 24, 29, 34, 36, 39, 45, 52, 56, 61, 66, 71, 79, 85, 86, 90, 95, 101, 110, 117}
4972: {1, 6, 11, 16, 24, 29, 34, 36, 39, 43, 52, 56, 61, 66, 69, 77, 85, 86, 90, 95, 101, 111, 116}
4985: {2, 6, 10, 20, 24, 28, 34, 36, 38, 44, 52, 58, 59, 64, 67, 76, 85, 86, 90, 96, 101, 111, 116}
4988: {1, 3, 10, 14, 24, 29, 34, 36, 39, 43, 52, 56, 61, 66, 69, 80, 85, 86, 90, 95, 101, 110, 114}
4991: {1, 6, 11, 14, 24, 29, 34, 36, 39, 42, 52, 56, 61, 66, 71, 79, 85, 86, 90, 95, 101, 110, 116}
5017: {1, 6, 10, 14, 24, 29, 34, 36, 39, 43, 52, 56, 61, 66, 69, 79, 85, 86, 90, 95, 101, 111, 116}
5032: {1, 6, 11, 14, 24, 29, 34, 36, 39, 42, 52, 56, 61, 66, 71, 80, 85, 86, 90, 95, 101, 111, 116}
5042: {1, 3, 10, 13, 24, 32, 34, 36, 38, 48, 53, 58, 61, 66, 67, 76, 85, 86, 90, 94, 102, 110, 119}
5043: {1, 3, 11, 14, 24, 29, 34, 36, 39, 45, 52, 56, 61, 66, 69, 79, 85, 86, 90, 95, 101, 111, 117}
5049: {1, 6, 11, 16, 24, 29, 34, 36, 39, 43, 52, 56, 61, 66, 71, 80, 85, 86, 90, 95, 101, 110, 116}
5052: {1, 3, 10, 17, 24, 31, 34, 36, 38, 48, 53, 58, 61, 66, 67, 76, 85, 86, 90, 94, 102, 110, 119}
5063: {1, 3, 10, 16, 24, 29, 34, 36, 39, 43, 52, 56, 61, 66, 71, 77, 85, 86, 90, 95, 101, 111, 117}
5069: {1, 3, 11, 14, 24, 29, 34, 36, 39, 45, 52, 56, 61, 66, 71, 80, 85, 86, 90, 95, 101, 110, 114}
5073: {1, 3, 10, 16, 24, 29, 34, 36, 39, 43, 52, 56, 61, 66, 69, 77, 85, 86, 90, 95, 101, 110, 114}
5078: {1, 6, 11, 14, 24, 29, 34, 36, 39, 45, 52, 56, 61, 66, 71, 80, 85, 86, 90, 95, 101, 110, 117}
5085: {1, 3, 11, 14, 24, 29, 34, 36, 39, 42, 52, 56, 61, 66, 69, 79, 85, 86, 90, 95, 101, 111, 117}
5097: {1, 3, 10, 14, 24, 29, 34, 36, 39, 42, 52, 56, 61, 66, 70, 79, 85, 86, 90, 95, 101, 111, 116}
5099: {2, 7, 10, 18, 23, 28, 34, 36, 39, 47, 52, 58, 59, 63, 67, 76, 85, 86, 91, 94, 102, 112, 118}
5100: {1, 3, 10, 14, 24, 29, 34, 36, 39, 42, 52, 56, 61, 66, 71, 79, 85, 86, 90, 95, 101, 110, 117}
5107: {1, 3, 10, 17, 24, 31, 34, 36, 38, 48, 53, 58, 61, 66, 67, 76, 85, 86, 90, 94, 102, 110, 117}
5114: {2, 6, 10, 18, 23, 28, 34, 36, 39, 44, 52, 58, 59, 63, 67, 81, 85, 86, 91, 94, 102, 112, 118}
5126: {1, 6, 9, 16, 23, 29, 34, 36, 39, 44, 53, 56, 59, 63, 67, 76, 85, 86, 90, 93, 101, 107, 113}
5129: {1, 4, 12, 15, 23, 28, 34, 37, 38, 44, 52, 56, 59, 63, 67, 76, 85, 86, 90, 93, 102, 112, 119}
5138: {1, 6, 9, 19, 23, 28, 34, 36, 39, 44, 52, 56, 59, 63, 67, 76, 85, 86, 91, 93, 103, 110, 115}
5140: {1, 3, 10, 16, 24, 29, 34, 36, 39, 43, 52, 56, 61, 66, 69, 80, 85, 86, 90, 95, 101, 111, 114}
5141: {1, 6, 9, 19, 23, 28, 34, 36, 39, 49, 52, 56, 59, 63, 67, 76, 85, 86, 91, 93, 103, 110, 114}
5144: {1, 6, 11, 16, 24, 29, 34, 36, 39, 43, 52, 56, 61, 66, 71, 79, 85, 86, 90, 95, 101, 111, 116}
5150: {1, 3, 10, 13, 24, 29, 34, 36, 38, 48, 53, 58, 59, 66, 67, 77, 85, 86, 90, 94, 102, 110, 117}
5155: {1, 3, 10, 13, 24, 28, 34, 36, 38, 44, 52, 58, 61, 65, 67, 82, 85, 86, 90, 94, 102, 110, 116}
5158: {1, 3, 9, 19, 23, 29, 34, 36, 39, 45, 53, 56, 60, 63, 67, 76, 85, 86, 90, 93, 101, 110, 114}
5198: {2, 7, 10, 18, 23, 28, 34, 36, 39, 47, 52, 58, 59, 63, 67, 81, 85, 86, 91, 94, 102, 112, 118}
5215: {1, 3, 9, 16, 23, 29, 34, 36, 39, 45, 53, 56, 60, 63, 67, 76, 85, 86, 90, 93, 101, 110, 114}
5259: {1, 6, 9, 16, 23, 29, 34, 36, 39, 44, 53, 56, 60, 63, 67, 76, 85, 86, 90, 93, 101, 107, 113}
5265: {2, 6, 9, 17, 23, 28, 34, 36, 39, 44, 52, 58, 59, 63, 67, 76, 85, 86, 91, 94, 102, 112, 118}
5299: {1, 6, 9, 15, 23, 29, 34, 36, 39, 43, 53, 56, 59, 63, 67, 76, 85, 86, 90, 93, 101, 107, 114}
5305: {1, 3, 10, 13, 24, 29, 34, 36, 38, 48, 53, 58, 59, 66, 69, 77, 85, 86, 90, 94, 102, 110, 119}
5311: {1, 3, 10, 13, 24, 29, 34, 36, 38, 48, 53, 58, 59, 66, 69, 77, 85, 86, 90, 94, 102, 110, 117}
5320: {1, 6, 10, 14, 24, 29, 34, 36, 39, 42, 52, 56, 61, 66, 70, 77, 85, 86, 90, 95, 101, 110, 117}
5331: {1, 6, 10, 16, 24, 29, 34, 36, 39, 43, 52, 56, 61, 66, 70, 79, 85, 86, 90, 95, 101, 110, 116}
5342: {1, 6, 10, 19, 23, 28, 34, 36, 39, 49, 52, 56, 59, 63, 67, 76, 85, 86, 91, 93, 103, 110, 114}
5352: {2, 3, 10, 22, 24, 28, 34, 36, 38, 45, 52, 58, 59, 64, 67, 76, 85, 86, 90, 96, 101, 110, 116}
5356: {1, 6, 10, 14, 24, 29, 34, 36, 39, 45, 52, 56, 61, 66, 69, 79, 85, 86, 90, 95, 101, 111, 114}
5377: {1, 4, 10, 18, 23, 28, 34, 36, 39, 49, 52, 56, 59, 63, 67, 76, 85, 86, 91, 93, 103, 110, 115}
5378: {1, 3, 9, 19, 23, 29, 34, 36, 39, 45, 53, 56, 60, 63, 67, 76, 85, 86, 90, 93, 101, 107, 113}
5381: {1, 3, 10, 14, 24, 29, 34, 36, 39, 43, 52, 56, 61, 66, 70, 79, 85, 86, 90, 95, 101, 110, 117}
5399: {1, 4, 11, 13, 24, 28, 34, 36, 38, 44, 52, 58, 61, 65, 67, 82, 85, 86, 90, 94, 102, 110, 116}
5404: {1, 6, 9, 15, 23, 29, 34, 36, 39, 45, 53, 56, 59, 63, 67, 76, 85, 86, 90, 93, 101, 107, 114}
5410: {1, 6, 9, 19, 23, 29, 34, 36, 39, 43, 53, 56, 60, 63, 67, 76, 85, 86, 90, 93, 101, 107, 114}
5412: {1, 3, 10, 13, 24, 31, 34, 36, 38, 48, 53, 58, 61, 66, 69, 77, 85, 86, 90, 94, 102, 110, 117}
5420: {1, 6, 10, 14, 24, 29, 34, 36, 39, 45, 52, 56, 61, 66, 71, 77, 85, 86, 90, 95, 101, 110, 116}
5426: {1, 6, 9, 16, 23, 29, 34, 36, 39, 44, 53, 56, 60, 63, 67, 76, 85, 86, 90, 93, 101, 107, 114}
5430: {1, 3, 9, 16, 23, 29, 34, 36, 39, 44, 53, 56, 60, 63, 67, 76, 85, 86, 90, 93, 101, 107, 113}
5440: {1, 6, 10, 15, 23, 28, 34, 36, 39, 42, 52, 56, 59, 63, 67, 76, 85, 86, 91, 93, 103, 110, 115}
5442: {1, 3, 10, 13, 24, 32, 34, 36, 38, 48, 53, 58, 61, 66, 67, 77, 85, 86, 90, 94, 102, 110, 119}
5444: {2, 3, 10, 18, 23, 28, 34, 36, 39, 47, 52, 58, 59, 63, 72, 81, 85, 86, 91, 94, 102, 112, 118}
5454: {1, 6, 10, 14, 24, 29, 34, 36, 39, 43, 52, 56, 61, 66, 70, 80, 85, 86, 90, 95, 101, 110, 117}
5457: {1, 3, 9, 16, 23, 29, 34, 36, 39, 44, 53, 56, 60, 64, 67, 76, 85, 86, 90, 93, 101, 107, 113}
5481: {1, 3, 9, 15, 23, 29, 34, 36, 39, 44, 53, 56, 60, 63, 67, 76, 85, 86, 90, 93, 101, 110, 114}
5487: {1, 3, 10, 16, 24, 29, 34, 36, 39, 43, 52, 56, 61, 66, 69, 77, 85, 86, 90, 95, 101, 111, 117}
5493: {2, 7, 10, 17, 23, 28, 34, 36, 39, 47, 52, 58, 59, 63, 72, 76, 85, 86, 91, 94, 102, 112, 118}
5512: {1, 3, 10, 17, 24, 31, 34, 36, 38, 48, 53, 58, 61, 66, 67, 77, 85, 86, 90, 94, 102, 110, 119}
5519: {1, 3, 11, 14, 24, 29, 34, 36, 39, 42, 52, 56, 61, 66, 69, 80, 85, 86, 90, 95, 101, 111, 116}
5535: {2, 6, 10, 13, 23, 28, 34, 36, 39, 47, 52, 58, 59, 63, 67, 81, 85, 86, 91, 94, 102, 112, 118}
5559: {1, 3, 10, 13, 24, 32, 34, 36, 38, 48, 53, 58, 59, 63, 69, 77, 85, 86, 90, 94, 102, 110, 117}
5561: {1, 3, 9, 15, 23, 29, 34, 36, 39, 43, 53, 56, 59, 63, 67, 76, 85, 86, 90, 93, 101, 110, 114}
5562: {1, 6, 10, 14, 24, 29, 34, 36, 39, 43, 52, 56, 61, 66, 69, 80, 85, 86, 90, 95, 101, 110, 117}
5575: {1, 3, 9, 19, 23, 29, 34, 36, 39, 45, 53, 56, 59, 64, 67, 76, 85, 86, 90, 93, 101, 107, 114}
5585: {1, 6, 9, 16, 23, 29, 34, 36, 39, 43, 53, 56, 59, 63, 67, 76, 85, 86, 90, 93, 101, 107, 113}
5597: {2, 6, 9, 19, 23, 28, 34, 36, 39, 47, 52, 58, 59, 63, 72, 76, 85, 86, 91, 94, 102, 112, 118}
5602: {2, 6, 10, 13, 24, 28, 34, 37, 38, 44, 52, 56, 59, 63, 67, 80, 85, 86, 90, 94, 102, 110, 119}
5617: {1, 6, 10, 14, 24, 29, 34, 36, 39, 42, 52, 56, 61, 66, 69, 80, 85, 86, 90, 95, 101, 110, 114}
5622: {1, 6, 9, 15, 23, 29, 34, 36, 39, 45, 53, 56, 60, 63, 67, 76, 85, 86, 90, 93, 101, 110, 113}
5645: {1, 3, 10, 17, 24, 31, 34, 36, 38, 48, 53, 58, 61, 63, 69, 76, 85, 86, 90, 94, 102, 110, 117}
5659: {1, 3, 9, 15, 23, 29, 34, 36, 39, 43, 53, 56, 60, 63, 67, 76, 85, 86, 90, 93, 101, 110, 114}
5695: {1, 3, 10, 13, 24, 31, 34, 36, 38, 48, 53, 58, 61, 66, 67, 76, 85, 86, 90, 94, 102, 110, 116}
5720: {1, 3, 10, 13, 24, 32, 34, 36, 38, 48, 53, 58, 59, 63, 69, 76, 85, 86, 90, 94, 102, 110, 117}
5725: {2, 6, 9, 17, 23, 28, 34, 36, 39, 47, 52, 58, 59, 63, 67, 81, 85, 86, 91, 94, 102, 112, 118}
5730: {1, 3, 9, 15, 23, 29, 34, 36, 39, 45, 53, 56, 59, 63, 67, 76, 85, 86, 90, 93, 101, 110, 114}
5742: {2, 7, 9, 13, 23, 28, 34, 36, 39, 44, 52, 58, 59, 63, 67, 76, 85, 86, 91, 94, 102, 112, 118}
5761: {1, 6, 9, 18, 23, 28, 34, 36, 39, 42, 52, 56, 59, 63, 67, 76, 85, 86, 91, 93, 103, 110, 114}
5781: {1, 3, 10, 13, 24, 31, 34, 36, 38, 48, 53, 58, 61, 66, 67, 77, 85, 86, 90, 94, 102, 110, 119}
5783: {1, 6, 9, 18, 23, 28, 34, 36, 39, 49, 52, 56, 59, 63, 67, 76, 85, 86, 91, 93, 103, 110, 115}
5785: {1, 6, 10, 14, 24, 29, 34, 36, 39, 42, 52, 56, 61, 66, 69, 77, 85, 86, 90, 95, 101, 111, 117}
5791: {1, 3, 10, 13, 24, 32, 34, 36, 38, 48, 53, 58, 59, 66, 69, 77, 85, 86, 90, 94, 102, 110, 119}
5819: {1, 6, 9, 15, 23, 29, 34, 36, 39, 43, 53, 56, 59, 64, 67, 76, 85, 86, 90, 93, 101, 107, 114}
5820: {1, 3, 10, 17, 24, 31, 34, 36, 38, 48, 53, 58, 59, 66, 69, 77, 85, 86, 90, 94, 102, 110, 119}
5822: {1, 6, 10, 16, 24, 29, 34, 36, 39, 45, 52, 56, 61, 66, 69, 77, 85, 86, 90, 95, 101, 110, 117}
5825: {1, 6, 10, 14, 24, 29, 34, 36, 39, 43, 52, 56, 61, 66, 71, 77, 85, 86, 90, 95, 101, 110, 116}
5826: {1, 6, 10, 14, 24, 29, 34, 36, 39, 43, 52, 56, 61, 66, 70, 77, 85, 86, 90, 95, 101, 110, 116}
5847: {1, 3, 9, 16, 23, 29, 34, 36, 39, 43, 53, 56, 60, 64, 67, 76, 85, 86, 90, 93, 101, 107, 114}
5849: {1, 6, 9, 15, 23, 29, 34, 36, 39, 44, 53, 56, 60, 63, 67, 76, 85, 86, 90, 93, 101, 107, 114}
5850: {2, 7, 9, 13, 23, 28, 34, 36, 39, 44, 52, 58, 59, 63, 72, 81, 85, 86, 91, 94, 102, 112, 118}
5863: {1, 6, 9, 19, 23, 28, 34, 36, 39, 49, 52, 56, 59, 63, 67, 76, 85, 86, 91, 93, 103, 110, 115}
5868: {1, 6, 9, 19, 23, 28, 34, 36, 39, 42, 52, 56, 59, 63, 67, 76, 85, 86, 91, 93, 103, 110, 114}
5879: {1, 3, 10, 13, 24, 32, 34, 36, 38, 48, 53, 58, 59, 66, 67, 77, 85, 86, 90, 94, 102, 110, 119}
5887: {2, 3, 10, 19, 23, 28, 34, 36, 39, 44, 52, 58, 59, 63, 72, 76, 85, 86, 91, 94, 102, 112, 118}
5888: {1, 3, 9, 19, 23, 29, 34, 36, 39, 43, 53, 56, 59, 64, 67, 76, 85, 86, 90, 93, 101, 110, 114}
5895: {2, 3, 9, 17, 23, 28, 34, 36, 39, 44, 52, 58, 59, 63, 72, 81, 85, 86, 91, 94, 102, 112, 118}
5896: {2, 3, 10, 15, 24, 28, 34, 36, 38, 43, 52, 58, 59, 64, 67, 76, 85, 86, 90, 96, 101, 110, 116}
5902: {1, 6, 9, 15, 23, 28, 34, 36, 39, 42, 52, 56, 59, 63, 67, 76, 85, 86, 91, 93, 103, 110, 114}
5912: {1, 3, 11, 14, 24, 29, 34, 36, 39, 45, 52, 56, 61, 66, 70, 77, 85, 86, 90, 95, 101, 110, 117}
5918: {2, 3, 9, 17, 23, 28, 34, 36, 39, 44, 52, 58, 59, 63, 67, 76, 85, 86, 91, 94, 102, 112, 118}
5923: {1, 6, 9, 15, 23, 29, 34, 36, 39, 45, 53, 56, 59, 63, 67, 76, 85, 86, 90, 93, 101, 110, 114}
5925: {1, 6, 10, 14, 24, 29, 34, 36, 39, 43, 52, 56, 61, 66, 70, 77, 85, 86, 90, 95, 101, 111, 116}
5932: {1, 3, 10, 13, 24, 31, 34, 36, 38, 48, 53, 58, 59, 63, 69, 76, 85, 86, 90, 94, 102, 110, 117}
5949: {2, 6, 10, 15, 24, 28, 34, 36, 38, 43, 52, 58, 59, 64, 67, 76, 85, 86, 90, 96, 101, 111, 116}
5950: {2, 3, 10, 13, 24, 28, 34, 37, 38, 44, 52, 56, 60, 63, 67, 80, 85, 86, 90, 94, 102, 110, 119}
5959: {1, 3, 10, 14, 24, 29, 34, 36, 39, 42, 52, 56, 61, 66, 70, 79, 85, 86, 90, 95, 101, 111, 114}
5961: {1, 3, 10, 13, 24, 29, 34, 36, 38, 48, 53, 58, 59, 66, 67, 77, 85, 86, 90, 94, 102, 110, 116}
5963: {2, 6, 10, 13, 24, 28, 34, 37, 38, 44, 52, 56, 60, 64, 67, 80, 85, 86, 90, 94, 102, 110, 119}
5983: {1, 6, 9, 18, 23, 28, 34, 36, 39, 49, 52, 56, 59, 63, 67, 76, 85, 86, 91, 93, 103, 110, 114}
5984: {1, 6, 10, 14, 24, 29, 34, 36, 39, 43, 52, 56, 61, 66, 69, 80, 85, 86, 90, 95, 101, 111, 116}
5988: {1, 6, 9, 16, 23, 29, 34, 36, 39, 45, 53, 56, 60, 63, 67, 76, 85, 86, 90, 93, 101, 107, 114}
5997: {2, 7, 10, 19, 23, 28, 34, 36, 39, 47, 52, 58, 59, 63, 67, 76, 85, 86, 91, 94, 102, 112, 118}
6003: {1, 3, 10, 17, 24, 29, 34, 36, 38, 48, 53, 58, 59, 63, 67, 77, 85, 86, 90, 94, 102, 110, 116}
6017: {1, 6, 10, 13, 24, 31, 34, 36, 38, 48, 53, 58, 59, 66, 69, 77, 85, 86, 90, 94, 102, 110, 117}
6036: {1, 6, 10, 13, 24, 32, 34, 36, 38, 48, 53, 58, 59, 66, 67, 77, 85, 86, 90, 94, 102, 110, 117}
6075: {1, 3, 10, 17, 24, 32, 34, 36, 38, 48, 53, 58, 61, 66, 67, 77, 85, 86, 90, 94, 102, 110, 119}
6081: {1, 6, 10, 17, 24, 31, 34, 36, 38, 48, 53, 58, 61, 63, 69, 76, 85, 86, 90, 94, 102, 110, 119}
6084: {1, 6, 10, 13, 24, 32, 34, 36, 38, 48, 53, 58, 59, 63, 69, 76, 85, 86, 90, 94, 102, 110, 117}
6096: {1, 6, 9, 17, 24, 29, 34, 36, 38, 48, 53, 58, 59, 63, 67, 77, 85, 86, 90, 94, 102, 110, 119}
6102: {1, 6, 10, 13, 24, 32, 34, 36, 38, 48, 53, 58, 59, 63, 67, 76, 85, 86, 90, 94, 102, 110, 117}
6107: {1, 3, 10, 17, 24, 32, 34, 36, 38, 48, 53, 58, 59, 66, 69, 77, 85, 86, 90, 94, 102, 110, 119}
6115: {1, 6, 10, 17, 24, 29, 34, 36, 38, 48, 53, 58, 61, 63, 69, 77, 85, 86, 90, 94, 102, 110, 116}
6120: {1, 7, 9, 17, 24, 32, 34, 36, 38, 48, 53, 58, 61, 66, 69, 76, 85, 86, 90, 94, 102, 110, 117}
6123: {1, 6, 9, 13, 24, 31, 34, 36, 38, 48, 53, 58, 59, 63, 67, 77, 85, 86, 90, 94, 102, 110, 116}
6134: {1, 6, 10, 17, 24, 31, 34, 36, 38, 48, 53, 58, 61, 63, 67, 76, 85, 86, 90, 94, 102, 110, 117}
6139: {1, 3, 9, 17, 24, 31, 34, 36, 38, 48, 53, 58, 61, 66, 67, 77, 85, 86, 90, 94, 102, 110, 117}
6144: {1, 3, 10, 17, 24, 32, 34, 36, 38, 48, 53, 58, 59, 63, 67, 77, 85, 86, 90, 94, 102, 110, 119}
6148: {2, 7, 11, 15, 24, 28, 34, 37, 39, 42, 52, 58, 61, 63, 67, 76, 85, 86, 91, 93, 102, 107, 114}
6167: {1, 3, 9, 17, 24, 29, 34, 36, 38, 48, 53, 58, 61, 66, 67, 76, 85, 86, 90, 94, 102, 110, 116}
6171: {1, 3, 9, 13, 24, 31, 34, 36, 38, 48, 53, 58, 61, 63, 67, 77, 85, 86, 90, 94, 102, 110, 119}
6177: {1, 6, 10, 13, 24, 29, 34, 36, 38, 48, 53, 58, 61, 63, 67, 76, 85, 86, 90, 94, 102, 110, 119}
6187: {1, 7, 10, 17, 24, 29, 34, 36, 38, 48, 53, 58, 61, 66, 67, 76, 85, 86, 90, 94, 102, 110, 116}
6195: {2, 4, 9, 16, 24, 28, 34, 37, 39, 44, 52, 58, 59, 66, 67, 76, 85, 86, 91, 93, 102, 108, 114}
6212: {1, 6, 9, 13, 24, 31, 34, 36, 38, 48, 53, 58, 59, 66, 67, 76, 85, 86, 90, 94, 102, 110, 117}
6222: {1, 3, 9, 13, 24, 31, 34, 36, 38, 48, 53, 58, 61, 63, 69, 77, 85, 86, 90, 94, 102, 110, 117}
6241: {1, 6, 10, 13, 24, 32, 34, 36, 38, 48, 53, 58, 59, 66, 69, 77, 85, 86, 90, 94, 102, 110, 119}
6250: {1, 6, 10, 13, 24, 31, 34, 36, 38, 48, 53, 58, 61, 66, 67, 77, 85, 86, 90, 94, 102, 110, 117}
6252: {1, 3, 9, 17, 24, 32, 34, 36, 38, 48, 53, 58, 59, 66, 69, 76, 85, 86, 90, 94, 102, 110, 117}
6260: {1, 7, 10, 17, 24, 31, 34, 36, 38, 48, 53, 58, 61, 66, 67, 76, 85, 86, 90, 94, 102, 110, 119}
6264: {1, 6, 9, 17, 24, 32, 34, 36, 38, 48, 53, 58, 59, 66, 69, 76, 85, 86, 90, 94, 102, 110, 116}
6267: {1, 6, 10, 13, 24, 32, 34, 36, 38, 48, 53, 58, 61, 63, 69, 77, 85, 86, 90, 94, 102, 110, 117}
6268: {1, 3, 9, 17, 24, 31, 34, 36, 38, 48, 53, 58, 59, 63, 67, 77, 85, 86, 90, 94, 102, 110, 117}
6273: {1, 3, 9, 17, 24, 32, 34, 36, 38, 48, 53, 58, 59, 66, 69, 77, 85, 86, 90, 94, 102, 110, 117}
6284: {1, 6, 10, 13, 24, 29, 34, 36, 38, 48, 53, 58, 59, 63, 67, 77, 85, 86, 90, 94, 102, 110, 117}
6287: {1, 6, 10, 17, 24, 29, 34, 36, 38, 48, 53, 58, 61, 66, 67, 77, 85, 86, 90, 94, 102, 110, 116}
6305: {1, 7, 9, 13, 24, 32, 34, 36, 38, 48, 53, 58, 61, 66, 69, 77, 85, 86, 90, 94, 102, 110, 116}
6324: {1, 6, 10, 13, 24, 32, 34, 36, 38, 48, 53, 58, 61, 63, 69, 76, 85, 86, 90, 94, 102, 110, 117}
6327: {1, 3, 9, 13, 24, 32, 34, 36, 38, 48, 53, 58, 61, 66, 69, 77, 85, 86, 90, 94, 102, 110, 116}
6352: {1, 6, 10, 13, 24, 29, 34, 36, 38, 48, 53, 58, 59, 63, 69, 77, 85, 86, 90, 94, 102, 110, 117}
6353: {1, 3, 9, 13, 24, 32, 34, 36, 38, 48, 53, 58, 61, 66, 67, 76, 85, 86, 90, 94, 102, 110, 119}
6357: {1, 6, 10, 13, 24, 29, 34, 36, 38, 48, 53, 58, 61, 66, 67, 77, 85, 86, 90, 94, 102, 110, 117}
6366: {1, 3, 9, 13, 24, 29, 34, 36, 38, 48, 53, 58, 61, 66, 69, 76, 85, 86, 90, 94, 102, 110, 117}
6370: {1, 6, 10, 13, 24, 31, 34, 36, 38, 48, 53, 58, 61, 66, 67, 76, 85, 86, 90, 94, 102, 110, 117}
6409: {1, 3, 10, 17, 24, 32, 34, 36, 38, 48, 53, 58, 61, 63, 67, 76, 85, 86, 90, 94, 102, 110, 119}
6411: {1, 6, 9, 13, 24, 32, 34, 36, 38, 48, 53, 58, 61, 63, 67, 76, 85, 86, 90, 94, 102, 110, 117}
6428: {1, 6, 10, 17, 24, 32, 34, 36, 38, 48, 53, 58, 59, 63, 67, 76, 85, 86, 90, 94, 102, 110, 119}
6433: {1, 3, 10, 17, 24, 31, 34, 36, 38, 48, 53, 58, 59, 63, 69, 77, 85, 86, 90, 94, 102, 110, 117}
6438: {1, 6, 9, 13, 24, 29, 34, 36, 38, 48, 53, 58, 59, 63, 67, 77, 85, 86, 90, 94, 102, 110, 116}
6474: {1, 6, 9, 13, 24, 31, 34, 36, 38, 48, 53, 58, 59, 66, 69, 76, 85, 86, 90, 94, 102, 110, 117}
6497: {1, 6, 9, 17, 24, 31, 34, 36, 38, 48, 53, 58, 61, 66, 67, 77, 85, 86, 90, 94, 102, 110, 116}
6511: {1, 3, 9, 17, 24, 32, 34, 36, 38, 48, 53, 58, 61, 63, 67, 76, 85, 86, 90, 94, 102, 110, 116}
6519: {1, 6, 10, 17, 24, 29, 34, 36, 38, 48, 53, 58, 61, 63, 67, 77, 85, 86, 90, 94, 102, 110, 119}
6528: {1, 3, 9, 17, 24, 32, 34, 36, 38, 48, 53, 58, 61, 63, 67, 76, 85, 86, 90, 94, 102, 110, 117}
6534: {1, 3, 10, 17, 24, 29, 34, 36, 38, 48, 53, 58, 61, 63, 69, 77, 85, 86, 90, 94, 102, 110, 116}
6544: {1, 6, 10, 17, 24, 32, 34, 36, 38, 48, 53, 58, 59, 66, 67, 77, 85, 86, 90, 94, 102, 110, 119}
6556: {1, 7, 9, 17, 24, 29, 34, 36, 38, 48, 53, 58, 59, 66, 67, 77, 85, 86, 90, 94, 102, 110, 117}
6560: {1, 3, 9, 13, 24, 31, 34, 36, 38, 48, 53, 58, 59, 63, 69, 76, 85, 86, 90, 94, 102, 110, 119}
6580: {1, 7, 10, 17, 24, 31, 34, 36, 38, 48, 53, 58, 59, 66, 67, 76, 85, 86, 90, 94, 102, 110, 117}
6603: {1, 3, 9, 13, 24, 32, 34, 36, 38, 48, 53, 58, 59, 63, 67, 76, 85, 86, 90, 94, 102, 110, 117}
6606: {1, 7, 10, 13, 24, 29, 34, 36, 38, 48, 53, 58, 59, 63, 69, 77, 85, 86, 90, 94, 102, 110, 119}
6609: {1, 7, 10, 13, 24, 31, 34, 36, 38, 48, 53, 58, 61, 63, 69, 77, 85, 86, 90, 94, 102, 110, 116}
6620: {1, 6, 9, 13, 24, 32, 34, 36, 38, 48, 53, 58, 59, 63, 69, 76, 85, 86, 90, 94, 102, 110, 117}
6657: {1, 3, 10, 17, 24, 29, 34, 36, 38, 48, 53, 58, 59, 63, 69, 76, 85, 86, 90, 94, 102, 110, 117}
6662: {1, 3, 9, 13, 24, 31, 34, 36, 38, 48, 53, 58, 61, 63, 67, 76, 85, 86, 90, 94, 102, 110, 117}
6663: {1, 7, 9, 13, 24, 32, 34, 36, 38, 48, 53, 58, 61, 63, 67, 77, 85, 86, 90, 94, 102, 110, 117}
6689: {1, 3, 10, 17, 24, 29, 34, 36, 38, 48, 53, 58, 59, 63, 67, 76, 85, 86, 90, 94, 102, 110, 119}
6705: {1, 6, 9, 17, 24, 29, 34, 36, 38, 48, 53, 58, 59, 66, 69, 77, 85, 86, 90, 94, 102, 110, 117}
6732: {1, 3, 9, 13, 24, 32, 34, 36, 38, 48, 53, 58, 61, 63, 67, 77, 85, 86, 90, 94, 102, 110, 119}
6739: {1, 7, 10, 13, 24, 31, 34, 36, 38, 48, 53, 58, 61, 66, 67, 76, 85, 86, 90, 94, 102, 110, 119}
6740: {1, 6, 10, 13, 24, 31, 34, 36, 38, 48, 53, 58, 59, 63, 67, 76, 85, 86, 90, 94, 102, 110, 119}
6762: {1, 6, 10, 17, 24, 29, 34, 36, 38, 48, 53, 58, 59, 63, 69, 76, 85, 86, 90, 94, 102, 110, 116}
6763: {2, 7, 11, 16, 24, 28, 34, 37, 39, 43, 52, 58, 61, 63, 67, 76, 85, 86, 91, 93, 102, 107, 114}
6765: {1, 6, 9, 13, 24, 32, 34, 36, 38, 48, 53, 58, 59, 63, 67, 76, 85, 86, 90, 94, 102, 110, 119}
6778: {1, 3, 9, 13, 24, 31, 34, 36, 38, 48, 53, 58, 61, 63, 69, 77, 85, 86, 90, 94, 102, 110, 116}
6779: {1, 3, 9, 13, 24, 31, 34, 36, 38, 48, 53, 58, 61, 63, 69, 77, 85, 86, 90, 94, 102, 110, 119}
6790: {1, 6, 9, 17, 24, 32, 34, 36, 38, 48, 53, 58, 61, 66, 67, 77, 85, 86, 90, 94, 102, 110, 119}
6793: {1, 6, 9, 17, 24, 32, 34, 36, 38, 48, 53, 58, 59, 63, 67, 77, 85, 86, 90, 94, 102, 110, 119}
6794: {1, 6, 10, 17, 24, 32, 34, 36, 38, 48, 53, 58, 59, 63, 69, 77, 85, 86, 90, 94, 102, 110, 116}
6800: {1, 7, 10, 17, 24, 29, 34, 36, 38, 48, 53, 58, 61, 66, 67, 76, 85, 86, 90, 94, 102, 110, 119}
6807: {1, 6, 10, 13, 24, 31, 34, 36, 38, 48, 53, 58, 61, 66, 69, 77, 85, 86, 90, 94, 102, 110, 116}
6819: {1, 7, 9, 17, 24, 29, 34, 36, 38, 48, 53, 58, 61, 66, 67, 77, 85, 86, 90, 94, 102, 110, 119}
6831: {1, 6, 9, 13, 24, 32, 34, 36, 38, 48, 53, 58, 59, 66, 67, 77, 85, 86, 90, 94, 102, 110, 117}
6833: {1, 3, 9, 17, 24, 32, 34, 36, 38, 48, 53, 58, 61, 66, 67, 76, 85, 86, 90, 94, 102, 110, 117}
6835: {1, 6, 10, 17, 24, 29, 34, 36, 38, 48, 53, 58, 61, 66, 67, 76, 85, 86, 90, 94, 102, 110, 119}
6847: {1, 6, 9, 17, 24, 31, 34, 36, 38, 48, 53, 58, 61, 66, 69, 76, 85, 86, 90, 94, 102, 110, 119}
6873: {1, 6, 10, 17, 24, 31, 34, 36, 38, 48, 53, 58, 61, 66, 67, 77, 85, 86, 90, 94, 102, 110, 116}
6883: {1, 6, 10, 13, 24, 31, 34, 36, 38, 48, 53, 58, 59, 63, 67, 76, 85, 86, 90, 94, 102, 110, 116}
6897: {1, 3, 10, 17, 24, 29, 34, 36, 38, 48, 53, 58, 59, 66, 69, 77, 85, 86, 90, 94, 102, 110, 117}
6914: {1, 3, 9, 17, 24, 29, 34, 36, 38, 48, 53, 58, 61, 63, 67, 76, 85, 86, 90, 94, 102, 110, 116}
6919: {1, 6, 10, 13, 24, 31, 34, 36, 38, 48, 53, 58, 61, 63, 69, 76, 85, 86, 90, 94, 102, 110, 117}
6922: {1, 7, 9, 13, 24, 32, 34, 36, 38, 48, 53, 58, 59, 63, 67, 76, 85, 86, 90, 94, 102, 110, 117}
6925: {2, 4, 11, 16, 24, 28, 34, 37, 39, 43, 52, 58, 61, 66, 67, 76, 85, 86, 91, 93, 102, 108, 114}
6930: {1, 6, 9, 13, 24, 31, 34, 36, 38, 48, 53, 58, 61, 66, 67, 77, 85, 86, 90, 94, 102, 110, 116}
6949: {1, 3, 9, 13, 24, 32, 34, 36, 38, 48, 53, 58, 59, 66, 69, 77, 85, 86, 90, 94, 102, 110, 119}
6952: {1, 6, 10, 17, 24, 29, 34, 36, 38, 48, 53, 58, 59, 63, 67, 76, 85, 86, 90, 94, 102, 110, 117}
6954: {1, 7, 9, 13, 24, 32, 34, 36, 38, 48, 53, 58, 61, 63, 67, 76, 85, 86, 90, 94, 102, 110, 116}
6960: {1, 7, 9, 13, 24, 29, 34, 36, 38, 48, 53, 58, 59, 63, 69, 77, 85, 86, 90, 94, 102, 110, 117}
6964: {1, 3, 9, 13, 24, 31, 34, 36, 38, 48, 53, 58, 61, 66, 67, 77, 85, 86, 90, 94, 102, 110, 119}
6971: {2, 3, 9, 13, 24, 28, 34, 36, 39, 44, 52, 56, 62, 65, 70, 80, 85, 86, 91, 93, 102, 111, 116}
6972: {1, 6, 9, 13, 24, 29, 34, 36, 38, 48, 53, 58, 61, 66, 67, 77, 85, 86, 90, 94, 102, 110, 116}
6980: {1, 6, 9, 13, 24, 29, 34, 36, 38, 48, 53, 58, 61, 63, 67, 76, 85, 86, 90, 94, 102, 110, 117}
6988: {1, 3, 10, 17, 24, 29, 34, 36, 38, 48, 53, 58, 61, 66, 67, 76, 85, 86, 90, 94, 102, 110, 117}
6992: {1, 7, 10, 17, 24, 33, 34, 36, 39, 50, 52, 55, 61, 65, 74, 84, 85, 86, 92, 97, 102, 112, 116}
7000: {2, 7, 9, 13, 24, 28, 35, 36, 39, 50, 52, 58, 59, 63, 73, 83, 85, 88, 90, 93, 104, 110, 119}
7008: {1, 3, 9, 17, 24, 32, 34, 36, 38, 48, 53, 58, 59, 63, 69, 76, 85, 86, 90, 94, 102, 110, 117}
7017: {2, 3, 9, 15, 24, 28, 34, 37, 39, 44, 52, 58, 59, 63, 67, 76, 85, 86, 91, 93, 102, 108, 114}
7031: {1, 7, 9, 17, 24, 31, 34, 36, 38, 48, 53, 58, 61, 66, 67, 76, 85, 86, 90, 94, 102, 110, 116}
7047: {2, 7, 11, 16, 24, 28, 34, 37, 39, 43, 52, 58, 59, 66, 67, 76, 85, 86, 91, 93, 102, 108, 114}
7049: {1, 6, 10, 13, 24, 32, 34, 36, 38, 48, 53, 58, 61, 63, 67, 77, 85, 86, 90, 94, 102, 110, 117}
7064: {2, 3, 9, 18, 23, 28, 34, 36, 39, 44, 52, 56, 59, 63, 67, 76, 85, 86, 91, 93, 102, 111, 117}
7066: {1, 3, 10, 13, 24, 33, 35, 36, 39, 44, 52, 55, 61, 65, 74, 84, 85, 86, 92, 97, 102, 112, 116}
7086: {1, 3, 9, 17, 24, 31, 34, 36, 38, 48, 53, 58, 59, 63, 67, 77, 85, 86, 90, 94, 102, 110, 119}
7088: {1, 7, 10, 17, 24, 32, 34, 36, 38, 48, 53, 58, 61, 63, 69, 76, 85, 86, 90, 94, 102, 110, 117}
7090: {2, 7, 11, 16, 24, 28, 34, 37, 39, 42, 52, 58, 59, 63, 67, 76, 85, 86, 91, 93, 102, 108, 114}
7103: {1, 7, 10, 17, 24, 32, 34, 36, 38, 48, 53, 58, 61, 66, 69, 76, 85, 86, 90, 94, 102, 110, 119}
7113: {1, 6, 10, 17, 24, 31, 34, 36, 38, 48, 53, 58, 61, 63, 69, 76, 85, 86, 90, 94, 102, 110, 116}
7117: {2, 3, 10, 16, 23, 28, 34, 36, 39, 44, 52, 56, 59, 63, 67, 76, 85, 86, 91, 93, 102, 110, 117}
7122: {1, 7, 10, 13, 24, 31, 34, 36, 38, 48, 53, 58, 59, 63, 69, 76, 85, 86, 90, 94, 102, 110, 116}
7129: {2, 6, 9, 13, 24, 28, 35, 36, 39, 41, 52, 58, 59, 63, 73, 83, 85, 87, 90, 93, 105, 110, 119}
7132: {1, 7, 9, 17, 24, 31, 34, 36, 38, 48, 53, 58, 59, 66, 67, 76, 85, 86, 90, 94, 102, 110, 116}
7140: {1, 7, 9, 13, 24, 32, 34, 36, 38, 48, 53, 58, 61, 66, 69, 76, 85, 86, 90, 94, 102, 110, 116}
7162: {1, 7, 9, 13, 24, 32, 34, 36, 38, 48, 53, 58, 59, 63, 69, 76, 85, 86, 90, 94, 102, 110, 116}
7163: {2, 4, 9, 16, 24, 28, 34, 37, 39, 44, 52, 58, 59, 63, 67, 76, 85, 86, 91, 93, 102, 107, 114}
7185: {1, 7, 9, 17, 24, 32, 34, 36, 38, 48, 53, 58, 59, 63, 69, 77, 85, 86, 90, 94, 102, 110, 117}
7192: {1, 6, 9, 17, 24, 31, 34, 36, 38, 48, 53, 58, 61, 63, 67, 76, 85, 86, 90, 94, 102, 110, 119}
7204: {1, 7, 9, 17, 24, 31, 34, 36, 38, 48, 53, 58, 61, 66, 69, 76, 85, 86, 90, 94, 102, 110, 119}
7210: {1, 3, 9, 13, 24, 31, 34, 36, 38, 48, 53, 58, 59, 63, 69, 77, 85, 86, 90, 94, 102, 110, 119}
7212: {2, 3, 11, 15, 24, 28, 34, 37, 39, 42, 52, 58, 61, 63, 67, 76, 85, 86, 91, 93, 102, 108, 114}
7214: {1, 7, 9, 17, 24, 29, 34, 36, 38, 48, 53, 58, 61, 63, 69, 77, 85, 86, 90, 94, 102, 110, 119}
7224: {1, 3, 9, 17, 24, 32, 34, 36, 38, 48, 53, 58, 61, 63, 67, 77, 85, 86, 90, 94, 102, 110, 117}
7236: {2, 7, 9, 13, 24, 28, 35, 36, 39, 41, 52, 58, 59, 63, 73, 83, 85, 88, 90, 93, 105, 112, 119}
7266: {1, 6, 10, 13, 24, 33, 35, 36, 39, 44, 52, 55, 61, 65, 74, 84, 85, 86, 92, 97, 102, 112, 116}
7275: {1, 7, 9, 13, 24, 29, 34, 36, 38, 48, 53, 58, 59, 66, 69, 76, 85, 86, 90, 94, 102, 110, 116}
7282: {2, 4, 9, 13, 24, 28, 35, 36, 39, 41, 52, 58, 59, 63, 73, 83, 85, 88, 90, 93, 99, 110, 119}
7291: {2, 7, 9, 13, 24, 28, 35, 36, 39, 51, 52, 58, 59, 63, 73, 83, 85, 87, 90, 93, 106, 112, 119}
7293: {2, 6, 10, 13, 24, 28, 34, 36, 39, 44, 52, 56, 62, 65, 70, 80, 85, 86, 91, 93, 102, 111, 116}
7294: {2, 7, 9, 16, 24, 28, 34, 37, 39, 44, 52, 58, 59, 63, 67, 76, 85, 86, 91, 93, 102, 108, 114}
7306: {2, 4, 11, 15, 24, 28, 34, 37, 39, 44, 52, 58, 61, 66, 67, 76, 85, 86, 91, 93, 102, 108, 114}
7329: {2, 4, 9, 15, 24, 28, 34, 37, 39, 42, 52, 58, 59, 63, 67, 76, 85, 86, 91, 93, 102, 108, 114}
7338: {1, 7, 10, 13, 24, 29, 34, 36, 38, 48, 53, 58, 59, 63, 67, 77, 85, 86, 90, 94, 102, 110, 116}
7342: {1, 7, 10, 13, 24, 32, 34, 36, 38, 48, 53, 58, 61, 66, 69, 77, 85, 86, 90, 94, 102, 110, 117}
7343: {1, 7, 10, 21, 24, 33, 34, 36, 39, 50, 52, 55, 61, 65, 74, 84, 85, 86, 92, 97, 102, 112, 116}
7345: {2, 7, 9, 15, 24, 28, 34, 37, 39, 42, 52, 58, 59, 63, 67, 76, 85, 86, 91, 93, 102, 108, 114}
7360: {2, 3, 11, 15, 24, 28, 34, 37, 39, 43, 52, 58, 61, 66, 67, 76, 85, 86, 91, 93, 102, 107, 114}
7369: {1, 3, 10, 21, 24, 33, 35, 36, 39, 44, 52, 55, 61, 65, 74, 84, 85, 86, 92, 97, 102, 112, 116}
7378: {2, 6, 9, 13, 23, 28, 34, 36, 39, 44, 52, 56, 59, 63, 67, 76, 85, 86, 91, 93, 102, 111, 117}
7414: {2, 4, 9, 13, 24, 28, 35, 36, 39, 50, 52, 58, 59, 63, 73, 83, 85, 87, 90, 93, 99, 110, 119}
7418: {1, 7, 9, 13, 24, 32, 34, 36, 38, 48, 53, 58, 61, 63, 69, 77, 85, 86, 90, 94, 102, 110, 119}
7431: {1, 7, 9, 17, 24, 29, 34, 36, 38, 48, 53, 58, 61, 66, 69, 77, 85, 86, 90, 94, 102, 110, 117}
7461: {2, 3, 11, 16, 24, 28, 34, 37, 39, 42, 52, 58, 61, 63, 67, 76, 85, 86, 91, 93, 102, 108, 114}
7464: {2, 3, 9, 16, 24, 28, 34, 37, 39, 44, 52, 58, 59, 63, 67, 76, 85, 86, 91, 93, 102, 107, 114}
7466: {1, 7, 9, 17, 24, 32, 34, 36, 38, 48, 53, 58, 61, 63, 67, 77, 85, 86, 90, 94, 102, 110, 116}
7479: {1, 7, 9, 13, 24, 31, 34, 36, 38, 48, 53, 58, 59, 63, 69, 76, 85, 86, 90, 94, 102, 110, 116}
7504: {1, 7, 10, 17, 24, 31, 34, 36, 38, 48, 53, 58, 59, 66, 69, 76, 85, 86, 90, 94, 102, 110, 117}
7530: {2, 4, 9, 16, 24, 28, 34, 37, 39, 43, 52, 58, 61, 63, 67, 76, 85, 86, 91, 93, 102, 108, 114}
7559: {2, 3, 9, 13, 24, 28, 35, 36, 39, 41, 52, 58, 59, 63, 73, 83, 85, 87, 90, 93, 105, 110, 119}
7576: {1, 7, 9, 13, 24, 29, 34, 36, 38, 48, 53, 58, 61, 63, 67, 76, 85, 86, 90, 94, 102, 110, 117}
7581: {1, 7, 9, 17, 24, 31, 34, 36, 38, 48, 53, 58, 59, 63, 69, 77, 85, 86, 90, 94, 102, 110, 116}
7606: {1, 7, 9, 17, 24, 32, 34, 36, 38, 48, 53, 58, 59, 63, 69, 77, 85, 86, 90, 94, 102, 110, 116}
7656: {1, 7, 9, 13, 24, 31, 34, 36, 38, 48, 53, 58, 59, 66, 67, 77, 85, 86, 90, 94, 102, 110, 117}
7659: {2, 6, 9, 13, 24, 28, 35, 36, 39, 50, 52, 58, 59, 63, 73, 83, 85, 88, 90, 93, 104, 110, 119}
7661: {1, 7, 9, 13, 24, 31, 34, 36, 38, 48, 53, 58, 61, 63, 67, 77, 85, 86, 90, 94, 102, 110, 116}
7699: {2, 7, 11, 15, 24, 28, 34, 37, 39, 44, 52, 58, 59, 66, 67, 76, 85, 86, 91, 93, 102, 108, 114}
7712: {1, 7, 9, 13, 24, 32, 34, 36, 38, 48, 53, 58, 59, 66, 69, 76, 85, 86, 90, 94, 102, 110, 119}
7721: {2, 4, 9, 16, 24, 28, 34, 37, 39, 44, 52, 58, 61, 66, 67, 76, 85, 86, 91, 93, 102, 107, 114}
7724: {2, 7, 9, 13, 24, 28, 35, 36, 39, 51, 52, 58, 59, 63, 73, 83, 85, 87, 90, 93, 105, 112, 119}
7728: {1, 3, 10, 13, 24, 33, 35, 36, 39, 50, 52, 55, 61, 65, 74, 84, 85, 86, 92, 97, 102, 112, 116}
7737: {2, 4, 11, 16, 24, 28, 34, 37, 39, 43, 52, 58, 59, 63, 67, 76, 85, 86, 91, 93, 102, 108, 114}
7745: {2, 7, 11, 15, 24, 28, 34, 37, 39, 44, 52, 58, 59, 63, 67, 76, 85, 86, 91, 93, 102, 108, 114}
7753: {2, 7, 11, 16, 24, 28, 34, 37, 39, 43, 52, 58, 59, 63, 67, 76, 85, 86, 91, 93, 102, 107, 114}
7771: {1, 7, 10, 13, 24, 29, 34, 36, 38, 48, 53, 58, 61, 63, 67, 76, 85, 86, 90, 94, 102, 110, 116}
7775: {1, 3, 9, 13, 24, 31, 34, 36, 38, 48, 53, 58, 59, 66, 67, 76, 85, 86, 90, 94, 102, 110, 117}
7799: {1, 7, 10, 17, 24, 32, 34, 36, 38, 48, 53, 58, 61, 63, 69, 76, 85, 86, 90, 94, 102, 110, 116}
7802: {1, 6, 10, 21, 24, 33, 35, 36, 39, 44, 52, 55, 61, 65, 74, 84, 85, 86, 92, 97, 102, 112, 116}
7803: {1, 3, 9, 13, 24, 32, 34, 36, 38, 48, 53, 58, 59, 66, 69, 76, 85, 86, 90, 94, 102, 110, 116}
7810: {2, 4, 11, 16, 24, 28, 34, 37, 39, 42, 52, 58, 59, 66, 67, 76, 85, 86, 91, 93, 102, 108, 114}
7819: {2, 4, 9, 16, 24, 28, 34, 37, 39, 42, 52, 58, 59, 63, 67, 76, 85, 86, 91, 93, 102, 108, 114}
7844: {2, 3, 9, 16, 24, 28, 34, 37, 39, 42, 52, 58, 61, 66, 67, 76, 85, 86, 91, 93, 102, 107, 114}
7846: {2, 3, 9, 13, 24, 28, 35, 36, 39, 50, 52, 58, 59, 63, 73, 83, 85, 87, 90, 93, 106, 112, 119}
7847: {1, 7, 10, 17, 24, 31, 34, 36, 38, 48, 53, 58, 59, 63, 67, 76, 85, 86, 90, 94, 102, 110, 116}
7854: {1, 7, 10, 17, 24, 32, 34, 36, 38, 48, 53, 58, 59, 63, 69, 77, 85, 86, 90, 94, 102, 110, 119}
7859: {2, 3, 11, 16, 24, 28, 34, 37, 39, 44, 52, 58, 59, 63, 67, 76, 85, 86, 91, 93, 102, 108, 114}
7860: {2, 3, 9, 13, 24, 28, 35, 36, 39, 51, 52, 58, 59, 63, 73, 83, 85, 88, 90, 93, 104, 112, 119}
7879: {2, 7, 9, 13, 24, 28, 35, 36, 39, 51, 52, 58, 59, 63, 73, 83, 85, 88, 90, 93, 99, 112, 119}
7933: {1, 7, 9, 17, 24, 32, 34, 36, 38, 48, 53, 58, 59, 66, 69, 76, 85, 86, 90, 94, 102, 110, 117}
7944: {1, 7, 10, 13, 24, 29, 34, 36, 38, 48, 53, 58, 61, 63, 69, 76, 85, 86, 90, 94, 102, 110, 117}
7970: {1, 7, 9, 17, 24, 31, 34, 36, 38, 48, 53, 58, 59, 66, 69, 76, 85, 86, 90, 94, 102, 110, 117}
7972: {2, 3, 9, 13, 24, 28, 35, 36, 39, 50, 52, 58, 59, 63, 73, 83, 85, 87, 90, 93, 99, 110, 119}
7986: {2, 7, 9, 13, 24, 28, 35, 36, 39, 50, 52, 58, 59, 63, 73, 83, 85, 87, 90, 93, 105, 112, 119}
7989: {2, 4, 9, 13, 24, 28, 35, 36, 39, 51, 52, 58, 59, 63, 73, 83, 85, 88, 90, 93, 106, 112, 119}
7996: {1, 7, 9, 17, 24, 31, 34, 36, 38, 48, 53, 58, 59, 66, 67, 76, 85, 86, 90, 94, 102, 110, 117}
8008: {1, 7, 9, 17, 24, 29, 34, 36, 38, 48, 53, 58, 59, 66, 69, 76, 85, 86, 90, 94, 102, 110, 116}
8015: {2, 7, 9, 16, 24, 28, 34, 37, 39, 44, 52, 58, 59, 63, 67, 76, 85, 86, 91, 93, 102, 107, 114}
8029: {1, 7, 9, 13, 24, 29, 34, 36, 38, 48, 53, 58, 59, 63, 69, 76, 85, 86, 90, 94, 102, 110, 119}
8030: {2, 3, 11, 16, 24, 28, 34, 37, 39, 42, 52, 58, 59, 63, 67, 76, 85, 86, 91, 93, 102, 108, 114}
8034: {1, 7, 10, 13, 24, 29, 34, 36, 38, 48, 53, 58, 59, 63, 69, 76, 85, 86, 90, 94, 102, 110, 119}
8052: {2, 3, 11, 15, 24, 28, 34, 37, 39, 44, 52, 58, 59, 66, 67, 76, 85, 86, 91, 93, 102, 107, 114}
8063: {1, 7, 10, 13, 24, 31, 34, 36, 38, 48, 53, 58, 59, 66, 69, 76, 85, 86, 90, 94, 102, 110, 119}
8067: {1, 7, 9, 17, 24, 29, 34, 36, 38, 48, 53, 58, 61, 66, 67, 76, 85, 86, 90, 94, 102, 110, 117}
8078: {2, 6, 9, 13, 24, 28, 35, 36, 39, 51, 52, 58, 59, 63, 73, 83, 85, 87, 90, 93, 104, 110, 119}
