56: {2, 4, 10, 14, 23, 26, 34, 36, 39, 44, 52, 55, 59, 63, 67, 76, 85, 86, 90, 93, 98, 107, 115}
60: {2, 3, 10, 13, 23, 26, 34, 36, 39, 43, 52, 57, 59, 65, 67, 76, 85, 86, 90, 93, 98, 111, 117}
69: {2, 3, 10, 14, 23, 26, 34, 36, 39, 44, 52, 55, 59, 63, 67, 76, 85, 86, 90, 93, 98, 108, 114}
75: {2, 4, 9, 14, 23, 26, 34, 36, 39, 40, 52, 55, 59, 63, 67, 76, 85, 86, 90, 93, 98, 107, 114}
83: {2, 6, 11, 16, 24, 28, 34, 36, 38, 41, 52, 54, 59, 63, 67, 76, 85, 86, 90, 93, 99, 111, 113}
89: {2, 6, 10, 13, 23, 27, 34, 36, 39, 44, 52, 57, 59, 65, 67, 76, 85, 86, 90, 93, 98, 111, 114}
101: {2, 3, 11, 13, 24, 28, 34, 37, 39, 43, 53, 54, 60, 63, 67, 76, 85, 86, 90, 94, 98, 107, 114}
121: {1, 3, 9, 15, 23, 25, 34, 36, 38, 40, 52, 54, 59, 63, 67, 76, 85, 86, 90, 93, 98, 110, 114}
143: {2, 5, 11, 13, 24, 28, 34, 36, 38, 40, 52, 54, 59, 63, 67, 76, 85, 86, 90, 93, 99, 110, 113}
159: {2, 4, 10, 15, 23, 26, 34, 36, 39, 41, 52, 55, 59, 63, 67, 76, 85, 86, 90, 93, 98, 107, 115}
188: {2, 6, 11, 16, 24, 28, 34, 36, 38, 43, 52, 54, 59, 63, 67, 76, 85, 86, 90, 93, 98, 110, 113}
196: {2, 6, 11, 16, 24, 28, 34, 36, 38, 42, 52, 54, 59, 63, 67, 76, 85, 86, 90, 93, 99, 111, 113}
226: {2, 4, 10, 15, 23, 27, 34, 36, 39, 41, 52, 55, 59, 63, 67, 76, 85, 86, 90, 93, 98, 107, 114}
232: {1, 3, 10, 15, 23, 25, 34, 36, 38, 40, 52, 54, 59, 63, 67, 76, 85, 86, 90, 93, 98, 107, 113}
235: {2, 4, 9, 15, 23, 27, 34, 36, 39, 40, 52, 55, 59, 63, 67, 76, 85, 86, 90, 93, 99, 108, 114}
241: {2, 6, 10, 14, 23, 26, 34, 36, 39, 44, 52, 57, 59, 65, 67, 76, 85, 86, 90, 93, 98, 111, 117}
252: {1, 3, 9, 13, 23, 25, 34, 36, 38, 43, 52, 54, 59, 63, 67, 76, 85, 86, 90, 93, 99, 107, 114}
264: {2, 3, 10, 15, 23, 26, 34, 36, 39, 41, 52, 55, 59, 63, 67, 76, 85, 86, 90, 93, 99, 107, 115}
287: {2, 4, 10, 14, 23, 26, 34, 36, 39, 42, 52, 55, 59, 63, 67, 76, 85, 86, 90, 93, 98, 107, 115}
294: {2, 4, 10, 15, 23, 27, 34, 36, 39, 40, 52, 55, 59, 63, 67, 76, 85, 86, 90, 93, 99, 107, 114}
310: {2, 3, 11, 15, 24, 28, 34, 37, 39, 41, 53, 54, 59, 63, 67, 76, 85, 86, 90, 94, 99, 107, 114}
337: {2, 3, 10, 13, 23, 26, 34, 36, 39, 44, 52, 57, 59, 65, 67, 76, 85, 86, 90, 93, 98, 111, 114}
353: {2, 4, 10, 15, 23, 26, 34, 36, 39, 40, 52, 55, 59, 63, 67, 76, 85, 86, 90, 93, 99, 107, 114}
367: {2, 3, 10, 14, 23, 26, 34, 36, 39, 44, 52, 57, 59, 65, 67, 76, 85, 86, 90, 93, 99, 107, 117}
375: {2, 3, 9, 15, 23, 26, 34, 36, 39, 40, 52, 55, 59, 63, 67, 76, 85, 86, 90, 93, 98, 107, 115}
388: {2, 3, 9, 13, 24, 28, 34, 37, 39, 41, 53, 54, 59, 63, 67, 76, 85, 86, 90, 94, 98, 109, 114}
401: {2, 4, 10, 15, 23, 27, 34, 36, 39, 44, 52, 55, 59, 63, 67, 76, 85, 86, 90, 93, 99, 108, 114}
405: {2, 3, 9, 15, 23, 27, 34, 36, 39, 40, 52, 55, 59, 63, 67, 76, 85, 86, 90, 93, 99, 107, 115}
417: {2, 3, 11, 15, 23, 27, 34, 37, 38, 43, 53, 56, 59, 63, 67, 76, 85, 86, 90, 93, 100, 110, 116}
438: {2, 3, 10, 15, 23, 27, 34, 36, 39, 42, 52, 55, 59, 63, 67, 76, 85, 86, 90, 93, 99, 108, 115}
467: {2, 3, 9, 15, 23, 26, 34, 36, 39, 42, 52, 55, 59, 63, 67, 76, 85, 86, 90, 93, 98, 108, 115}
471: {2, 3, 10, 14, 23, 27, 34, 36, 39, 42, 52, 55, 59, 63, 67, 76, 85, 86, 90, 93, 98, 108, 114}
475: {2, 6, 9, 14, 23, 27, 34, 37, 38, 41, 53, 56, 59, 63, 67, 76, 85, 86, 90, 93, 99, 110, 116}
478: {2, 4, 10, 15, 23, 26, 34, 36, 39, 44, 52, 55, 59, 63, 67, 76, 85, 86, 90, 93, 99, 108, 114}
484: {2, 6, 11, 16, 24, 28, 34, 36, 38, 42, 52, 54, 59, 63, 67, 76, 85, 86, 90, 93, 98, 111, 113}
507: {2, 3, 9, 16, 24, 28, 34, 37, 39, 43, 53, 54, 59, 63, 67, 76, 85, 86, 90, 94, 99, 107, 114}
512: {2, 4, 10, 14, 23, 26, 34, 36, 39, 40, 52, 55, 59, 63, 67, 76, 85, 86, 90, 93, 98, 107, 114}
546: {2, 3, 9, 15, 23, 26, 34, 36, 39, 44, 52, 55, 59, 63, 67, 76, 85, 86, 90, 93, 98, 107, 115}
549: {2, 3, 11, 14, 23, 27, 34, 37, 38, 43, 53, 56, 59, 63, 67, 76, 85, 86, 90, 93, 100, 110, 116}
550: {2, 3, 9, 14, 23, 26, 34, 36, 39, 42, 52, 55, 59, 63, 67, 76, 85, 86, 90, 93, 99, 108, 115}
568: {2, 6, 9, 16, 24, 28, 34, 37, 39, 40, 53, 54, 59, 64, 67, 76, 85, 86, 90, 94, 98, 107, 114}
582: {2, 3, 9, 14, 23, 26, 34, 36, 39, 44, 52, 55, 59, 63, 67, 76, 85, 86, 90, 93, 99, 107, 115}
606: {2, 4, 9, 15, 23, 26, 34, 36, 39, 41, 52, 55, 59, 63, 67, 76, 85, 86, 90, 93, 98, 108, 114}
625: {2, 6, 11, 16, 24, 28, 34, 36, 38, 43, 52, 54, 59, 63, 67, 76, 85, 86, 90, 93, 98, 111, 113}
631: {2, 6, 11, 13, 24, 28, 34, 37, 39, 41, 53, 54, 59, 63, 67, 76, 85, 86, 90, 94, 99, 107, 114}
657: {2, 6, 11, 15, 24, 28, 34, 37, 39, 40, 53, 54, 59, 63, 67, 76, 85, 86, 90, 94, 99, 107, 114}
673: {2, 6, 11, 13, 24, 28, 34, 37, 39, 43, 53, 54, 59, 63, 67, 76, 85, 86, 90, 94, 98, 109, 114}
742: {2, 4, 9, 15, 23, 26, 34, 36, 39, 41, 52, 55, 59, 63, 67, 76, 85, 86, 90, 93, 98, 107, 115}
754: {2, 4, 10, 14, 23, 27, 34, 36, 39, 44, 52, 55, 59, 63, 67, 76, 85, 86, 90, 93, 98, 107, 114}
783: {2, 4, 10, 14, 23, 27, 34, 36, 39, 44, 52, 55, 59, 63, 67, 76, 85, 86, 90, 93, 98, 107, 115}
796: {1, 3, 10, 13, 23, 25, 34, 36, 38, 41, 52, 54, 59, 63, 67, 76, 85, 86, 90, 93, 99, 107, 113}
798: {2, 3, 9, 15, 24, 28, 34, 37, 39, 45, 53, 54, 60, 63, 67, 76, 85, 86, 90, 94, 98, 107, 114}
820: {2, 4, 10, 15, 23, 27, 34, 36, 39, 40, 52, 55, 59, 63, 67, 76, 85, 86, 90, 93, 99, 108, 114}
823: {2, 4, 9, 14, 23, 26, 34, 36, 39, 41, 52, 55, 59, 63, 67, 76, 85, 86, 90, 93, 98, 107, 115}
830: {2, 6, 9, 14, 23, 27, 34, 37, 38, 43, 53, 56, 59, 63, 67, 76, 85, 86, 90, 93, 100, 110, 116}
845: {2, 3, 9, 14, 23, 26, 34, 36, 39, 42, 52, 55, 59, 63, 67, 76, 85, 86, 90, 93, 98, 108, 114}
850: {2, 3, 9, 15, 23, 27, 34, 37, 38, 44, 53, 56, 59, 63, 67, 76, 85, 86, 90, 93, 100, 110, 116}
879: {2, 6, 10, 14, 23, 27, 34, 36, 39, 44, 52, 57, 59, 65, 67, 76, 85, 86, 90, 93, 99, 111, 114}
898: {2, 3, 9, 15, 23, 27, 34, 36, 39, 40, 52, 55, 59, 63, 67, 76, 85, 86, 90, 93, 98, 108, 115}
909: {1, 6, 10, 13, 23, 25, 34, 36, 38, 43, 52, 54, 59, 63, 67, 76, 85, 86, 90, 93, 99, 110, 113}
919: {2, 6, 11, 13, 24, 28, 34, 37, 39, 40, 53, 54, 60, 64, 67, 76, 85, 86, 90, 94, 99, 109, 114}
943: {1, 3, 9, 15, 23, 25, 34, 36, 38, 44, 52, 54, 59, 63, 67, 76, 85, 86, 90, 93, 99, 107, 114}
951: {1, 3, 10, 15, 23, 25, 34, 36, 38, 44, 52, 54, 59, 63, 67, 76, 85, 86, 90, 93, 99, 107, 113}
981: {2, 6, 11, 13, 23, 28, 34, 36, 39, 46, 53, 56, 59, 63, 69, 77, 85, 86, 90, 93, 99, 111, 116}
1030: {2, 3, 9, 15, 24, 28, 34, 37, 39, 40, 53, 54, 59, 63, 67, 76, 85, 86, 90, 94, 98, 109, 114}
1043: {2, 3, 11, 15, 24, 28, 34, 37, 39, 45, 53, 54, 59, 63, 67, 76, 85, 86, 90, 94, 98, 109, 114}
1048: {1, 6, 10, 13, 23, 25, 34, 36, 38, 41, 52, 54, 59, 63, 67, 76, 85, 86, 90, 93, 99, 107, 113}
1051: {2, 3, 11, 17, 23, 28, 34, 36, 39, 44, 53, 56, 59, 63, 67, 76, 85, 86, 90, 93, 98, 110, 116}
1065: {1, 6, 10, 15, 23, 25, 34, 36, 38, 40, 52, 54, 59, 63, 67, 76, 85, 86, 90, 93, 98, 107, 113}
1068: {2, 6, 11, 15, 24, 28, 34, 37, 39, 43, 53, 54, 60, 63, 67, 76, 85, 86, 90, 94, 99, 109, 114}
1082: {1, 6, 10, 13, 23, 25, 34, 36, 38, 40, 52, 54, 59, 63, 67, 76, 85, 86, 90, 93, 99, 110, 113}
1103: {2, 3, 11, 16, 24, 28, 34, 37, 39, 45, 53, 54, 59, 63, 67, 76, 85, 86, 90, 94, 99, 107, 114}
1123: {2, 3, 9, 13, 24, 28, 34, 37, 39, 43, 53, 54, 60, 64, 67, 76, 85, 86, 90, 94, 99, 107, 114}
1125: {2, 6, 9, 14, 23, 26, 34, 37, 38, 43, 53, 56, 59, 63, 67, 76, 85, 86, 90, 93, 100, 110, 116}
1153: {1, 3, 10, 15, 23, 25, 34, 36, 38, 40, 52, 54, 59, 63, 67, 76, 85, 86, 90, 93, 99, 110, 114}
1159: {2, 6, 11, 15, 24, 28, 34, 37, 39, 41, 53, 54, 59, 64, 67, 76, 85, 86, 90, 94, 99, 107, 114}
1197: {2, 3, 11, 16, 24, 28, 34, 37, 39, 40, 53, 54, 60, 63, 67, 76, 85, 86, 90, 94, 98, 107, 114}
1213: {2, 6, 10, 14, 23, 26, 34, 36, 39, 41, 52, 57, 59, 65, 67, 76, 85, 86, 90, 93, 98, 111, 114}
1221: {2, 3, 10, 14, 23, 26, 34, 36, 39, 41, 52, 57, 59, 65, 67, 76, 85, 86, 90, 93, 98, 107, 114}
1237: {2, 6, 9, 16, 24, 28, 34, 37, 39, 43, 53, 54, 60, 63, 67, 76, 85, 86, 90, 94, 98, 109, 114}
1252: {2, 3, 11, 13, 23, 28, 34, 36, 39, 41, 53, 56, 59, 63, 67, 76, 85, 86, 90, 93, 99, 110, 116}
1263: {1, 6, 9, 15, 23, 25, 34, 36, 38, 40, 52, 54, 59, 63, 67, 76, 85, 86, 90, 93, 98, 107, 114}
1279: {2, 3, 9, 15, 24, 28, 34, 37, 39, 45, 53, 54, 59, 63, 67, 76, 85, 86, 90, 94, 98, 107, 114}
1280: {2, 6, 9, 15, 24, 28, 34, 37, 39, 45, 53, 54, 60, 63, 67, 76, 85, 86, 90, 94, 99, 107, 114}
1300: {2, 6, 9, 15, 24, 28, 34, 37, 39, 41, 53, 54, 59, 63, 67, 76, 85, 86, 90, 94, 99, 109, 114}
1308: {2, 6, 9, 15, 24, 28, 34, 37, 39, 40, 53, 54, 59, 64, 67, 76, 85, 86, 90, 94, 99, 107, 114}
1322: {1, 3, 9, 15, 23, 25, 34, 36, 38, 41, 52, 54, 59, 63, 67, 76, 85, 86, 90, 93, 99, 107, 114}
1360: {2, 6, 9, 15, 24, 28, 34, 37, 39, 41, 53, 54, 60, 63, 67, 76, 85, 86, 90, 94, 98, 107, 114}
1387: {2, 6, 11, 13, 24, 28, 34, 37, 39, 40, 53, 54, 59, 63, 67, 76, 85, 86, 90, 94, 99, 107, 114}
1408: {2, 3, 9, 15, 24, 28, 34, 37, 39, 43, 53, 54, 59, 63, 67, 76, 85, 86, 90, 94, 98, 109, 114}
1415: {2, 6, 11, 15, 24, 28, 34, 37, 39, 40, 53, 54, 60, 63, 67, 76, 85, 86, 90, 94, 99, 109, 114}
1450: {2, 6, 9, 16, 24, 28, 34, 37, 39, 40, 53, 54, 60, 63, 67, 76, 85, 86, 90, 94, 99, 107, 114}
1454: {1, 6, 10, 13, 23, 25, 34, 36, 38, 43, 52, 54, 59, 63, 67, 76, 85, 86, 90, 93, 99, 110, 114}
1467: {2, 3, 11, 13, 23, 28, 34, 36, 39, 41, 53, 56, 59, 63, 68, 78, 85, 86, 90, 93, 99, 111, 116}
1489: {2, 3, 9, 13, 24, 28, 34, 37, 39, 45, 53, 54, 59, 64, 67, 76, 85, 86, 90, 94, 99, 107, 114}
1516: {2, 6, 11, 16, 24, 28, 34, 37, 39, 41, 53, 54, 60, 64, 67, 76, 85, 86, 90, 94, 99, 109, 114}
1520: {2, 3, 11, 13, 24, 28, 34, 37, 39, 45, 53, 54, 60, 64, 67, 76, 85, 86, 90, 94, 98, 107, 114}
1522: {2, 6, 9, 15, 24, 28, 34, 37, 39, 41, 53, 54, 59, 64, 67, 76, 85, 86, 90, 94, 98, 107, 114}
1532: {2, 6, 9, 15, 24, 28, 34, 37, 39, 45, 53, 54, 59, 63, 67, 76, 85, 86, 90, 94, 99, 107, 114}
1533: {1, 6, 9, 15, 23, 25, 34, 36, 38, 41, 52, 54, 59, 63, 67, 76, 85, 86, 90, 93, 99, 107, 113}
1549: {2, 3, 10, 14, 23, 26, 34, 36, 39, 44, 52, 57, 59, 65, 67, 76, 85, 86, 90, 93, 98, 111, 114}
1551: {2, 6, 11, 13, 24, 28, 34, 37, 39, 40, 53, 54, 60, 64, 67, 76, 85, 86, 90, 94, 98, 109, 114}
1580: {1, 6, 10, 13, 23, 25, 34, 36, 38, 41, 52, 54, 59, 63, 67, 76, 85, 86, 90, 93, 98, 107, 114}
1590: {2, 6, 11, 15, 24, 28, 34, 37, 39, 45, 53, 54, 60, 64, 67, 76, 85, 86, 90, 94, 98, 107, 114}
1647: {2, 3, 9, 14, 23, 27, 34, 36, 39, 41, 52, 55, 59, 63, 67, 76, 85, 86, 90, 93, 99, 108, 115}
1784: {1, 6, 9, 15, 23, 25, 34, 36, 38, 44, 52, 54, 59, 63, 67, 76, 85, 86, 90, 93, 98, 107, 114}
1793: {2, 3, 11, 13, 24, 28, 34, 37, 39, 45, 53, 54, 60, 63, 67, 76, 85, 86, 90, 94, 99, 109, 114}
1800: {2, 6, 9, 16, 24, 28, 34, 37, 39, 43, 53, 54, 59, 64, 67, 76, 85, 86, 90, 94, 98, 109, 114}
1824: {2, 6, 11, 13, 23, 28, 34, 36, 39, 43, 53, 56, 59, 63, 69, 78, 85, 86, 90, 93, 99, 111, 116}
1834: {2, 3, 11, 16, 23, 28, 34, 36, 39, 46, 53, 56, 59, 63, 69, 76, 85, 86, 90, 93, 98, 110, 116}
1871: {2, 3, 9, 13, 24, 28, 34, 37, 39, 41, 53, 54, 59, 64, 67, 76, 85, 86, 90, 94, 98, 107, 114}
1882: {2, 3, 11, 15, 24, 28, 34, 37, 39, 40, 53, 54, 59, 63, 67, 76, 85, 86, 90, 94, 99, 109, 114}
1886: {2, 6, 11, 15, 23, 27, 34, 37, 38, 43, 53, 56, 59, 63, 67, 76, 85, 86, 90, 93, 99, 110, 116}
1889: {2, 6, 11, 16, 23, 28, 34, 36, 39, 41, 53, 56, 59, 63, 68, 78, 85, 86, 90, 93, 98, 110, 116}
1908: {2, 3, 11, 13, 23, 28, 34, 36, 39, 44, 53, 56, 59, 63, 67, 77, 85, 86, 90, 93, 99, 110, 116}
1910: {2, 6, 9, 15, 24, 28, 34, 37, 39, 41, 53, 54, 60, 64, 67, 76, 85, 86, 90, 94, 99, 107, 114}
1916: {2, 6, 10, 14, 23, 27, 34, 36, 39, 43, 52, 57, 59, 65, 67, 76, 85, 86, 90, 93, 99, 111, 114}
1961: {2, 3, 11, 16, 23, 28, 34, 36, 39, 46, 53, 56, 59, 63, 67, 78, 85, 86, 90, 93, 98, 111, 116}
1962: {2, 3, 11, 16, 24, 28, 34, 37, 39, 45, 53, 54, 59, 64, 67, 76, 85, 86, 90, 94, 98, 107, 114}
1977: {2, 3, 11, 13, 23, 28, 34, 36, 39, 41, 53, 56, 59, 63, 69, 78, 85, 86, 90, 93, 99, 110, 116}
1995: {2, 3, 11, 13, 24, 28, 34, 37, 39, 45, 53, 54, 59, 64, 67, 76, 85, 86, 90, 94, 98, 109, 114}
2011: {2, 3, 9, 13, 24, 28, 34, 37, 39, 40, 53, 54, 60, 64, 67, 76, 85, 86, 90, 94, 99, 109, 114}
2017: {2, 6, 11, 15, 24, 28, 34, 37, 39, 45, 53, 54, 60, 63, 67, 76, 85, 86, 90, 94, 98, 107, 114}
2019: {2, 6, 11, 15, 23, 26, 34, 37, 38, 41, 53, 56, 59, 63, 67, 76, 85, 86, 90, 93, 99, 110, 116}
2029: {2, 3, 9, 13, 24, 28, 34, 37, 39, 45, 53, 54, 60, 64, 67, 76, 85, 86, 90, 94, 98, 109, 114}
2077: {2, 3, 11, 13, 23, 28, 34, 36, 39, 41, 53, 56, 59, 63, 69, 77, 85, 86, 90, 93, 99, 110, 116}
2092: {2, 3, 9, 15, 24, 28, 34, 37, 39, 40, 53, 54, 59, 64, 67, 76, 85, 86, 90, 94, 99, 109, 114}
2096: {2, 3, 10, 16, 23, 28, 34, 36, 39, 43, 53, 56, 59, 63, 68, 76, 85, 86, 90, 93, 98, 111, 116}
2117: {2, 3, 10, 17, 23, 28, 34, 36, 39, 44, 53, 56, 59, 63, 67, 78, 85, 86, 90, 93, 98, 111, 116}
2150: {1, 3, 9, 15, 23, 25, 34, 36, 38, 44, 52, 54, 59, 63, 67, 76, 85, 86, 90, 93, 98, 107, 114}
2152: {2, 6, 11, 13, 23, 28, 34, 36, 39, 43, 53, 56, 59, 63, 68, 78, 85, 86, 90, 93, 98, 111, 116}
2216: {2, 3, 10, 13, 23, 28, 34, 36, 39, 44, 53, 56, 59, 63, 67, 78, 85, 86, 90, 93, 99, 110, 116}
2224: {2, 3, 10, 17, 23, 28, 34, 36, 39, 46, 53, 56, 59, 63, 68, 78, 85, 86, 90, 93, 99, 110, 116}
2232: {2, 3, 11, 17, 23, 28, 34, 36, 39, 44, 53, 56, 59, 63, 67, 77, 85, 86, 90, 93, 98, 110, 116}
2241: {2, 3, 10, 17, 23, 28, 34, 36, 39, 44, 53, 56, 59, 63, 67, 78, 85, 86, 90, 93, 99, 111, 116}
2256: {2, 6, 11, 16, 23, 28, 34, 36, 39, 43, 53, 56, 59, 63, 69, 77, 85, 86, 90, 93, 98, 111, 116}
2266: {2, 3, 10, 13, 23, 28, 34, 36, 39, 41, 53, 56, 59, 63, 69, 76, 85, 86, 90, 93, 98, 111, 116}
2274: {2, 3, 10, 17, 23, 28, 34, 36, 39, 46, 53, 56, 59, 63, 68, 76, 85, 86, 90, 93, 98, 111, 116}
2327: {2, 6, 11, 13, 23, 28, 34, 36, 39, 44, 53, 56, 59, 63, 68, 76, 85, 86, 90, 93, 99, 111, 116}
2361: {2, 3, 10, 13, 23, 28, 34, 36, 39, 41, 53, 56, 59, 63, 67, 76, 85, 86, 90, 93, 99, 111, 116}
2401: {1, 3, 9, 15, 23, 25, 34, 36, 38, 41, 52, 54, 59, 63, 67, 76, 85, 86, 90, 93, 98, 110, 114}
2435: {2, 3, 11, 16, 23, 28, 34, 36, 39, 43, 53, 56, 59, 63, 68, 76, 85, 86, 90, 93, 98, 110, 116}
2456: {2, 6, 11, 13, 23, 28, 34, 36, 39, 43, 53, 56, 59, 63, 69, 77, 85, 86, 90, 93, 98, 110, 116}
2466: {2, 3, 11, 16, 23, 28, 34, 36, 39, 43, 53, 56, 59, 63, 68, 78, 85, 86, 90, 93, 98, 110, 116}
2468: {2, 3, 10, 17, 23, 28, 34, 36, 39, 43, 53, 56, 59, 63, 69, 76, 85, 86, 90, 93, 98, 110, 116}
2539: {2, 3, 11, 17, 23, 28, 34, 36, 39, 41, 53, 56, 59, 63, 67, 78, 85, 86, 90, 93, 98, 110, 116}
2542: {2, 3, 11, 16, 23, 28, 34, 36, 39, 46, 53, 56, 59, 63, 67, 76, 85, 86, 90, 93, 98, 110, 116}
2555: {2, 3, 11, 16, 23, 28, 34, 36, 39, 43, 53, 56, 59, 63, 67, 78, 85, 86, 90, 93, 98, 111, 116}
2560: {2, 3, 10, 13, 23, 28, 34, 36, 39, 46, 53, 56, 59, 63, 69, 78, 85, 86, 90, 93, 98, 111, 116}
2608: {2, 6, 11, 13, 23, 28, 34, 36, 39, 41, 53, 56, 59, 63, 68, 78, 85, 86, 90, 93, 99, 110, 116}
2639: {2, 6, 11, 16, 23, 28, 34, 36, 39, 41, 53, 56, 59, 63, 69, 78, 85, 86, 90, 93, 99, 110, 116}
2681: {2, 6, 11, 13, 23, 28, 34, 36, 39, 43, 53, 56, 59, 63, 69, 77, 85, 86, 90, 93, 99, 110, 116}
2770: {2, 3, 11, 16, 23, 28, 34, 36, 39, 46, 53, 56, 59, 63, 67, 78, 85, 86, 90, 93, 99, 111, 116}
2833: {2, 3, 11, 13, 23, 28, 34, 36, 39, 46, 53, 56, 59, 63, 67, 76, 85, 86, 90, 93, 99, 110, 116}
2840: {2, 3, 11, 16, 23, 28, 34, 36, 39, 46, 53, 56, 59, 63, 69, 78, 85, 86, 90, 93, 98, 111, 116}
2841: {2, 3, 11, 16, 23, 28, 34, 36, 39, 46, 53, 56, 59, 63, 68, 78, 85, 86, 90, 93, 98, 110, 116}
2844: {2, 3, 11, 17, 23, 28, 34, 36, 39, 43, 53, 56, 59, 63, 67, 77, 85, 86, 90, 93, 99, 110, 116}
2891: {2, 3, 11, 13, 24, 28, 34, 37, 39, 40, 53, 54, 59, 63, 67, 76, 85, 86, 90, 94, 98, 109, 114}
2897: {2, 3, 10, 13, 23, 28, 34, 36, 39, 43, 53, 56, 59, 63, 69, 77, 85, 86, 90, 93, 98, 110, 116}
2919: {2, 3, 11, 17, 23, 28, 34, 36, 39, 44, 53, 56, 59, 63, 67, 76, 85, 86, 90, 93, 98, 111, 116}
2929: {2, 3, 11, 16, 23, 28, 34, 36, 39, 41, 53, 56, 59, 63, 68, 77, 85, 86, 90, 93, 99, 111, 116}
2945: {2, 3, 10, 13, 23, 28, 34, 36, 39, 46, 53, 56, 59, 63, 67, 78, 85, 86, 90, 93, 98, 110, 116}
2950: {2, 3, 10, 17, 23, 28, 34, 36, 39, 46, 53, 56, 59, 63, 67, 76, 85, 86, 90, 93, 99, 110, 116}
2967: {2, 6, 11, 16, 24, 28, 34, 37, 39, 41, 53, 54, 60, 63, 67, 76, 85, 86, 90, 94, 99, 107, 114}
2989: {2, 3, 11, 16, 23, 28, 34, 36, 39, 44, 53, 56, 59, 63, 67, 76, 85, 86, 90, 93, 99, 111, 116}
2992: {2, 3, 11, 13, 23, 28, 34, 36, 39, 44, 53, 56, 59, 63, 67, 76, 85, 86, 90, 93, 98, 110, 116}
3006: {2, 6, 11, 16, 23, 28, 34, 36, 39, 46, 53, 56, 59, 63, 69, 77, 85, 86, 90, 93, 99, 111, 116}
3012: {2, 6, 10, 17, 23, 28, 34, 36, 39, 46, 53, 56, 59, 63, 69, 78, 85, 86, 90, 93, 98, 111, 116}
3088: {1, 3, 11, 16, 24, 29, 34, 36, 39, 45, 52, 56, 61, 66, 69, 79, 85, 86, 90, 95, 101, 111, 116}
3139: {1, 3, 11, 14, 24, 29, 34, 36, 39, 42, 52, 56, 61, 66, 70, 80, 85, 86, 90, 95, 101, 110, 117}
3208: {2, 6, 10, 16, 23, 28, 34, 36, 39, 46, 53, 56, 59, 63, 68, 77, 85, 86, 90, 93, 98, 111, 116}
3212: {1, 3, 11, 14, 24, 29, 34, 36, 39, 42, 52, 56, 61, 66, 70, 79, 85, 86, 90, 95, 101, 110, 116}
3227: {1, 3, 11, 16, 24, 29, 34, 36, 39, 43, 52, 56, 61, 66, 69, 79, 85, 86, 90, 95, 101, 111, 117}
3253: {2, 6, 10, 16, 23, 28, 34, 36, 39, 46, 53, 56, 59, 63, 69, 77, 85, 86, 90, 93, 98, 111, 116}
3276: {2, 6, 11, 16, 23, 28, 34, 36, 39, 44, 53, 56, 59, 63, 68, 76, 85, 86, 90, 93, 98, 111, 116}
3288: {2, 6, 10, 17, 23, 28, 34, 36, 39, 43, 53, 56, 59, 63, 68, 78, 85, 86, 90, 93, 99, 111, 116}
3310: {2, 6, 10, 13, 23, 28, 34, 36, 39, 46, 53, 56, 59, 63, 69, 77, 85, 86, 90, 93, 99, 111, 116}
3319: {2, 6, 11, 17, 23, 28, 34, 36, 39, 43, 53, 56, 59, 63, 69, 78, 85, 86, 90, 93, 98, 111, 116}
3343: {2, 6, 11, 16, 23, 28, 34, 36, 39, 46, 53, 56, 59, 63, 68, 78, 85, 86, 90, 93, 98, 110, 116}
3352: {1, 3, 9, 16, 24, 30, 34, 37, 38, 42, 52, 56, 59, 63, 67, 76, 85, 86, 90, 93, 99, 107, 116}
3363: {1, 6, 10, 16, 24, 29, 34, 36, 39, 45, 52, 56, 61, 66, 71, 80, 85, 86, 90, 95, 101, 111, 116}
3365: {2, 6, 10, 17, 23, 28, 34, 36, 39, 43, 53, 56, 59, 63, 68, 77, 85, 86, 90, 93, 99, 111, 116}
3422: {1, 3, 11, 16, 24, 30, 34, 37, 38, 42, 52, 56, 59, 63, 67, 76, 85, 86, 90, 93, 98, 110, 116}
3427: {1, 3, 9, 16, 24, 30, 34, 37, 38, 43, 52, 56, 59, 63, 67, 76, 85, 86, 90, 93, 98, 110, 116}
3441: {2, 6, 10, 16, 23, 28, 34, 36, 39, 46, 53, 56, 59, 63, 67, 77, 85, 86, 90, 93, 98, 110, 116}
3458: {1, 3, 11, 15, 24, 30, 34, 37, 38, 42, 52, 56, 59, 63, 67, 76, 85, 86, 90, 93, 98, 107, 116}
3466: {1, 3, 10, 14, 24, 29, 34, 36, 39, 45, 52, 56, 61, 66, 70, 77, 85, 86, 90, 95, 101, 111, 116}
3484: {1, 3, 9, 15, 24, 30, 34, 36, 38, 46, 52, 56, 59, 63, 67, 76, 85, 86, 90, 93, 99, 110, 116}
3495: {2, 6, 11, 17, 23, 28, 34, 36, 39, 46, 53, 56, 59, 63, 67, 76, 85, 86, 90, 93, 98, 111, 116}
3510: {2, 6, 10, 16, 23, 28, 34, 36, 39, 41, 53, 56, 59, 63, 68, 76, 85, 86, 90, 93, 98, 110, 116}
3528: {2, 6, 10, 16, 23, 28, 34, 36, 39, 43, 53, 56, 59, 63, 69, 76, 85, 86, 90, 93, 98, 110, 116}
3535: {2, 6, 10, 13, 23, 28, 34, 36, 39, 43, 53, 56, 59, 63, 69, 76, 85, 86, 90, 93, 98, 110, 116}
3570: {2, 6, 11, 17, 23, 28, 34, 36, 39, 44, 53, 56, 59, 63, 69, 78, 85, 86, 90, 93, 99, 111, 116}
3599: {2, 6, 10, 13, 23, 28, 34, 36, 39, 41, 53, 56, 59, 63, 69, 78, 85, 86, 90, 93, 98, 111, 116}
3626: {1, 3, 11, 16, 24, 29, 34, 36, 39, 43, 52, 56, 61, 66, 69, 77, 85, 86, 90, 95, 101, 110, 116}
3639: {2, 6, 11, 16, 23, 28, 34, 36, 39, 44, 53, 56, 59, 63, 68, 77, 85, 86, 90, 93, 99, 111, 116}
3665: {2, 6, 10, 16, 23, 28, 34, 36, 39, 43, 53, 56, 59, 63, 67, 78, 85, 86, 90, 93, 98, 110, 116}
3672: {2, 6, 11, 17, 23, 28, 34, 36, 39, 46, 53, 56, 59, 63, 67, 76, 85, 86, 90, 93, 98, 110, 116}
3678: {2, 6, 10, 16, 23, 28, 34, 36, 39, 41, 53, 56, 59, 63, 67, 78, 85, 86, 90, 93, 98, 110, 116}
3687: {1, 3, 11, 16, 24, 29, 34, 36, 39, 42, 52, 56, 61, 66, 69, 77, 85, 86, 90, 95, 101, 110, 114}
3693: {1, 3, 11, 15, 24, 30, 34, 37, 38, 43, 52, 56, 59, 63, 67, 76, 85, 86, 90, 93, 99, 110, 116}
3738: {1, 3, 11, 16, 24, 29, 34, 36, 39, 43, 52, 56, 61, 66, 69, 80, 85, 86, 90, 95, 101, 110, 116}
3779: {2, 6, 10, 13, 23, 28, 34, 36, 39, 44, 53, 56, 59, 63, 69, 77, 85, 86, 90, 93, 99, 110, 116}
3865: {1, 3, 11, 16, 24, 29, 34, 36, 39, 43, 52, 56, 61, 66, 70, 77, 85, 86, 90, 95, 101, 110, 116}
3872: {1, 3, 11, 16, 24, 29, 34, 36, 39, 45, 52, 56, 61, 66, 71, 77, 85, 86, 90, 95, 101, 110, 116}
3890: {1, 3, 11, 16, 24, 29, 34, 36, 39, 45, 52, 56, 61, 66, 70, 79, 85, 86, 90, 95, 101, 110, 116}
3914: {1, 6, 11, 14, 24, 29, 34, 36, 39, 42, 52, 56, 61, 66, 69, 79, 85, 86, 90, 95, 101, 111, 114}
3932: {1, 6, 11, 14, 24, 29, 34, 36, 39, 42, 52, 56, 61, 66, 69, 77, 85, 86, 90, 95, 101, 110, 114}
3966: {1, 3, 10, 16, 24, 29, 34, 36, 39, 45, 52, 56, 61, 66, 71, 80, 85, 86, 90, 95, 101, 111, 114}
3976: {1, 3, 9, 18, 24, 30, 34, 36, 38, 46, 52, 56, 59, 63, 67, 76, 85, 86, 90, 93, 99, 107, 116}
3979: {1, 3, 9, 15, 24, 30, 34, 36, 38, 46, 52, 56, 59, 63, 67, 76, 85, 86, 90, 93, 98, 110, 116}
3980: {2, 6, 11, 17, 23, 28, 34, 36, 39, 44, 53, 56, 59, 63, 67, 77, 85, 86, 90, 93, 99, 110, 116}
3993: {1, 6, 11, 16, 24, 29, 34, 36, 39, 43, 52, 56, 61, 66, 70, 80, 85, 86, 90, 95, 101, 111, 114}
3998: {1, 3, 10, 16, 24, 29, 34, 36, 39, 45, 52, 56, 61, 66, 69, 79, 85, 86, 90, 95, 101, 110, 114}
4007: {2, 6, 11, 17, 23, 28, 34, 36, 39, 44, 53, 56, 59, 63, 68, 78, 85, 86, 90, 93, 99, 110, 116}
4016: {1, 6, 10, 14, 24, 29, 34, 36, 39, 43, 52, 56, 61, 66, 71, 79, 85, 86, 90, 95, 101, 110, 116}
4020: {2, 3, 10, 16, 23, 28, 34, 36, 39, 46, 53, 56, 59, 63, 68, 76, 85, 86, 90, 93, 99, 110, 116}
4023: {1, 3, 10, 16, 24, 29, 34, 36, 39, 43, 52, 56, 61, 66, 69, 79, 85, 86, 90, 95, 101, 111, 117}
4033: {1, 3, 10, 14, 24, 29, 34, 36, 39, 45, 52, 56, 61, 66, 69, 80, 85, 86, 90, 95, 101, 110, 116}
4041: {1, 3, 11, 16, 24, 29, 34, 36, 39, 43, 52, 56, 61, 66, 69, 77, 85, 86, 90, 95, 101, 111, 116}
4054: {1, 6, 11, 16, 24, 29, 34, 36, 39, 45, 52, 56, 61, 66, 69, 80, 85, 86, 90, 95, 101, 110, 117}
4063: {2, 6, 10, 17, 23, 28, 34, 36, 39, 43, 53, 56, 59, 63, 67, 76, 85, 86, 90, 93, 98, 111, 116}
4068: {1, 6, 11, 14, 24, 29, 34, 36, 39, 42, 52, 56, 61, 66, 69, 80, 85, 86, 90, 95, 101, 111, 117}
4094: {2, 6, 11, 16, 23, 28, 34, 36, 39, 44, 53, 56, 59, 63, 69, 78, 85, 86, 90, 93, 98, 111, 116}
4133: {1, 3, 10, 14, 24, 29, 34, 36, 39, 43, 52, 56, 61, 66, 71, 79, 85, 86, 90, 95, 101, 110, 116}
4151: {2, 6, 10, 17, 23, 28, 34, 36, 39, 44, 53, 56, 59, 63, 67, 76, 85, 86, 90, 93, 99, 111, 116}
4176: {1, 6, 11, 16, 24, 29, 34, 36, 39, 42, 52, 56, 61, 66, 69, 77, 85, 86, 90, 95, 101, 111, 116}
4199: {1, 3, 11, 16, 24, 30, 34, 37, 38, 41, 52, 56, 59, 63, 67, 76, 85, 86, 90, 93, 98, 110, 116}
4219: {1, 6, 11, 14, 24, 29, 34, 36, 39, 43, 52, 56, 61, 66, 69, 79, 85, 86, 90, 95, 101, 111, 114}
4242: {1, 6, 11, 16, 24, 29, 34, 36, 39, 42, 52, 56, 61, 66, 69, 79, 85, 86, 90, 95, 101, 110, 114}
4253: {1, 3, 10, 14, 24, 29, 34, 36, 39, 42, 52, 56, 61, 66, 69, 77, 85, 86, 90, 95, 101, 110, 114}
4261: {1, 6, 11, 16, 24, 29, 34, 36, 39, 42, 52, 56, 61, 66, 71, 79, 85, 86, 90, 95, 101, 111, 114}
4265: {1, 3, 11, 14, 24, 29, 34, 36, 39, 42, 52, 56, 61, 66, 70, 80, 85, 86, 90, 95, 101, 111, 114}
4286: {1, 3, 11, 14, 24, 29, 34, 36, 39, 42, 52, 56, 61, 66, 71, 79, 85, 86, 90, 95, 101, 111, 116}
4302: {1, 3, 11, 14, 24, 29, 34, 36, 39, 42, 52, 56, 61, 66, 69, 77, 85, 86, 90, 95, 101, 110, 116}
4305: {1, 6, 11, 14, 24, 29, 34, 36, 39, 45, 52, 56, 61, 66, 69, 79, 85, 86, 90, 95, 101, 111, 114}
4319: {1, 6, 10, 16, 24, 29, 34, 36, 39, 42, 52, 56, 61, 66, 71, 77, 85, 86, 90, 95, 101, 111, 116}
4347: {1, 6, 11, 16, 24, 29, 34, 36, 39, 45, 52, 56, 61, 66, 70, 79, 85, 86, 90, 95, 101, 111, 114}
4365: {1, 4, 10, 15, 23, 28, 34, 37, 38, 44, 52, 56, 59, 63, 67, 76, 85, 86, 90, 93, 102, 112, 119}
4411: {2, 6, 11, 17, 23, 28, 34, 36, 39, 46, 53, 56, 59, 63, 68, 76, 85, 86, 90, 93, 99, 111, 116}
4429: {1, 3, 11, 14, 24, 29, 34, 36, 39, 43, 52, 56, 61, 66, 70, 79, 85, 86, 90, 95, 101, 110, 114}
4455: {1, 3, 10, 16, 24, 29, 34, 36, 39, 43, 52, 56, 61, 66, 69, 80, 85, 86, 90, 95, 101, 110, 117}
4508: {1, 6, 10, 16, 24, 29, 34, 36, 39, 45, 52, 56, 61, 66, 71, 80, 85, 86, 90, 95, 101, 111, 114}
4514: {1, 6, 10, 14, 24, 29, 34, 36, 39, 45, 52, 56, 61, 66, 70, 80, 85, 86, 90, 95, 101, 111, 116}
4517: {1, 3, 10, 16, 24, 29, 34, 36, 39, 45, 52, 56, 61, 66, 71, 77, 85, 86, 90, 95, 101, 110, 114}
4535: {2, 6, 10, 19, 23, 28, 34, 36, 39, 47, 52, 58, 59, 63, 72, 81, 85, 86, 91, 94, 102, 112, 118}
4543: {1, 3, 11, 14, 24, 29, 34, 36, 39, 42, 52, 56, 61, 66, 69, 80, 85, 86, 90, 95, 101, 111, 114}
4556: {1, 3, 11, 14, 24, 29, 34, 36, 39, 42, 52, 56, 61, 66, 69, 79, 85, 86, 90, 95, 101, 111, 116}
4586: {1, 3, 11, 14, 24, 29, 34, 36, 39, 45, 52, 56, 61, 66, 69, 77, 85, 86, 90, 95, 101, 110, 117}
4590: {1, 6, 10, 16, 24, 29, 34, 36, 39, 42, 52, 56, 61, 66, 70, 79, 85, 86, 90, 95, 101, 110, 116}
4597: {1, 3, 10, 14, 24, 29, 34, 36, 39, 43, 52, 56, 61, 66, 71, 80, 85, 86, 90, 95, 101, 111, 117}
4610: {1, 3, 10, 14, 24, 29, 34, 36, 39, 42, 52, 56, 61, 66, 71, 77, 85, 86, 90, 95, 101, 110, 114}
4613: {1, 3, 11, 14, 24, 29, 34, 36, 39, 45, 52, 56, 61, 66, 71, 77, 85, 86, 90, 95, 101, 110, 114}
4619: {1, 6, 11, 16, 24, 29, 34, 36, 39, 43, 52, 56, 61, 66, 69, 79, 85, 86, 90, 95, 101, 110, 117}
4622: {1, 6, 11, 14, 24, 29, 34, 36, 39, 42, 52, 56, 61, 66, 69, 77, 85, 86, 90, 95, 101, 111, 116}
4654: {1, 3, 11, 14, 24, 29, 34, 36, 39, 45, 52, 56, 61, 66, 69, 80, 85, 86, 90, 95, 101, 110, 117}
4707: {1, 3, 10, 16, 24, 29, 34, 36, 39, 45, 52, 56, 61, 66, 70, 77, 85, 86, 90, 95, 101, 111, 116}
4714: {1, 6, 11, 16, 24, 29, 34, 36, 39, 42, 52, 56, 61, 66, 69, 80, 85, 86, 90, 95, 101, 111, 117}
4726: {1, 6, 11, 16, 24, 29, 34, 36, 39, 43, 52, 56, 61, 66, 69, 77, 85, 86, 90, 95, 101, 111, 114}
4735: {2, 6, 11, 17, 23, 28, 34, 36, 39, 44, 53, 56, 59, 63, 67, 76, 85, 86, 90, 93, 98, 111, 116}
4753: {1, 3, 10, 14, 24, 29, 34, 36, 39, 43, 52, 56, 61, 66, 71, 77, 85, 86, 90, 95, 101, 111, 114}
4758: {1, 6, 10, 16, 24, 29, 34, 36, 39, 42, 52, 56, 61, 66, 71, 79, 85, 86, 90, 95, 101, 110, 116}
4805: {1, 6, 10, 14, 24, 29, 34, 36, 39, 42, 52, 56, 61, 66, 69, 77, 85, 86, 90, 95, 101, 110, 114}
4814: {1, 6, 10, 16, 24, 29, 34, 36, 39, 43, 52, 56, 61, 66, 69, 80, 85, 86, 90, 95, 101, 110, 114}
4815: {1, 7, 11, 13, 24, 28, 34, 36, 38, 44, 52, 58, 61, 65, 67, 80, 85, 86, 90, 94, 102, 110, 116}
4833: {1, 6, 11, 14, 24, 29, 34, 36, 39, 43, 52, 56, 61, 66, 71, 77, 85, 86, 90, 95, 101, 110, 117}
4844: {1, 4, 9, 15, 23, 28, 34, 36, 39, 42, 52, 56, 59, 63, 67, 76, 85, 86, 91, 93, 103, 110, 115}
4931: {2, 3, 11, 13, 24, 28, 34, 37, 38, 44, 52, 56, 59, 64, 67, 80, 85, 86, 90, 94, 102, 110, 119}
4937: {1, 6, 10, 16, 24, 29, 34, 36, 39, 43, 52, 56, 61, 66, 71, 80, 85, 86, 90, 95, 101, 110, 117}
4960: {1, 6, 11, 16, 24, 29, 34, 36, 39, 42, 52, 56, 61, 66, 69, 77, 85, 86, 90, 95, 101, 111, 117}
4966: {2, 3, 9, 18, 23, 28, 34, 36, 39, 44, 52, 58, 59, 63, 72, 81, 85, 86, 91, 94, 102, 112, 118}
4967: {2, 7, 9, 13, 23, 28, 34, 36, 39, 47, 52, 58, 59, 63, 67, 76, 85, 86, 91, 94, 102, 112, 118}
4970: {1, 3, 10, 14, 24, 29, 34, 36, 39, 45, 52, 56, 61, 66, 71, 79, 85, 86, 90, 95, 101, 110, 117}
4974: {1, 6, 11, 16, 24, 29, 34, 36, 39, 43, 52, 56, 61, 66, 70, 79, 85, 86, 90, 95, 101, 110, 116}
4997: {2, 3, 9, 13, 23, 28, 34, 36, 39, 44, 52, 58, 59, 63, 67, 81, 85, 86, 91, 94, 102, 112, 118}
5014: {1, 3, 10, 14, 24, 29, 34, 36, 39, 43, 52, 56, 61, 66, 71, 79, 85, 86, 90, 95, 101, 110, 117}
5029: {1, 3, 9, 16, 23, 29, 34, 36, 39, 43, 53, 56, 60, 63, 67, 76, 85, 86, 90, 93, 101, 107, 113}
5035: {1, 3, 10, 16, 24, 29, 34, 36, 39, 45, 52, 56, 61, 66, 70, 79, 85, 86, 90, 95, 101, 111, 116}
5036: {1, 3, 11, 16, 24, 29, 34, 36, 39, 43, 52, 56, 61, 66, 69, 77, 85, 86, 90, 95, 101, 111, 114}
5076: {1, 3, 10, 16, 24, 29, 34, 36, 39, 45, 52, 56, 61, 66, 69, 79, 85, 86, 90, 95, 101, 110, 117}
5092: {1, 3, 10, 16, 24, 29, 34, 36, 39, 43, 52, 56, 61, 66, 69, 79, 85, 86, 90, 95, 101, 110, 117}
5102: {2, 7, 10, 19, 23, 28, 34, 36, 39, 47, 52, 58, 59, 63, 67, 81, 85, 86, 91, 94, 102, 112, 118}
5105: {1, 3, 10, 13, 24, 32, 34, 36, 38, 48, 53, 58, 61, 66, 67, 76, 85, 86, 90, 94, 102, 110, 117}
5110: {2, 6, 10, 21, 24, 28, 34, 37, 38, 44, 52, 56, 60, 63, 67, 80, 85, 86, 90, 94, 102, 110, 119}
5127: {1, 8, 12, 15, 23, 28, 34, 37, 38, 44, 52, 56, 59, 63, 67, 76, 85, 86, 90, 93, 102, 112, 119}
5217: {2, 7, 10, 19, 23, 28, 34, 36, 39, 44, 52, 58, 59, 63, 72, 76, 85, 86, 91, 94, 102, 112, 118}
5222: {2, 3, 10, 18, 23, 28, 34, 36, 39, 44, 52, 58, 59, 63, 72, 81, 85, 86, 91, 94, 102, 112, 118}
5270: {2, 7, 9, 13, 23, 28, 34, 36, 39, 47, 52, 58, 59, 63, 72, 81, 85, 86, 91, 94, 102, 112, 118}
5275: {1, 3, 10, 13, 24, 32, 34, 36, 38, 48, 53, 58, 61, 63, 67, 76, 85, 86, 90, 94, 102, 110, 119}
5276: {1, 6, 9, 15, 23, 29, 34, 36, 39, 45, 53, 56, 60, 63, 67, 76, 85, 86, 90, 93, 101, 110, 114}
5293: {1, 3, 10, 17, 24, 31, 34, 36, 38, 48, 53, 58, 61, 66, 67, 77, 85, 86, 90, 94, 102, 110, 116}
5302: {1, 6, 11, 16, 24, 29, 34, 36, 39, 43, 52, 56, 61, 66, 70, 77, 85, 86, 90, 95, 101, 110, 117}
5303: {2, 3, 10, 22, 24, 28, 34, 36, 38, 44, 52, 58, 59, 64, 67, 76, 85, 86, 90, 96, 101, 111, 116}
5324: {1, 6, 9, 16, 23, 29, 34, 36, 39, 44, 53, 56, 59, 64, 67, 76, 85, 86, 90, 93, 101, 107, 113}
5328: {1, 6, 11, 16, 24, 29, 34, 36, 39, 42, 52, 56, 61, 66, 70, 79, 85, 86, 90, 95, 101, 110, 114}
5346: {2, 3, 11, 13, 24, 28, 34, 37, 38, 44, 52, 56, 60, 63, 67, 80, 85, 86, 90, 94, 102, 110, 119}
5348: {1, 6, 9, 16, 23, 29, 34, 36, 39, 43, 53, 56, 60, 63, 67, 76, 85, 86, 90, 93, 101, 110, 113}
5355: {1, 3, 10, 13, 24, 29, 34, 36, 38, 48, 53, 58, 59, 63, 69, 77, 85, 86, 90, 94, 102, 110, 117}
5367: {1, 6, 10, 14, 24, 29, 34, 36, 39, 45, 52, 56, 61, 66, 70, 79, 85, 86, 90, 95, 101, 110, 116}
5389: {1, 6, 9, 16, 23, 29, 34, 36, 39, 44, 53, 56, 59, 63, 67, 76, 85, 86, 90, 93, 101, 110, 113}
5404: {1, 6, 9, 15, 23, 29, 34, 36, 39, 45, 53, 56, 59, 63, 67, 76, 85, 86, 90, 93, 101, 107, 114}
5411: {1, 6, 9, 19, 23, 29, 34, 36, 39, 45, 53, 56, 59, 63, 67, 76, 85, 86, 90, 93, 101, 107, 113}
5415: {1, 6, 10, 14, 24, 29, 34, 36, 39, 42, 52, 56, 61, 66, 70, 79, 85, 86, 90, 95, 101, 110, 114}
5417: {2, 6, 9, 17, 23, 28, 34, 36, 39, 44, 52, 58, 59, 63, 72, 76, 85, 86, 91, 94, 102, 112, 118}
5423: {1, 6, 10, 14, 24, 29, 34, 36, 39, 42, 52, 56, 61, 66, 71, 80, 85, 86, 90, 95, 101, 110, 116}
5474: {1, 3, 10, 17, 24, 31, 34, 36, 38, 48, 53, 58, 61, 63, 69, 76, 85, 86, 90, 94, 102, 110, 116}
5475: {1, 6, 10, 16, 24, 29, 34, 36, 39, 42, 52, 56, 61, 66, 70, 80, 85, 86, 90, 95, 101, 110, 117}
5530: {1, 3, 10, 13, 24, 29, 34, 36, 38, 48, 53, 58, 59, 63, 67, 76, 85, 86, 90, 94, 102, 110, 119}
5550: {1, 3, 10, 13, 24, 31, 34, 36, 38, 48, 53, 58, 61, 66, 69, 76, 85, 86, 90, 94, 102, 110, 117}
5555: {1, 3, 10, 13, 24, 31, 34, 36, 38, 48, 53, 58, 59, 66, 67, 76, 85, 86, 90, 94, 102, 110, 117}
5562: {1, 6, 10, 14, 24, 29, 34, 36, 39, 43, 52, 56, 61, 66, 69, 80, 85, 86, 90, 95, 101, 110, 117}
5563: {2, 3, 10, 13, 23, 28, 34, 36, 39, 47, 52, 58, 59, 63, 67, 76, 85, 86, 91, 94, 102, 112, 118}
5573: {1, 6, 10, 14, 24, 29, 34, 36, 39, 42, 52, 56, 61, 66, 71, 79, 85, 86, 90, 95, 101, 110, 116}
5587: {2, 3, 10, 22, 24, 28, 34, 36, 38, 45, 52, 58, 59, 64, 67, 76, 85, 86, 90, 96, 101, 111, 116}
5635: {1, 3, 10, 17, 24, 31, 34, 36, 38, 48, 53, 58, 61, 63, 67, 77, 85, 86, 90, 94, 102, 110, 117}
5645: {1, 3, 10, 17, 24, 31, 34, 36, 38, 48, 53, 58, 61, 63, 69, 76, 85, 86, 90, 94, 102, 110, 117}
5649: {1, 6, 10, 16, 24, 29, 34, 36, 39, 45, 52, 56, 61, 66, 69, 77, 85, 86, 90, 95, 101, 111, 116}
5661: {1, 6, 9, 19, 23, 29, 34, 36, 39, 45, 53, 56, 59, 64, 67, 76, 85, 86, 90, 93, 101, 107, 114}
5676: {1, 6, 10, 14, 24, 29, 34, 36, 39, 43, 52, 56, 61, 66, 70, 79, 85, 86, 90, 95, 101, 111, 117}
5715: {2, 6, 10, 15, 24, 28, 34, 36, 38, 46, 52, 58, 59, 64, 67, 76, 85, 86, 90, 96, 101, 110, 116}
5741: {1, 3, 9, 16, 23, 29, 34, 36, 39, 43, 53, 56, 59, 63, 67, 76, 85, 86, 90, 93, 101, 110, 114}
5756: {1, 3, 10, 13, 24, 32, 34, 36, 38, 48, 53, 58, 59, 66, 67, 76, 85, 86, 90, 94, 102, 110, 119}
5767: {1, 6, 9, 15, 23, 29, 34, 36, 39, 43, 53, 56, 60, 63, 67, 76, 85, 86, 90, 93, 101, 107, 113}
5777: {2, 6, 10, 21, 24, 28, 34, 37, 38, 44, 52, 56, 60, 64, 67, 80, 85, 86, 90, 94, 102, 110, 119}
5795: {2, 6, 10, 13, 24, 28, 34, 37, 38, 44, 52, 56, 59, 64, 67, 80, 85, 86, 90, 94, 102, 110, 119}
5805: {2, 6, 11, 13, 24, 28, 34, 37, 38, 44, 52, 56, 59, 63, 67, 80, 85, 86, 90, 94, 102, 110, 119}
5818: {1, 3, 10, 13, 24, 31, 34, 36, 38, 48, 53, 58, 61, 63, 67, 76, 85, 86, 90, 94, 102, 110, 119}
5821: {2, 3, 9, 13, 23, 28, 34, 36, 39, 44, 52, 58, 59, 63, 72, 81, 85, 86, 91, 94, 102, 112, 118}
5825: {1, 6, 10, 14, 24, 29, 34, 36, 39, 43, 52, 56, 61, 66, 71, 77, 85, 86, 90, 95, 101, 110, 116}
5826: {1, 6, 10, 14, 24, 29, 34, 36, 39, 43, 52, 56, 61, 66, 70, 77, 85, 86, 90, 95, 101, 110, 116}
5840: {2, 3, 10, 20, 24, 28, 34, 36, 38, 44, 52, 58, 59, 64, 67, 76, 85, 86, 90, 96, 101, 110, 116}
5841: {1, 6, 9, 15, 23, 28, 34, 36, 39, 44, 52, 56, 59, 63, 67, 76, 85, 86, 91, 93, 103, 110, 114}
5847: {1, 3, 9, 16, 23, 29, 34, 36, 39, 43, 53, 56, 60, 64, 67, 76, 85, 86, 90, 93, 101, 107, 114}
5854: {1, 4, 9, 15, 23, 28, 34, 36, 39, 44, 52, 56, 59, 63, 67, 76, 85, 86, 91, 93, 103, 110, 115}
5867: {1, 3, 9, 16, 23, 29, 34, 36, 39, 44, 53, 56, 59, 63, 67, 76, 85, 86, 90, 93, 101, 107, 113}
5878: {1, 3, 9, 16, 23, 29, 34, 36, 39, 45, 53, 56, 59, 64, 67, 76, 85, 86, 90, 93, 101, 110, 114}
5882: {1, 3, 11, 14, 24, 29, 34, 36, 39, 45, 52, 56, 61, 66, 71, 77, 85, 86, 90, 95, 101, 111, 114}
5904: {2, 3, 11, 13, 24, 28, 34, 37, 38, 44, 52, 56, 59, 63, 67, 80, 85, 86, 90, 94, 102, 110, 119}
5925: {1, 6, 10, 14, 24, 29, 34, 36, 39, 43, 52, 56, 61, 66, 70, 77, 85, 86, 90, 95, 101, 111, 116}
5973: {1, 6, 9, 18, 23, 28, 34, 36, 39, 42, 52, 56, 59, 63, 67, 76, 85, 86, 91, 93, 103, 110, 115}
5988: {1, 6, 9, 16, 23, 29, 34, 36, 39, 45, 53, 56, 60, 63, 67, 76, 85, 86, 90, 93, 101, 107, 114}
5993: {1, 4, 10, 19, 23, 28, 34, 36, 39, 42, 52, 56, 59, 63, 67, 76, 85, 86, 91, 93, 103, 110, 114}
6014: {1, 6, 9, 17, 24, 29, 34, 36, 38, 48, 53, 58, 61, 63, 69, 76, 85, 86, 90, 94, 102, 110, 116}
6028: {1, 6, 9, 13, 24, 31, 34, 36, 38, 48, 53, 58, 61, 66, 67, 76, 85, 86, 90, 94, 102, 110, 119}
6053: {1, 6, 10, 17, 24, 32, 34, 36, 38, 48, 53, 58, 61, 63, 67, 77, 85, 86, 90, 94, 102, 110, 116}
6058: {1, 6, 10, 13, 24, 31, 34, 36, 38, 48, 53, 58, 61, 63, 67, 76, 85, 86, 90, 94, 102, 110, 117}
6122: {1, 3, 9, 17, 24, 31, 34, 36, 38, 48, 53, 58, 59, 66, 67, 77, 85, 86, 90, 94, 102, 110, 117}
6148: {2, 7, 11, 15, 24, 28, 34, 37, 39, 42, 52, 58, 61, 63, 67, 76, 85, 86, 91, 93, 102, 107, 114}
6152: {1, 6, 9, 17, 24, 29, 34, 36, 38, 48, 53, 58, 61, 66, 67, 76, 85, 86, 90, 94, 102, 110, 116}
6158: {1, 3, 9, 17, 24, 29, 34, 36, 38, 48, 53, 58, 59, 63, 67, 77, 85, 86, 90, 94, 102, 110, 116}
6160: {1, 3, 9, 17, 24, 32, 34, 36, 38, 48, 53, 58, 59, 63, 67, 76, 85, 86, 90, 94, 102, 110, 116}
6182: {1, 6, 9, 13, 24, 32, 34, 36, 38, 48, 53, 58, 61, 66, 69, 76, 85, 86, 90, 94, 102, 110, 116}
6184: {1, 3, 10, 17, 24, 32, 34, 36, 38, 48, 53, 58, 61, 66, 67, 76, 85, 86, 90, 94, 102, 110, 117}
6194: {1, 3, 9, 17, 24, 29, 34, 36, 38, 48, 53, 58, 61, 66, 69, 77, 85, 86, 90, 94, 102, 110, 117}
6232: {1, 6, 10, 13, 24, 31, 34, 36, 38, 48, 53, 58, 59, 63, 67, 77, 85, 86, 90, 94, 102, 110, 119}
6274: {1, 3, 9, 13, 24, 29, 34, 36, 38, 48, 53, 58, 59, 66, 69, 77, 85, 86, 90, 94, 102, 110, 119}
6278: {1, 3, 9, 13, 24, 29, 34, 36, 38, 48, 53, 58, 61, 63, 69, 76, 85, 86, 90, 94, 102, 110, 119}
6303: {1, 3, 10, 17, 24, 29, 34, 36, 38, 48, 53, 58, 59, 66, 69, 77, 85, 86, 90, 94, 102, 110, 119}
6314: {1, 7, 9, 17, 24, 32, 34, 36, 38, 48, 53, 58, 61, 63, 69, 77, 85, 86, 90, 94, 102, 110, 116}
6338: {1, 6, 10, 13, 24, 31, 34, 36, 38, 48, 53, 58, 59, 63, 69, 77, 85, 86, 90, 94, 102, 110, 119}
6375: {1, 6, 10, 17, 24, 31, 34, 36, 38, 48, 53, 58, 61, 63, 69, 76, 85, 86, 90, 94, 102, 110, 117}
6403: {1, 3, 10, 17, 24, 29, 34, 36, 38, 48, 53, 58, 59, 66, 69, 76, 85, 86, 90, 94, 102, 110, 119}
6405: {1, 6, 9, 17, 24, 32, 34, 36, 38, 48, 53, 58, 61, 63, 67, 77, 85, 86, 90, 94, 102, 110, 119}
6412: {1, 3, 9, 13, 24, 29, 34, 36, 38, 48, 53, 58, 61, 66, 69, 77, 85, 86, 90, 94, 102, 110, 116}
6428: {1, 6, 10, 17, 24, 32, 34, 36, 38, 48, 53, 58, 59, 63, 67, 76, 85, 86, 90, 94, 102, 110, 119}
6434: {1, 6, 10, 17, 24, 29, 34, 36, 38, 48, 53, 58, 59, 66, 67, 76, 85, 86, 90, 94, 102, 110, 117}
6447: {1, 7, 10, 17, 24, 31, 34, 36, 38, 48, 53, 58, 59, 63, 69, 77, 85, 86, 90, 94, 102, 110, 119}
6456: {1, 3, 9, 13, 24, 29, 34, 36, 38, 48, 53, 58, 61, 66, 69, 77, 85, 86, 90, 94, 102, 110, 117}
6466: {1, 7, 10, 13, 24, 31, 34, 36, 38, 48, 53, 58, 61, 63, 69, 76, 85, 86, 90, 94, 102, 110, 119}
6501: {1, 6, 9, 13, 24, 29, 34, 36, 38, 48, 53, 58, 61, 63, 69, 77, 85, 86, 90, 94, 102, 110, 116}
6540: {1, 6, 9, 17, 24, 31, 34, 36, 38, 48, 53, 58, 59, 66, 69, 77, 85, 86, 90, 94, 102, 110, 117}
6558: {1, 6, 9, 13, 24, 32, 34, 36, 38, 48, 53, 58, 61, 66, 69, 76, 85, 86, 90, 94, 102, 110, 117}
6562: {1, 6, 9, 13, 24, 29, 34, 36, 38, 48, 53, 58, 59, 66, 67, 77, 85, 86, 90, 94, 102, 110, 116}
6581: {1, 3, 9, 17, 24, 31, 34, 36, 38, 48, 53, 58, 61, 66, 69, 76, 85, 86, 90, 94, 102, 110, 119}
6583: {1, 6, 10, 17, 24, 32, 34, 36, 38, 48, 53, 58, 61, 63, 67, 76, 85, 86, 90, 94, 102, 110, 116}
6595: {1, 6, 9, 17, 24, 32, 34, 36, 38, 48, 53, 58, 61, 63, 67, 76, 85, 86, 90, 94, 102, 110, 117}
6596: {1, 3, 9, 13, 24, 32, 34, 36, 38, 48, 53, 58, 61, 66, 67, 77, 85, 86, 90, 94, 102, 110, 119}
6628: {1, 3, 9, 17, 24, 32, 34, 36, 38, 48, 53, 58, 59, 66, 67, 77, 85, 86, 90, 94, 102, 110, 119}
6629: {1, 3, 9, 17, 24, 31, 34, 36, 38, 48, 53, 58, 59, 66, 67, 77, 85, 86, 90, 94, 102, 110, 119}
6643: {1, 6, 9, 17, 24, 32, 34, 36, 38, 48, 53, 58, 61, 63, 67, 76, 85, 86, 90, 94, 102, 110, 116}
6666: {1, 6, 10, 13, 24, 32, 34, 36, 38, 48, 53, 58, 61, 66, 69, 76, 85, 86, 90, 94, 102, 110, 116}
6673: {1, 3, 10, 17, 24, 32, 34, 36, 38, 48, 53, 58, 59, 66, 67, 76, 85, 86, 90, 94, 102, 110, 116}
6707: {1, 6, 10, 17, 24, 29, 34, 36, 38, 48, 53, 58, 59, 63, 67, 76, 85, 86, 90, 94, 102, 110, 116}
6722: {1, 3, 9, 17, 24, 29, 34, 36, 38, 48, 53, 58, 59, 66, 69, 76, 85, 86, 90, 94, 102, 110, 119}
6777: {1, 3, 9, 17, 24, 31, 34, 36, 38, 48, 53, 58, 61, 63, 69, 76, 85, 86, 90, 94, 102, 110, 119}
6779: {1, 3, 9, 13, 24, 31, 34, 36, 38, 48, 53, 58, 61, 63, 69, 77, 85, 86, 90, 94, 102, 110, 119}
6796: {1, 3, 10, 17, 24, 32, 34, 36, 38, 48, 53, 58, 61, 66, 67, 76, 85, 86, 90, 94, 102, 110, 119}
6832: {1, 6, 9, 13, 24, 32, 34, 36, 38, 48, 53, 58, 59, 63, 67, 77, 85, 86, 90, 94, 102, 110, 117}
6856: {1, 7, 10, 13, 24, 33, 34, 36, 39, 44, 52, 55, 61, 65, 74, 84, 85, 86, 92, 97, 102, 112, 116}
6860: {1, 6, 9, 17, 24, 29, 34, 36, 38, 48, 53, 58, 59, 63, 67, 77, 85, 86, 90, 94, 102, 110, 117}
6870: {1, 3, 9, 13, 24, 29, 34, 36, 38, 48, 53, 58, 59, 66, 69, 77, 85, 86, 90, 94, 102, 110, 117}
6896: {1, 3, 9, 13, 24, 32, 34, 36, 38, 48, 53, 58, 59, 66, 69, 76, 85, 86, 90, 94, 102, 110, 119}
6900: {1, 6, 9, 13, 24, 29, 34, 36, 38, 48, 53, 58, 61, 63, 69, 76, 85, 86, 90, 94, 102, 110, 117}
6905: {2, 3, 10, 21, 23, 28, 34, 36, 39, 44, 52, 56, 59, 63, 67, 76, 85, 86, 91, 93, 102, 111, 117}
6925: {2, 4, 11, 16, 24, 28, 34, 37, 39, 43, 52, 58, 61, 66, 67, 76, 85, 86, 91, 93, 102, 108, 114}
6935: {1, 6, 10, 17, 24, 31, 34, 36, 38, 48, 53, 58, 61, 63, 69, 77, 85, 86, 90, 94, 102, 110, 119}
6945: {1, 6, 10, 13, 24, 32, 34, 36, 38, 48, 53, 58, 59, 66, 67, 77, 85, 86, 90, 94, 102, 110, 119}
6948: {1, 7, 10, 17, 24, 32, 34, 36, 38, 48, 53, 58, 59, 63, 69, 77, 85, 86, 90, 94, 102, 110, 117}
6950: {1, 7, 9, 17, 24, 29, 34, 36, 38, 48, 53, 58, 61, 66, 67, 76, 85, 86, 90, 94, 102, 110, 119}
6951: {1, 7, 10, 13, 24, 29, 34, 36, 38, 48, 53, 58, 59, 66, 67, 77, 85, 86, 90, 94, 102, 110, 119}
6957: {1, 7, 9, 17, 24, 32, 34, 36, 38, 48, 53, 58, 61, 66, 67, 76, 85, 86, 90, 94, 102, 110, 119}
6968: {2, 4, 9, 13, 24, 28, 34, 36, 39, 44, 52, 56, 62, 65, 70, 80, 85, 86, 91, 93, 102, 111, 116}
6973: {1, 7, 9, 13, 24, 31, 34, 36, 38, 48, 53, 58, 59, 63, 67, 76, 85, 86, 90, 94, 102, 110, 119}
6993: {1, 7, 10, 17, 24, 31, 34, 36, 38, 48, 53, 58, 61, 63, 67, 77, 85, 86, 90, 94, 102, 110, 119}
7018: {1, 6, 10, 17, 24, 31, 34, 36, 38, 48, 53, 58, 59, 63, 67, 77, 85, 86, 90, 94, 102, 110, 117}
7033: {2, 7, 11, 15, 24, 28, 34, 37, 39, 42, 52, 58, 61, 63, 67, 76, 85, 86, 91, 93, 102, 108, 114}
7053: {1, 7, 10, 13, 24, 29, 34, 36, 38, 48, 53, 58, 61, 66, 67, 76, 85, 86, 90, 94, 102, 110, 119}
7060: {1, 3, 9, 17, 24, 32, 34, 36, 38, 48, 53, 58, 59, 63, 69, 77, 85, 86, 90, 94, 102, 110, 117}
7084: {1, 3, 9, 17, 24, 32, 34, 36, 38, 48, 53, 58, 61, 66, 69, 77, 85, 86, 90, 94, 102, 110, 117}
7085: {1, 7, 9, 17, 24, 29, 34, 36, 38, 48, 53, 58, 61, 66, 69, 77, 85, 86, 90, 94, 102, 110, 119}
7093: {1, 7, 9, 17, 24, 32, 34, 36, 38, 48, 53, 58, 59, 66, 67, 77, 85, 86, 90, 94, 102, 110, 116}
7127: {1, 7, 9, 17, 24, 31, 34, 36, 38, 48, 53, 58, 61, 66, 67, 76, 85, 86, 90, 94, 102, 110, 117}
7132: {1, 7, 9, 17, 24, 31, 34, 36, 38, 48, 53, 58, 59, 66, 67, 76, 85, 86, 90, 94, 102, 110, 116}
7136: {2, 3, 9, 13, 24, 28, 35, 36, 39, 41, 52, 58, 59, 63, 73, 83, 85, 88, 90, 93, 99, 110, 119}
7202: {1, 7, 9, 13, 24, 29, 34, 36, 38, 48, 53, 58, 59, 66, 67, 77, 85, 86, 90, 94, 102, 110, 116}
7215: {1, 7, 9, 17, 24, 29, 34, 36, 38, 48, 53, 58, 61, 66, 69, 76, 85, 86, 90, 94, 102, 110, 119}
7219: {1, 7, 10, 13, 24, 29, 34, 36, 38, 48, 53, 58, 61, 66, 69, 77, 85, 86, 90, 94, 102, 110, 117}
7256: {2, 7, 9, 15, 24, 28, 34, 37, 39, 43, 52, 58, 59, 63, 67, 76, 85, 86, 91, 93, 102, 107, 114}
7268: {1, 7, 10, 17, 24, 31, 34, 36, 38, 48, 53, 58, 61, 66, 67, 77, 85, 86, 90, 94, 102, 110, 117}
7319: {1, 7, 9, 17, 24, 32, 34, 36, 38, 48, 53, 58, 61, 63, 69, 76, 85, 86, 90, 94, 102, 110, 116}
7343: {1, 7, 10, 21, 24, 33, 34, 36, 39, 50, 52, 55, 61, 65, 74, 84, 85, 86, 92, 97, 102, 112, 116}
7375: {1, 7, 9, 17, 24, 29, 34, 36, 38, 48, 53, 58, 61, 63, 69, 76, 85, 86, 90, 94, 102, 110, 117}
7403: {1, 3, 9, 13, 24, 32, 34, 36, 38, 48, 53, 58, 59, 66, 67, 77, 85, 86, 90, 94, 102, 110, 117}
7407: {1, 7, 10, 17, 24, 31, 34, 36, 38, 48, 53, 58, 59, 66, 69, 77, 85, 86, 90, 94, 102, 110, 119}
7518: {1, 7, 10, 13, 24, 32, 34, 36, 38, 48, 53, 58, 61, 66, 67, 77, 85, 86, 90, 94, 102, 110, 119}
7523: {2, 4, 9, 13, 24, 28, 35, 36, 39, 50, 52, 58, 59, 63, 73, 83, 85, 87, 90, 93, 106, 112, 119}
7525: {2, 4, 9, 15, 24, 28, 34, 37, 39, 42, 52, 58, 61, 66, 67, 76, 85, 86, 91, 93, 102, 107, 114}
7532: {2, 3, 9, 13, 24, 28, 35, 36, 39, 41, 52, 58, 59, 63, 73, 83, 85, 88, 90, 93, 106, 112, 119}
7553: {2, 7, 9, 15, 24, 28, 34, 37, 39, 43, 52, 58, 61, 66, 67, 76, 85, 86, 91, 93, 102, 107, 114}
7588: {1, 7, 10, 17, 24, 32, 34, 36, 38, 48, 53, 58, 59, 66, 69, 77, 85, 86, 90, 94, 102, 110, 117}
7619: {1, 6, 9, 13, 24, 31, 34, 36, 38, 48, 53, 58, 59, 63, 69, 77, 85, 86, 90, 94, 102, 110, 117}
7624: {2, 7, 9, 15, 24, 28, 34, 37, 39, 42, 52, 58, 59, 63, 67, 76, 85, 86, 91, 93, 102, 107, 114}
7649: {1, 6, 9, 13, 24, 29, 34, 36, 38, 48, 53, 58, 61, 66, 69, 76, 85, 86, 90, 94, 102, 110, 119}
7650: {2, 4, 9, 15, 24, 28, 34, 37, 39, 43, 52, 58, 61, 63, 67, 76, 85, 86, 91, 93, 102, 107, 114}
7662: {1, 3, 9, 13, 24, 31, 34, 36, 38, 48, 53, 58, 61, 63, 67, 76, 85, 86, 90, 94, 102, 110, 116}
7703: {2, 6, 10, 13, 24, 28, 34, 36, 39, 44, 52, 56, 62, 65, 70, 80, 85, 86, 91, 93, 102, 111, 117}
7789: {2, 6, 9, 13, 24, 28, 35, 36, 39, 51, 52, 58, 59, 63, 73, 83, 85, 88, 90, 93, 105, 112, 119}
7797: {1, 7, 10, 17, 24, 31, 34, 36, 38, 48, 53, 58, 61, 63, 69, 77, 85, 86, 90, 94, 102, 110, 119}
7805: {1, 7, 9, 17, 24, 31, 34, 36, 38, 48, 53, 58, 59, 63, 67, 76, 85, 86, 90, 94, 102, 110, 119}
7813: {1, 7, 10, 13, 24, 32, 34, 36, 38, 48, 53, 58, 59, 66, 67, 77, 85, 86, 90, 94, 102, 110, 119}
7850: {1, 7, 10, 17, 24, 32, 34, 36, 38, 48, 53, 58, 61, 63, 69, 77, 85, 86, 90, 94, 102, 110, 116}
7866: {1, 7, 10, 17, 24, 29, 34, 36, 38, 48, 53, 58, 61, 63, 69, 76, 85, 86, 90, 94, 102, 110, 116}
7870: {1, 7, 10, 17, 24, 29, 34, 36, 38, 48, 53, 58, 61, 63, 69, 77, 85, 86, 90, 94, 102, 110, 119}
7873: {2, 7, 9, 15, 24, 28, 34, 37, 39, 43, 52, 58, 61, 66, 67, 76, 85, 86, 91, 93, 102, 108, 114}
7879: {2, 7, 9, 13, 24, 28, 35, 36, 39, 51, 52, 58, 59, 63, 73, 83, 85, 88, 90, 93, 99, 112, 119}
7934: {2, 3, 11, 16, 24, 28, 34, 37, 39, 44, 52, 58, 61, 66, 67, 76, 85, 86, 91, 93, 102, 107, 114}
7936: {1, 7, 10, 17, 24, 31, 34, 36, 38, 48, 53, 58, 61, 63, 67, 76, 85, 86, 90, 94, 102, 110, 116}
7956: {2, 7, 11, 16, 24, 28, 34, 37, 39, 42, 52, 58, 59, 66, 67, 76, 85, 86, 91, 93, 102, 107, 114}
7969: {1, 7, 9, 13, 24, 29, 34, 36, 38, 48, 53, 58, 59, 66, 69, 76, 85, 86, 90, 94, 102, 110, 119}
8001: {2, 4, 9, 13, 24, 28, 35, 36, 39, 41, 52, 58, 59, 63, 73, 83, 85, 88, 90, 93, 99, 112, 119}
8011: {2, 3, 9, 13, 24, 28, 35, 36, 39, 50, 52, 58, 59, 63, 73, 83, 85, 87, 90, 93, 105, 110, 119}
8016: {2, 7, 11, 15, 24, 28, 34, 37, 39, 43, 52, 58, 61, 66, 67, 76, 85, 86, 91, 93, 102, 107, 114}
8083: {1, 7, 9, 17, 24, 32, 34, 36, 38, 48, 53, 58, 61, 66, 69, 77, 85, 86, 90, 94, 102, 110, 117}
8090: {1, 7, 10, 17, 24, 29, 34, 36, 38, 48, 53, 58, 61, 66, 67, 77, 85, 86, 90, 94, 102, 110, 116}
