5: {2, 3, 9, 16, 24, 28, 34, 37, 39, 40, 53, 54, 59, 63, 67, 76, 85, 86, 90, 94, 99, 109, 114}
13: {2, 4, 9, 14, 23, 26, 34, 36, 39, 44, 52, 55, 59, 63, 67, 76, 85, 86, 90, 93, 99, 107, 114}
16: {2, 5, 11, 16, 24, 28, 34, 36, 38, 40, 52, 54, 59, 63, 67, 76, 85, 86, 90, 93, 99, 111, 113}
17: {2, 6, 11, 15, 24, 28, 34, 37, 39, 40, 53, 54, 59, 63, 67, 76, 85, 86, 90, 94, 99, 109, 114}
27: {2, 3, 10, 14, 23, 26, 34, 36, 39, 41, 52, 55, 59, 63, 67, 76, 85, 86, 90, 93, 99, 108, 115}
71: {2, 6, 11, 14, 23, 27, 34, 37, 38, 43, 53, 56, 59, 63, 67, 76, 85, 86, 90, 93, 99, 110, 116}
81: {2, 3, 9, 13, 24, 28, 34, 37, 39, 40, 53, 54, 60, 63, 67, 76, 85, 86, 90, 94, 99, 107, 114}
90: {2, 5, 11, 13, 24, 28, 34, 36, 38, 41, 52, 54, 59, 63, 67, 76, 85, 86, 90, 93, 99, 110, 113}
95: {2, 3, 9, 13, 24, 28, 34, 37, 39, 41, 53, 54, 59, 63, 67, 76, 85, 86, 90, 94, 99, 109, 114}
98: {2, 3, 9, 14, 23, 26, 34, 36, 39, 41, 52, 55, 59, 63, 67, 76, 85, 86, 90, 93, 98, 108, 114}
118: {2, 3, 10, 14, 23, 27, 34, 36, 39, 44, 52, 57, 59, 65, 67, 76, 85, 86, 90, 93, 98, 111, 114}
128: {2, 6, 11, 16, 24, 28, 34, 37, 39, 45, 53, 54, 59, 63, 67, 76, 85, 86, 90, 94, 99, 109, 114}
149: {2, 4, 9, 14, 23, 27, 34, 36, 39, 40, 52, 55, 59, 63, 67, 76, 85, 86, 90, 93, 98, 108, 114}
188: {2, 6, 11, 16, 24, 28, 34, 36, 38, 43, 52, 54, 59, 63, 67, 76, 85, 86, 90, 93, 98, 110, 113}
192: {2, 3, 9, 15, 23, 27, 34, 37, 38, 44, 53, 56, 59, 63, 67, 76, 85, 86, 90, 93, 99, 110, 116}
193: {2, 4, 9, 15, 23, 27, 34, 36, 39, 44, 52, 55, 59, 63, 67, 76, 85, 86, 90, 93, 99, 107, 115}
207: {2, 4, 9, 15, 23, 26, 34, 36, 39, 41, 52, 55, 59, 63, 67, 76, 85, 86, 90, 93, 99, 108, 114}
219: {2, 3, 10, 15, 23, 27, 34, 36, 39, 44, 52, 55, 59, 63, 67, 76, 85, 86, 90, 93, 99, 107, 114}
227: {2, 3, 9, 15, 23, 26, 34, 36, 39, 42, 52, 55, 59, 63, 67, 76, 85, 86, 90, 93, 99, 108, 114}
250: {2, 3, 9, 13, 24, 28, 34, 37, 39, 43, 53, 54, 60, 63, 67, 76, 85, 86, 90, 94, 98, 107, 114}
273: {2, 3, 10, 15, 23, 27, 34, 36, 39, 40, 52, 55, 59, 63, 67, 76, 85, 86, 90, 93, 99, 107, 114}
274: {2, 3, 10, 14, 23, 26, 34, 36, 39, 40, 52, 55, 59, 63, 67, 76, 85, 86, 90, 93, 99, 108, 115}
285: {2, 4, 10, 15, 23, 27, 34, 36, 39, 41, 52, 55, 59, 63, 67, 76, 85, 86, 90, 93, 98, 108, 115}
291: {2, 3, 11, 16, 24, 28, 34, 36, 38, 42, 52, 54, 59, 63, 67, 76, 85, 86, 90, 93, 98, 111, 113}
292: {2, 4, 10, 14, 23, 27, 34, 36, 39, 41, 52, 55, 59, 63, 67, 76, 85, 86, 90, 93, 98, 107, 114}
304: {2, 4, 10, 15, 23, 26, 34, 36, 39, 41, 52, 55, 59, 63, 67, 76, 85, 86, 90, 93, 98, 107, 114}
305: {2, 3, 10, 15, 23, 27, 34, 36, 39, 42, 52, 55, 59, 63, 67, 76, 85, 86, 90, 93, 98, 107, 114}
308: {2, 3, 9, 14, 23, 27, 34, 36, 39, 42, 52, 55, 59, 63, 67, 76, 85, 86, 90, 93, 99, 108, 115}
313: {2, 3, 10, 14, 23, 27, 34, 36, 39, 41, 52, 55, 59, 63, 67, 76, 85, 86, 90, 93, 98, 107, 114}
332: {2, 4, 9, 15, 23, 27, 34, 36, 39, 41, 52, 55, 59, 63, 67, 76, 85, 86, 90, 93, 98, 107, 115}
342: {2, 4, 10, 15, 23, 26, 34, 36, 39, 41, 52, 55, 59, 63, 67, 76, 85, 86, 90, 93, 98, 108, 114}
346: {2, 3, 11, 13, 24, 28, 34, 37, 39, 41, 53, 54, 59, 64, 67, 76, 85, 86, 90, 94, 99, 109, 114}
355: {2, 3, 10, 14, 23, 27, 34, 36, 39, 44, 52, 57, 59, 65, 67, 76, 85, 86, 90, 93, 98, 107, 117}
391: {2, 4, 9, 14, 23, 26, 34, 36, 39, 41, 52, 55, 59, 63, 67, 76, 85, 86, 90, 93, 99, 107, 115}
404: {2, 4, 9, 14, 23, 27, 34, 36, 39, 44, 52, 55, 59, 63, 67, 76, 85, 86, 90, 93, 99, 107, 115}
423: {1, 3, 10, 13, 23, 25, 34, 36, 38, 43, 52, 54, 59, 63, 67, 76, 85, 86, 90, 93, 99, 107, 113}
426: {2, 3, 9, 15, 23, 26, 34, 37, 38, 41, 53, 56, 59, 63, 67, 76, 85, 86, 90, 93, 99, 110, 116}
429: {2, 3, 9, 15, 24, 28, 34, 37, 39, 43, 53, 54, 60, 64, 67, 76, 85, 86, 90, 94, 98, 109, 114}
445: {2, 3, 9, 14, 23, 27, 34, 36, 39, 44, 52, 55, 59, 63, 67, 76, 85, 86, 90, 93, 98, 108, 115}
452: {2, 4, 9, 15, 23, 27, 34, 36, 39, 42, 52, 55, 59, 63, 67, 76, 85, 86, 90, 93, 98, 108, 114}
469: {2, 4, 10, 14, 23, 27, 34, 36, 39, 42, 52, 55, 59, 63, 67, 76, 85, 86, 90, 93, 98, 108, 114}
486: {2, 6, 10, 14, 23, 26, 34, 36, 39, 43, 52, 57, 59, 65, 67, 76, 85, 86, 90, 93, 98, 111, 114}
546: {2, 3, 9, 15, 23, 26, 34, 36, 39, 44, 52, 55, 59, 63, 67, 76, 85, 86, 90, 93, 98, 107, 115}
567: {2, 3, 10, 14, 23, 26, 34, 36, 39, 42, 52, 55, 59, 63, 67, 76, 85, 86, 90, 93, 99, 108, 114}
592: {2, 3, 9, 16, 24, 28, 34, 37, 39, 45, 53, 54, 59, 64, 67, 76, 85, 86, 90, 94, 98, 107, 114}
595: {2, 3, 9, 14, 23, 26, 34, 36, 39, 42, 52, 55, 59, 63, 67, 76, 85, 86, 90, 93, 98, 108, 115}
618: {2, 4, 10, 15, 23, 27, 34, 36, 39, 42, 52, 55, 59, 63, 67, 76, 85, 86, 90, 93, 98, 107, 114}
624: {2, 6, 10, 14, 23, 26, 34, 36, 39, 41, 52, 57, 59, 65, 67, 76, 85, 86, 90, 93, 98, 107, 117}
633: {2, 3, 11, 13, 23, 28, 34, 36, 39, 41, 53, 56, 59, 63, 67, 78, 85, 86, 90, 93, 98, 110, 116}
638: {2, 3, 10, 14, 23, 27, 34, 36, 39, 41, 52, 55, 59, 63, 67, 76, 85, 86, 90, 93, 98, 108, 115}
642: {2, 3, 10, 13, 23, 26, 34, 36, 39, 41, 52, 57, 59, 65, 67, 76, 85, 86, 90, 93, 99, 111, 114}
643: {2, 6, 10, 13, 23, 27, 34, 36, 39, 44, 52, 57, 59, 65, 67, 76, 85, 86, 90, 93, 98, 107, 117}
660: {2, 6, 11, 16, 24, 28, 34, 36, 38, 40, 52, 54, 59, 63, 67, 76, 85, 86, 90, 93, 99, 111, 113}
661: {2, 4, 9, 15, 23, 26, 34, 36, 39, 41, 52, 55, 59, 63, 67, 76, 85, 86, 90, 93, 98, 107, 114}
670: {2, 3, 10, 15, 23, 26, 34, 36, 39, 44, 52, 55, 59, 63, 67, 76, 85, 86, 90, 93, 99, 108, 114}
680: {2, 4, 9, 15, 23, 26, 34, 36, 39, 42, 52, 55, 59, 63, 67, 76, 85, 86, 90, 93, 98, 107, 115}
685: {2, 3, 11, 13, 23, 28, 34, 36, 39, 43, 53, 56, 59, 63, 69, 76, 85, 86, 90, 93, 99, 110, 116}
689: {2, 3, 10, 14, 23, 27, 34, 36, 39, 44, 52, 55, 59, 63, 67, 76, 85, 86, 90, 93, 98, 108, 115}
712: {2, 6, 9, 13, 24, 28, 34, 37, 39, 43, 53, 54, 60, 64, 67, 76, 85, 86, 90, 94, 99, 109, 114}
747: {2, 4, 10, 15, 23, 27, 34, 36, 39, 44, 52, 55, 59, 63, 67, 76, 85, 86, 90, 93, 99, 107, 114}
749: {1, 3, 9, 13, 23, 25, 34, 36, 38, 44, 52, 54, 59, 63, 67, 76, 85, 86, 90, 93, 99, 110, 113}
753: {2, 6, 9, 15, 23, 26, 34, 37, 38, 41, 53, 56, 59, 63, 67, 76, 85, 86, 90, 93, 100, 110, 116}
775: {2, 6, 11, 16, 24, 28, 34, 37, 39, 45, 53, 54, 60, 63, 67, 76, 85, 86, 90, 94, 98, 109, 114}
789: {1, 3, 10, 13, 23, 25, 34, 36, 38, 40, 52, 54, 59, 63, 67, 76, 85, 86, 90, 93, 99, 107, 114}
790: {2, 3, 10, 14, 23, 27, 34, 36, 39, 43, 52, 57, 59, 65, 67, 76, 85, 86, 90, 93, 98, 111, 117}
793: {2, 3, 10, 15, 23, 26, 34, 36, 39, 40, 52, 55, 59, 63, 67, 76, 85, 86, 90, 93, 98, 108, 114}
796: {1, 3, 10, 13, 23, 25, 34, 36, 38, 41, 52, 54, 59, 63, 67, 76, 85, 86, 90, 93, 99, 107, 113}
797: {2, 4, 10, 14, 23, 27, 34, 36, 39, 41, 52, 55, 59, 63, 67, 76, 85, 86, 90, 93, 98, 108, 114}
812: {2, 4, 9, 14, 23, 26, 34, 36, 39, 41, 52, 55, 59, 63, 67, 76, 85, 86, 90, 93, 98, 108, 115}
816: {2, 3, 9, 15, 23, 26, 34, 36, 39, 41, 52, 55, 59, 63, 67, 76, 85, 86, 90, 93, 98, 107, 115}
818: {2, 3, 10, 14, 23, 26, 34, 36, 39, 41, 52, 57, 59, 65, 67, 76, 85, 86, 90, 93, 98, 111, 114}
831: {2, 5, 11, 16, 24, 28, 34, 36, 38, 43, 52, 54, 59, 63, 67, 76, 85, 86, 90, 93, 98, 110, 113}
832: {2, 6, 11, 14, 23, 26, 34, 37, 38, 44, 53, 56, 59, 63, 67, 76, 85, 86, 90, 93, 99, 110, 116}
844: {2, 5, 11, 16, 24, 28, 34, 36, 38, 41, 52, 54, 59, 63, 67, 76, 85, 86, 90, 93, 98, 111, 113}
847: {2, 3, 10, 14, 23, 26, 34, 36, 39, 41, 52, 55, 59, 63, 67, 76, 85, 86, 90, 93, 99, 107, 115}
861: {2, 6, 10, 13, 23, 27, 34, 36, 39, 44, 52, 57, 59, 65, 67, 76, 85, 86, 90, 93, 99, 111, 117}
868: {2, 6, 10, 14, 23, 27, 34, 36, 39, 43, 52, 57, 59, 65, 67, 76, 85, 86, 90, 93, 99, 111, 117}
877: {2, 3, 10, 15, 23, 26, 34, 36, 39, 40, 52, 55, 59, 63, 67, 76, 85, 86, 90, 93, 99, 108, 115}
887: {2, 3, 9, 14, 23, 26, 34, 36, 39, 41, 52, 55, 59, 63, 67, 76, 85, 86, 90, 93, 99, 107, 114}
891: {2, 3, 11, 13, 23, 28, 34, 36, 39, 46, 53, 56, 59, 63, 68, 77, 85, 86, 90, 93, 99, 111, 116}
904: {2, 3, 9, 15, 24, 28, 34, 37, 39, 45, 53, 54, 60, 63, 67, 76, 85, 86, 90, 94, 99, 107, 114}
909: {1, 6, 10, 13, 23, 25, 34, 36, 38, 43, 52, 54, 59, 63, 67, 76, 85, 86, 90, 93, 99, 110, 113}
912: {2, 3, 11, 16, 24, 28, 34, 37, 39, 43, 53, 54, 60, 64, 67, 76, 85, 86, 90, 94, 98, 109, 114}
914: {2, 6, 11, 16, 24, 28, 34, 37, 39, 41, 53, 54, 59, 63, 67, 76, 85, 86, 90, 94, 98, 109, 114}
918: {2, 3, 10, 16, 23, 28, 34, 36, 39, 41, 53, 56, 59, 63, 68, 76, 85, 86, 90, 93, 99, 111, 116}
937: {2, 3, 10, 14, 23, 26, 34, 36, 39, 44, 52, 55, 59, 63, 67, 76, 85, 86, 90, 93, 98, 108, 115}
941: {2, 4, 10, 14, 23, 26, 34, 36, 39, 41, 52, 55, 59, 63, 67, 76, 85, 86, 90, 93, 99, 108, 114}
946: {2, 6, 11, 13, 24, 28, 34, 37, 39, 45, 53, 54, 60, 64, 67, 76, 85, 86, 90, 94, 99, 109, 114}
951: {1, 3, 10, 15, 23, 25, 34, 36, 38, 44, 52, 54, 59, 63, 67, 76, 85, 86, 90, 93, 99, 107, 113}
960: {2, 3, 10, 14, 23, 27, 34, 36, 39, 40, 52, 55, 59, 63, 67, 76, 85, 86, 90, 93, 99, 108, 115}
975: {2, 6, 11, 13, 23, 28, 34, 36, 39, 46, 53, 56, 59, 63, 69, 76, 85, 86, 90, 93, 98, 111, 116}
978: {2, 3, 11, 13, 23, 28, 34, 36, 39, 41, 53, 56, 59, 63, 69, 77, 85, 86, 90, 93, 98, 111, 116}
993: {2, 3, 9, 13, 24, 28, 34, 37, 39, 43, 53, 54, 60, 63, 67, 76, 85, 86, 90, 94, 99, 107, 114}
997: {2, 3, 10, 14, 23, 27, 34, 36, 39, 41, 52, 55, 59, 63, 67, 76, 85, 86, 90, 93, 99, 107, 115}
1015: {2, 6, 11, 16, 24, 28, 34, 37, 39, 45, 53, 54, 60, 64, 67, 76, 85, 86, 90, 94, 98, 107, 114}
1016: {2, 6, 11, 14, 23, 26, 34, 37, 38, 43, 53, 56, 59, 63, 67, 76, 85, 86, 90, 93, 100, 110, 116}
1031: {2, 3, 11, 16, 23, 28, 34, 36, 39, 46, 53, 56, 59, 63, 68, 78, 85, 86, 90, 93, 99, 111, 116}
1038: {2, 6, 11, 14, 23, 26, 34, 37, 38, 41, 53, 56, 59, 63, 67, 76, 85, 86, 90, 93, 99, 110, 116}
1041: {2, 3, 10, 14, 23, 26, 34, 36, 39, 44, 52, 57, 59, 65, 67, 76, 85, 86, 90, 93, 99, 111, 117}
1056: {2, 4, 9, 14, 23, 27, 34, 36, 39, 40, 52, 55, 59, 63, 67, 76, 85, 86, 90, 93, 98, 107, 114}
1057: {2, 3, 11, 15, 23, 27, 34, 37, 38, 43, 53, 56, 59, 63, 67, 76, 85, 86, 90, 93, 99, 110, 116}
1068: {2, 6, 11, 15, 24, 28, 34, 37, 39, 43, 53, 54, 60, 63, 67, 76, 85, 86, 90, 94, 99, 109, 114}
1090: {2, 3, 10, 14, 23, 27, 34, 36, 39, 44, 52, 55, 59, 63, 67, 76, 85, 86, 90, 93, 98, 107, 114}
1109: {2, 4, 10, 14, 23, 27, 34, 36, 39, 40, 52, 55, 59, 63, 67, 76, 85, 86, 90, 93, 99, 108, 114}
1135: {2, 3, 10, 15, 23, 26, 34, 36, 39, 42, 52, 55, 59, 63, 67, 76, 85, 86, 90, 93, 98, 108, 114}
1146: {2, 3, 11, 15, 24, 28, 34, 37, 39, 41, 53, 54, 60, 63, 67, 76, 85, 86, 90, 94, 99, 107, 114}
1152: {2, 6, 10, 13, 23, 26, 34, 36, 39, 41, 52, 57, 59, 65, 67, 76, 85, 86, 90, 93, 98, 111, 117}
1161: {2, 4, 10, 15, 23, 26, 34, 36, 39, 42, 52, 55, 59, 63, 67, 76, 85, 86, 90, 93, 99, 108, 114}
1174: {2, 3, 11, 13, 24, 28, 34, 36, 38, 42, 52, 54, 59, 63, 67, 76, 85, 86, 90, 93, 98, 110, 113}
1180: {2, 6, 10, 13, 23, 26, 34, 36, 39, 44, 52, 57, 59, 65, 67, 76, 85, 86, 90, 93, 98, 107, 117}
1194: {2, 6, 10, 13, 23, 27, 34, 36, 39, 43, 52, 57, 59, 65, 67, 76, 85, 86, 90, 93, 99, 107, 117}
1198: {2, 4, 10, 15, 23, 26, 34, 36, 39, 41, 52, 55, 59, 63, 67, 76, 85, 86, 90, 93, 99, 108, 115}
1199: {2, 3, 9, 15, 23, 27, 34, 36, 39, 40, 52, 55, 59, 63, 67, 76, 85, 86, 90, 93, 99, 108, 114}
1211: {2, 3, 9, 13, 24, 28, 34, 37, 39, 43, 53, 54, 59, 64, 67, 76, 85, 86, 90, 94, 98, 109, 114}
1220: {2, 6, 11, 15, 24, 28, 34, 37, 39, 40, 53, 54, 60, 64, 67, 76, 85, 86, 90, 94, 99, 107, 114}
1250: {2, 6, 11, 16, 24, 28, 34, 37, 39, 40, 53, 54, 60, 63, 67, 76, 85, 86, 90, 94, 99, 109, 114}
1286: {2, 6, 11, 16, 24, 28, 34, 37, 39, 45, 53, 54, 60, 64, 67, 76, 85, 86, 90, 94, 98, 109, 114}
1296: {2, 3, 9, 16, 24, 28, 34, 37, 39, 40, 53, 54, 60, 63, 67, 76, 85, 86, 90, 94, 99, 109, 114}
1336: {2, 3, 11, 13, 23, 28, 34, 36, 39, 41, 53, 56, 59, 63, 69, 78, 85, 86, 90, 93, 98, 111, 116}
1347: {1, 6, 10, 13, 23, 25, 34, 36, 38, 40, 52, 54, 59, 63, 67, 76, 85, 86, 90, 93, 99, 110, 114}
1353: {2, 6, 9, 15, 24, 28, 34, 37, 39, 45, 53, 54, 60, 64, 67, 76, 85, 86, 90, 94, 99, 107, 114}
1367: {2, 3, 11, 16, 24, 28, 34, 37, 39, 41, 53, 54, 59, 64, 67, 76, 85, 86, 90, 94, 98, 109, 114}
1368: {2, 6, 9, 13, 24, 28, 34, 37, 39, 43, 53, 54, 59, 63, 67, 76, 85, 86, 90, 94, 99, 109, 114}
1369: {2, 3, 11, 16, 23, 28, 34, 36, 39, 41, 53, 56, 59, 63, 68, 78, 85, 86, 90, 93, 98, 110, 116}
1377: {2, 6, 11, 15, 24, 28, 34, 37, 39, 40, 53, 54, 59, 64, 67, 76, 85, 86, 90, 94, 98, 107, 114}
1406: {1, 6, 10, 15, 23, 25, 34, 36, 38, 43, 52, 54, 59, 63, 67, 76, 85, 86, 90, 93, 99, 107, 113}
1411: {2, 3, 11, 13, 24, 28, 34, 37, 39, 40, 53, 54, 60, 64, 67, 76, 85, 86, 90, 94, 98, 107, 114}
1422: {2, 3, 9, 15, 24, 28, 34, 37, 39, 43, 53, 54, 59, 64, 67, 76, 85, 86, 90, 94, 98, 107, 114}
1429: {2, 6, 10, 13, 23, 27, 34, 36, 39, 41, 52, 57, 59, 65, 67, 76, 85, 86, 90, 93, 98, 107, 117}
1436: {2, 3, 11, 13, 23, 28, 34, 36, 39, 46, 53, 56, 59, 63, 68, 77, 85, 86, 90, 93, 98, 111, 116}
1437: {2, 4, 10, 15, 23, 27, 34, 36, 39, 42, 52, 55, 59, 63, 67, 76, 85, 86, 90, 93, 98, 108, 115}
1452: {1, 6, 9, 13, 23, 25, 34, 36, 38, 40, 52, 54, 59, 63, 67, 76, 85, 86, 90, 93, 99, 110, 113}
1453: {2, 3, 11, 13, 24, 28, 34, 37, 39, 41, 53, 54, 60, 64, 67, 76, 85, 86, 90, 94, 99, 109, 114}
1455: {2, 3, 9, 16, 24, 28, 34, 37, 39, 41, 53, 54, 60, 64, 67, 76, 85, 86, 90, 94, 98, 109, 114}
1460: {1, 6, 9, 15, 23, 25, 34, 36, 38, 40, 52, 54, 59, 63, 67, 76, 85, 86, 90, 93, 99, 107, 113}
1467: {2, 3, 11, 13, 23, 28, 34, 36, 39, 41, 53, 56, 59, 63, 68, 78, 85, 86, 90, 93, 99, 111, 116}
1470: {2, 3, 9, 13, 24, 28, 34, 37, 39, 41, 53, 54, 59, 63, 67, 76, 85, 86, 90, 94, 98, 107, 114}
1476: {2, 6, 11, 13, 24, 28, 34, 37, 39, 40, 53, 54, 59, 64, 67, 76, 85, 86, 90, 94, 99, 107, 114}
1486: {1, 3, 10, 13, 23, 25, 34, 36, 38, 41, 52, 54, 59, 63, 67, 76, 85, 86, 90, 93, 98, 110, 113}
1499: {2, 3, 11, 13, 24, 28, 34, 37, 39, 40, 53, 54, 59, 64, 67, 76, 85, 86, 90, 94, 98, 109, 114}
1532: {2, 6, 9, 15, 24, 28, 34, 37, 39, 45, 53, 54, 59, 63, 67, 76, 85, 86, 90, 94, 99, 107, 114}
1555: {2, 6, 11, 13, 24, 28, 34, 37, 39, 45, 53, 54, 59, 63, 67, 76, 85, 86, 90, 94, 99, 109, 114}
1569: {1, 6, 9, 13, 23, 25, 34, 36, 38, 40, 52, 54, 59, 63, 67, 76, 85, 86, 90, 93, 98, 110, 113}
1585: {2, 6, 9, 16, 24, 28, 34, 37, 39, 45, 53, 54, 59, 64, 67, 76, 85, 86, 90, 94, 98, 107, 114}
1588: {2, 3, 11, 13, 24, 28, 34, 37, 39, 43, 53, 54, 60, 63, 67, 76, 85, 86, 90, 94, 99, 107, 114}
1614: {1, 6, 9, 15, 23, 25, 34, 36, 38, 43, 52, 54, 59, 63, 67, 76, 85, 86, 90, 93, 98, 107, 113}
1619: {2, 3, 9, 13, 24, 28, 34, 37, 39, 45, 53, 54, 59, 63, 67, 76, 85, 86, 90, 94, 99, 107, 114}
1620: {2, 3, 11, 13, 24, 28, 34, 37, 39, 45, 53, 54, 60, 64, 67, 76, 85, 86, 90, 94, 99, 107, 114}
1621: {2, 3, 9, 16, 24, 28, 34, 37, 39, 45, 53, 54, 59, 63, 67, 76, 85, 86, 90, 94, 98, 107, 114}
1623: {2, 6, 9, 13, 24, 28, 34, 37, 39, 43, 53, 54, 59, 64, 67, 76, 85, 86, 90, 94, 99, 107, 114}
1640: {2, 3, 9, 13, 24, 28, 34, 37, 39, 40, 53, 54, 60, 63, 67, 76, 85, 86, 90, 94, 98, 109, 114}
1647: {2, 3, 9, 14, 23, 27, 34, 36, 39, 41, 52, 55, 59, 63, 67, 76, 85, 86, 90, 93, 99, 108, 115}
1664: {2, 3, 9, 14, 23, 27, 34, 36, 39, 41, 52, 55, 59, 63, 67, 76, 85, 86, 90, 93, 98, 108, 114}
1677: {2, 3, 9, 15, 24, 28, 34, 37, 39, 41, 53, 54, 60, 63, 67, 76, 85, 86, 90, 94, 98, 109, 114}
1681: {2, 4, 9, 15, 23, 27, 34, 36, 39, 41, 52, 55, 59, 63, 67, 76, 85, 86, 90, 93, 99, 108, 114}
1709: {2, 6, 11, 16, 24, 28, 34, 37, 39, 40, 53, 54, 59, 63, 67, 76, 85, 86, 90, 94, 98, 107, 114}
1715: {2, 6, 11, 15, 24, 28, 34, 37, 39, 43, 53, 54, 59, 64, 67, 76, 85, 86, 90, 94, 99, 109, 114}
1718: {2, 3, 10, 15, 23, 27, 34, 36, 39, 40, 52, 55, 59, 63, 67, 76, 85, 86, 90, 93, 99, 108, 115}
1720: {2, 6, 9, 15, 24, 28, 34, 37, 39, 40, 53, 54, 59, 63, 67, 76, 85, 86, 90, 94, 98, 109, 114}
1727: {2, 3, 9, 13, 24, 28, 34, 37, 39, 40, 53, 54, 59, 64, 67, 76, 85, 86, 90, 94, 98, 109, 114}
1751: {2, 3, 11, 16, 24, 28, 34, 37, 39, 40, 53, 54, 60, 64, 67, 76, 85, 86, 90, 94, 99, 107, 114}
1755: {1, 6, 10, 13, 23, 25, 34, 36, 38, 41, 52, 54, 59, 63, 67, 76, 85, 86, 90, 93, 99, 107, 114}
1775: {2, 3, 11, 13, 23, 28, 34, 36, 39, 43, 53, 56, 59, 63, 68, 76, 85, 86, 90, 93, 98, 111, 116}
1787: {1, 6, 10, 13, 23, 25, 34, 36, 38, 41, 52, 54, 59, 63, 67, 76, 85, 86, 90, 93, 98, 107, 113}
1793: {2, 3, 11, 13, 24, 28, 34, 37, 39, 45, 53, 54, 60, 63, 67, 76, 85, 86, 90, 94, 99, 109, 114}
1808: {2, 3, 11, 16, 23, 28, 34, 36, 39, 46, 53, 56, 59, 63, 69, 77, 85, 86, 90, 93, 99, 111, 116}
1815: {2, 3, 9, 15, 24, 28, 34, 37, 39, 45, 53, 54, 59, 63, 67, 76, 85, 86, 90, 94, 98, 109, 114}
1849: {2, 6, 11, 16, 23, 28, 34, 36, 39, 43, 53, 56, 59, 63, 69, 76, 85, 86, 90, 93, 98, 110, 116}
1851: {2, 6, 11, 17, 23, 28, 34, 36, 39, 41, 53, 56, 59, 63, 67, 77, 85, 86, 90, 93, 98, 110, 116}
1853: {2, 3, 11, 17, 23, 28, 34, 36, 39, 44, 53, 56, 59, 63, 67, 78, 85, 86, 90, 93, 99, 110, 116}
1858: {2, 3, 11, 17, 23, 28, 34, 36, 39, 44, 53, 56, 59, 63, 68, 78, 85, 86, 90, 93, 99, 110, 116}
1859: {1, 6, 9, 15, 23, 25, 34, 36, 38, 44, 52, 54, 59, 63, 67, 76, 85, 86, 90, 93, 99, 110, 114}
1860: {2, 3, 9, 15, 24, 28, 34, 37, 39, 45, 53, 54, 60, 64, 67, 76, 85, 86, 90, 94, 98, 107, 114}
1861: {2, 3, 11, 17, 23, 28, 34, 36, 39, 46, 53, 56, 59, 63, 68, 78, 85, 86, 90, 93, 99, 111, 116}
1866: {2, 3, 10, 17, 23, 28, 34, 36, 39, 44, 53, 56, 59, 63, 69, 78, 85, 86, 90, 93, 99, 111, 116}
1867: {2, 3, 10, 13, 23, 28, 34, 36, 39, 46, 53, 56, 59, 63, 69, 76, 85, 86, 90, 93, 99, 110, 116}
1869: {2, 3, 9, 13, 24, 28, 34, 37, 39, 41, 53, 54, 59, 64, 67, 76, 85, 86, 90, 94, 98, 109, 114}
1892: {2, 3, 11, 15, 24, 28, 34, 37, 39, 45, 53, 54, 60, 64, 67, 76, 85, 86, 90, 94, 99, 109, 114}
1906: {2, 6, 11, 13, 24, 28, 34, 37, 39, 40, 53, 54, 59, 63, 67, 76, 85, 86, 90, 94, 99, 109, 114}
1910: {2, 6, 9, 15, 24, 28, 34, 37, 39, 41, 53, 54, 60, 64, 67, 76, 85, 86, 90, 94, 99, 107, 114}
1917: {1, 6, 10, 15, 23, 25, 34, 36, 38, 44, 52, 54, 59, 63, 67, 76, 85, 86, 90, 93, 98, 110, 113}
1929: {2, 6, 9, 15, 24, 28, 34, 37, 39, 45, 53, 54, 59, 64, 67, 76, 85, 86, 90, 94, 98, 107, 114}
1940: {2, 3, 9, 16, 24, 28, 34, 37, 39, 40, 53, 54, 60, 63, 67, 76, 85, 86, 90, 94, 98, 107, 114}
1951: {2, 3, 11, 16, 23, 28, 34, 36, 39, 44, 53, 56, 59, 63, 69, 77, 85, 86, 90, 93, 99, 110, 116}
1961: {2, 3, 11, 16, 23, 28, 34, 36, 39, 46, 53, 56, 59, 63, 67, 78, 85, 86, 90, 93, 98, 111, 116}
1994: {2, 3, 11, 16, 23, 28, 34, 36, 39, 43, 53, 56, 59, 63, 68, 76, 85, 86, 90, 93, 99, 111, 116}
2000: {2, 3, 9, 13, 24, 28, 34, 37, 39, 40, 53, 54, 59, 64, 67, 76, 85, 86, 90, 94, 98, 107, 114}
2005: {1, 6, 10, 15, 23, 25, 34, 36, 38, 44, 52, 54, 59, 63, 67, 76, 85, 86, 90, 93, 99, 110, 113}
2006: {2, 3, 10, 14, 23, 27, 34, 36, 39, 41, 52, 57, 59, 65, 67, 76, 85, 86, 90, 93, 99, 107, 114}
2008: {2, 6, 11, 15, 24, 28, 34, 37, 39, 45, 53, 54, 60, 63, 67, 76, 85, 86, 90, 94, 99, 107, 114}
2028: {2, 3, 11, 13, 23, 28, 34, 36, 39, 41, 53, 56, 59, 63, 67, 77, 85, 86, 90, 93, 99, 110, 116}
2036: {2, 3, 9, 16, 24, 28, 34, 37, 39, 43, 53, 54, 59, 63, 67, 76, 85, 86, 90, 94, 99, 109, 114}
2040: {2, 3, 10, 17, 23, 28, 34, 36, 39, 44, 53, 56, 59, 63, 67, 77, 85, 86, 90, 93, 98, 111, 116}
2050: {2, 6, 11, 16, 23, 28, 34, 36, 39, 41, 53, 56, 59, 63, 67, 77, 85, 86, 90, 93, 99, 111, 116}
2052: {2, 3, 10, 15, 23, 26, 34, 36, 39, 40, 52, 55, 59, 63, 67, 76, 85, 86, 90, 93, 98, 107, 115}
2056: {2, 6, 11, 15, 24, 28, 34, 37, 39, 40, 53, 54, 60, 64, 67, 76, 85, 86, 90, 94, 98, 107, 114}
2059: {2, 3, 11, 15, 24, 28, 34, 37, 39, 43, 53, 54, 59, 64, 67, 76, 85, 86, 90, 94, 99, 109, 114}
2081: {2, 3, 11, 16, 24, 28, 34, 37, 39, 40, 53, 54, 60, 63, 67, 76, 85, 86, 90, 94, 99, 107, 114}
2095: {2, 6, 11, 13, 24, 28, 34, 37, 39, 40, 53, 54, 60, 64, 67, 76, 85, 86, 90, 94, 98, 107, 114}
2097: {2, 6, 11, 16, 23, 28, 34, 36, 39, 41, 53, 56, 59, 63, 67, 76, 85, 86, 90, 93, 99, 110, 116}
2099: {1, 3, 9, 15, 23, 25, 34, 36, 38, 41, 52, 54, 59, 63, 67, 76, 85, 86, 90, 93, 98, 107, 114}
2101: {2, 3, 10, 16, 23, 28, 34, 36, 39, 43, 53, 56, 59, 63, 67, 78, 85, 86, 90, 93, 98, 111, 116}
2104: {2, 3, 11, 17, 23, 28, 34, 36, 39, 43, 53, 56, 59, 63, 69, 78, 85, 86, 90, 93, 99, 111, 116}
2110: {2, 6, 11, 16, 23, 28, 34, 36, 39, 43, 53, 56, 59, 63, 67, 76, 85, 86, 90, 93, 98, 110, 116}
2113: {1, 3, 9, 15, 23, 25, 34, 36, 38, 44, 52, 54, 59, 63, 67, 76, 85, 86, 90, 93, 99, 110, 114}
2117: {2, 3, 10, 17, 23, 28, 34, 36, 39, 44, 53, 56, 59, 63, 67, 78, 85, 86, 90, 93, 98, 111, 116}
2124: {2, 3, 11, 13, 23, 28, 34, 36, 39, 46, 53, 56, 59, 63, 67, 77, 85, 86, 90, 93, 98, 110, 116}
2135: {2, 3, 11, 13, 23, 28, 34, 36, 39, 44, 53, 56, 59, 63, 69, 78, 85, 86, 90, 93, 99, 110, 116}
2136: {2, 3, 10, 16, 23, 28, 34, 36, 39, 46, 53, 56, 59, 63, 69, 76, 85, 86, 90, 93, 99, 111, 116}
2140: {2, 3, 11, 16, 23, 28, 34, 36, 39, 44, 53, 56, 59, 63, 69, 78, 85, 86, 90, 93, 98, 111, 116}
2149: {2, 6, 11, 17, 23, 28, 34, 36, 39, 46, 53, 56, 59, 63, 67, 76, 85, 86, 90, 93, 99, 111, 116}
2172: {2, 3, 11, 16, 23, 28, 34, 36, 39, 41, 53, 56, 59, 63, 68, 78, 85, 86, 90, 93, 99, 110, 116}
2181: {2, 3, 11, 17, 23, 28, 34, 36, 39, 44, 53, 56, 59, 63, 69, 78, 85, 86, 90, 93, 99, 111, 116}
2182: {2, 3, 10, 13, 23, 28, 34, 36, 39, 46, 53, 56, 59, 63, 68, 77, 85, 86, 90, 93, 99, 110, 116}
2184: {2, 3, 10, 17, 23, 28, 34, 36, 39, 44, 53, 56, 59, 63, 68, 77, 85, 86, 90, 93, 98, 110, 116}
2207: {2, 3, 10, 17, 23, 28, 34, 36, 39, 46, 53, 56, 59, 63, 68, 77, 85, 86, 90, 93, 98, 110, 116}
2210: {2, 3, 10, 16, 23, 28, 34, 36, 39, 44, 53, 56, 59, 63, 69, 77, 85, 86, 90, 93, 99, 110, 116}
2220: {2, 3, 10, 13, 23, 28, 34, 36, 39, 44, 53, 56, 59, 63, 69, 76, 85, 86, 90, 93, 98, 110, 116}
2221: {2, 3, 11, 17, 23, 28, 34, 36, 39, 44, 53, 56, 59, 63, 69, 76, 85, 86, 90, 93, 99, 110, 116}
2230: {2, 3, 11, 17, 23, 28, 34, 36, 39, 43, 53, 56, 59, 63, 68, 76, 85, 86, 90, 93, 98, 110, 116}
2232: {2, 3, 11, 17, 23, 28, 34, 36, 39, 44, 53, 56, 59, 63, 67, 77, 85, 86, 90, 93, 98, 110, 116}
2235: {2, 6, 10, 16, 23, 28, 34, 36, 39, 43, 53, 56, 59, 63, 69, 78, 85, 86, 90, 93, 98, 110, 116}
2236: {2, 3, 10, 17, 23, 28, 34, 36, 39, 43, 53, 56, 59, 63, 69, 76, 85, 86, 90, 93, 98, 111, 116}
2269: {2, 3, 10, 17, 23, 28, 34, 36, 39, 43, 53, 56, 59, 63, 67, 76, 85, 86, 90, 93, 98, 111, 116}
2272: {2, 6, 11, 13, 24, 28, 34, 37, 39, 41, 53, 54, 59, 64, 67, 76, 85, 86, 90, 94, 98, 107, 114}
2273: {2, 6, 11, 16, 23, 28, 34, 36, 39, 41, 53, 56, 59, 63, 67, 77, 85, 86, 90, 93, 98, 110, 116}
2291: {2, 3, 10, 16, 23, 28, 34, 36, 39, 46, 53, 56, 59, 63, 68, 78, 85, 86, 90, 93, 98, 111, 116}
2293: {2, 3, 10, 17, 23, 28, 34, 36, 39, 41, 53, 56, 59, 63, 69, 76, 85, 86, 90, 93, 99, 110, 116}
2304: {2, 3, 11, 16, 23, 28, 34, 36, 39, 44, 53, 56, 59, 63, 69, 76, 85, 86, 90, 93, 98, 111, 116}
2306: {2, 3, 10, 16, 23, 28, 34, 36, 39, 41, 53, 56, 59, 63, 69, 77, 85, 86, 90, 93, 99, 111, 116}
2316: {2, 6, 10, 13, 23, 28, 34, 36, 39, 44, 53, 56, 59, 63, 69, 78, 85, 86, 90, 93, 98, 110, 116}
2348: {2, 6, 10, 16, 23, 28, 34, 36, 39, 44, 53, 56, 59, 63, 68, 78, 85, 86, 90, 93, 99, 111, 116}
2371: {2, 3, 11, 13, 23, 28, 34, 36, 39, 44, 53, 56, 59, 63, 69, 76, 85, 86, 90, 93, 98, 111, 116}
2396: {2, 6, 11, 13, 23, 28, 34, 36, 39, 46, 53, 56, 59, 63, 68, 76, 85, 86, 90, 93, 98, 111, 116}
2401: {1, 3, 9, 15, 23, 25, 34, 36, 38, 41, 52, 54, 59, 63, 67, 76, 85, 86, 90, 93, 98, 110, 114}
2403: {2, 3, 11, 16, 23, 28, 34, 36, 39, 43, 53, 56, 59, 63, 68, 77, 85, 86, 90, 93, 98, 110, 116}
2406: {2, 3, 10, 13, 23, 28, 34, 36, 39, 44, 53, 56, 59, 63, 67, 76, 85, 86, 90, 93, 99, 110, 116}
2433: {2, 3, 11, 16, 23, 28, 34, 36, 39, 44, 53, 56, 59, 63, 67, 78, 85, 86, 90, 93, 99, 111, 116}
2462: {2, 6, 11, 16, 23, 28, 34, 36, 39, 43, 53, 56, 59, 63, 67, 76, 85, 86, 90, 93, 98, 111, 116}
2463: {2, 3, 10, 16, 23, 28, 34, 36, 39, 41, 53, 56, 59, 63, 68, 76, 85, 86, 90, 93, 98, 111, 116}
2480: {2, 3, 9, 16, 24, 28, 34, 37, 39, 41, 53, 54, 60, 63, 67, 76, 85, 86, 90, 94, 99, 107, 114}
2481: {2, 3, 11, 16, 23, 28, 34, 36, 39, 46, 53, 56, 59, 63, 68, 77, 85, 86, 90, 93, 98, 110, 116}
2492: {2, 3, 11, 17, 23, 28, 34, 36, 39, 41, 53, 56, 59, 63, 68, 76, 85, 86, 90, 93, 99, 111, 116}
2516: {2, 6, 11, 13, 23, 28, 34, 36, 39, 46, 53, 56, 59, 63, 67, 76, 85, 86, 90, 93, 98, 110, 116}
2527: {2, 3, 11, 16, 23, 28, 34, 36, 39, 46, 53, 56, 59, 63, 69, 76, 85, 86, 90, 93, 99, 111, 116}
2535: {2, 6, 11, 16, 23, 28, 34, 36, 39, 46, 53, 56, 59, 63, 69, 77, 85, 86, 90, 93, 98, 110, 116}
2575: {2, 3, 10, 13, 23, 28, 34, 36, 39, 43, 53, 56, 59, 63, 68, 76, 85, 86, 90, 93, 98, 110, 116}
2576: {2, 3, 10, 13, 23, 28, 34, 36, 39, 41, 53, 56, 59, 63, 67, 76, 85, 86, 90, 93, 98, 111, 116}
2577: {2, 3, 10, 16, 23, 28, 34, 36, 39, 46, 53, 56, 59, 63, 67, 78, 85, 86, 90, 93, 99, 111, 116}
2581: {2, 3, 10, 17, 23, 28, 34, 36, 39, 41, 53, 56, 59, 63, 69, 76, 85, 86, 90, 93, 98, 110, 116}
2603: {2, 3, 10, 13, 23, 28, 34, 36, 39, 41, 53, 56, 59, 63, 69, 78, 85, 86, 90, 93, 98, 110, 116}
2625: {2, 3, 10, 17, 23, 28, 34, 36, 39, 43, 53, 56, 59, 63, 68, 78, 85, 86, 90, 93, 99, 110, 116}
2655: {2, 3, 10, 16, 23, 28, 34, 36, 39, 43, 53, 56, 59, 63, 69, 78, 85, 86, 90, 93, 98, 110, 116}
2664: {2, 3, 11, 16, 23, 28, 34, 36, 39, 41, 53, 56, 59, 63, 68, 77, 85, 86, 90, 93, 98, 110, 116}
2667: {2, 3, 10, 13, 23, 28, 34, 36, 39, 41, 53, 56, 59, 63, 67, 78, 85, 86, 90, 93, 99, 110, 116}
2684: {1, 3, 11, 18, 24, 30, 34, 36, 38, 43, 52, 56, 59, 63, 67, 76, 85, 86, 90, 93, 99, 110, 116}
2692: {2, 3, 10, 16, 23, 28, 34, 36, 39, 44, 53, 56, 59, 63, 69, 78, 85, 86, 90, 93, 98, 111, 116}
2697: {2, 6, 11, 13, 23, 28, 34, 36, 39, 43, 53, 56, 59, 63, 68, 77, 85, 86, 90, 93, 98, 111, 116}
2698: {1, 3, 11, 16, 24, 29, 34, 36, 39, 45, 52, 56, 61, 66, 71, 77, 85, 86, 90, 95, 101, 111, 114}
2713: {2, 3, 11, 17, 23, 28, 34, 36, 39, 46, 53, 56, 59, 63, 68, 77, 85, 86, 90, 93, 99, 111, 116}
2718: {2, 6, 11, 17, 23, 28, 34, 36, 39, 44, 53, 56, 59, 63, 68, 77, 85, 86, 90, 93, 99, 110, 116}
2725: {2, 6, 10, 17, 23, 28, 34, 36, 39, 41, 53, 56, 59, 63, 69, 77, 85, 86, 90, 93, 98, 110, 116}
2729: {2, 6, 10, 16, 23, 28, 34, 36, 39, 43, 53, 56, 59, 63, 67, 77, 85, 86, 90, 93, 98, 110, 116}
2734: {2, 3, 10, 16, 23, 28, 34, 36, 39, 41, 53, 56, 59, 63, 67, 77, 85, 86, 90, 93, 98, 111, 116}
2741: {2, 3, 10, 13, 23, 28, 34, 36, 39, 46, 53, 56, 59, 63, 68, 76, 85, 86, 90, 93, 99, 111, 116}
2744: {2, 6, 10, 13, 23, 28, 34, 36, 39, 43, 53, 56, 59, 63, 69, 78, 85, 86, 90, 93, 98, 110, 116}
2746: {2, 3, 11, 17, 23, 28, 34, 36, 39, 44, 53, 56, 59, 63, 68, 76, 85, 86, 90, 93, 99, 111, 116}
2772: {2, 6, 11, 13, 23, 28, 34, 36, 39, 46, 53, 56, 59, 63, 67, 76, 85, 86, 90, 93, 99, 110, 116}
2773: {2, 3, 10, 17, 23, 28, 34, 36, 39, 41, 53, 56, 59, 63, 68, 77, 85, 86, 90, 93, 99, 110, 116}
2774: {2, 3, 10, 13, 23, 28, 34, 36, 39, 46, 53, 56, 59, 63, 68, 78, 85, 86, 90, 93, 98, 110, 116}
2782: {2, 3, 10, 17, 23, 28, 34, 36, 39, 43, 53, 56, 59, 63, 68, 77, 85, 86, 90, 93, 99, 110, 116}
2783: {2, 3, 11, 16, 23, 28, 34, 36, 39, 46, 53, 56, 59, 63, 68, 76, 85, 86, 90, 93, 98, 111, 116}
2804: {2, 6, 11, 16, 23, 28, 34, 36, 39, 41, 53, 56, 59, 63, 67, 77, 85, 86, 90, 93, 99, 110, 116}
2819: {2, 3, 11, 17, 23, 28, 34, 36, 39, 44, 53, 56, 59, 63, 67, 78, 85, 86, 90, 93, 99, 111, 116}
2831: {2, 3, 10, 17, 23, 28, 34, 36, 39, 44, 53, 56, 59, 63, 67, 77, 85, 86, 90, 93, 98, 110, 116}
2841: {2, 3, 11, 16, 23, 28, 34, 36, 39, 46, 53, 56, 59, 63, 68, 78, 85, 86, 90, 93, 98, 110, 116}
2867: {2, 3, 11, 17, 23, 28, 34, 36, 39, 41, 53, 56, 59, 63, 68, 77, 85, 86, 90, 93, 99, 111, 116}
2873: {2, 3, 10, 13, 23, 28, 34, 36, 39, 46, 53, 56, 59, 63, 69, 76, 85, 86, 90, 93, 99, 111, 116}
2874: {2, 3, 11, 17, 23, 28, 34, 36, 39, 43, 53, 56, 59, 63, 69, 76, 85, 86, 90, 93, 98, 111, 116}
2879: {2, 6, 11, 16, 23, 28, 34, 36, 39, 43, 53, 56, 59, 63, 68, 78, 85, 86, 90, 93, 99, 111, 116}
2881: {2, 3, 10, 17, 23, 28, 34, 36, 39, 43, 53, 56, 59, 63, 68, 76, 85, 86, 90, 93, 99, 110, 116}
2882: {2, 3, 9, 15, 24, 28, 34, 37, 39, 40, 53, 54, 59, 64, 67, 76, 85, 86, 90, 94, 98, 107, 114}
2916: {2, 3, 10, 16, 23, 28, 34, 36, 39, 46, 53, 56, 59, 63, 68, 78, 85, 86, 90, 93, 99, 110, 116}
2925: {2, 3, 10, 16, 23, 28, 34, 36, 39, 41, 53, 56, 59, 63, 69, 76, 85, 86, 90, 93, 98, 111, 116}
2934: {2, 3, 11, 17, 23, 28, 34, 36, 39, 43, 53, 56, 59, 63, 69, 76, 85, 86, 90, 93, 98, 110, 116}
2950: {2, 3, 10, 17, 23, 28, 34, 36, 39, 46, 53, 56, 59, 63, 67, 76, 85, 86, 90, 93, 99, 110, 116}
2964: {2, 6, 11, 13, 23, 28, 34, 36, 39, 46, 53, 56, 59, 63, 69, 78, 85, 86, 90, 93, 99, 111, 116}
2978: {2, 3, 11, 16, 23, 28, 34, 36, 39, 44, 53, 56, 59, 63, 68, 77, 85, 86, 90, 93, 99, 111, 116}
2981: {2, 3, 10, 17, 23, 28, 34, 36, 39, 46, 53, 56, 59, 63, 67, 77, 85, 86, 90, 93, 99, 110, 116}
2998: {2, 3, 10, 17, 23, 28, 34, 36, 39, 41, 53, 56, 59, 63, 68, 77, 85, 86, 90, 93, 98, 111, 116}
3003: {2, 6, 10, 13, 23, 28, 34, 36, 39, 46, 53, 56, 59, 63, 68, 78, 85, 86, 90, 93, 99, 111, 116}
3005: {1, 3, 11, 16, 24, 30, 34, 37, 38, 42, 52, 56, 59, 63, 67, 76, 85, 86, 90, 93, 98, 107, 116}
3030: {2, 6, 10, 16, 23, 28, 34, 36, 39, 44, 53, 56, 59, 63, 68, 77, 85, 86, 90, 93, 98, 110, 116}
3034: {2, 6, 10, 17, 23, 28, 34, 36, 39, 44, 53, 56, 59, 63, 69, 76, 85, 86, 90, 93, 99, 110, 116}
3044: {2, 6, 10, 13, 23, 28, 34, 36, 39, 43, 53, 56, 59, 63, 67, 78, 85, 86, 90, 93, 98, 110, 116}
3061: {1, 3, 11, 16, 24, 29, 34, 36, 39, 43, 52, 56, 61, 66, 69, 80, 85, 86, 90, 95, 101, 111, 116}
3069: {1, 3, 9, 15, 24, 30, 34, 36, 38, 43, 52, 56, 59, 63, 67, 76, 85, 86, 90, 93, 99, 107, 116}
3078: {2, 3, 11, 13, 23, 28, 34, 36, 39, 46, 53, 56, 59, 63, 67, 76, 85, 86, 90, 93, 98, 110, 116}
3117: {2, 6, 10, 13, 23, 28, 34, 36, 39, 41, 53, 56, 59, 63, 68, 76, 85, 86, 90, 93, 98, 111, 116}
3119: {1, 3, 9, 16, 24, 30, 34, 36, 38, 46, 52, 56, 59, 63, 67, 76, 85, 86, 90, 93, 98, 110, 116}
3124: {2, 3, 10, 17, 23, 28, 34, 36, 39, 41, 53, 56, 59, 63, 67, 78, 85, 86, 90, 93, 98, 110, 116}
3170: {1, 3, 9, 16, 24, 30, 34, 37, 38, 46, 52, 56, 59, 63, 67, 76, 85, 86, 90, 93, 99, 107, 116}
3171: {2, 6, 10, 16, 23, 28, 34, 36, 39, 41, 53, 56, 59, 63, 68, 78, 85, 86, 90, 93, 99, 111, 116}
3178: {2, 6, 10, 13, 23, 28, 34, 36, 39, 44, 53, 56, 59, 63, 67, 78, 85, 86, 90, 93, 98, 111, 116}
3181: {2, 6, 10, 13, 23, 28, 34, 36, 39, 46, 53, 56, 59, 63, 67, 76, 85, 86, 90, 93, 99, 110, 116}
3182: {1, 3, 11, 18, 24, 30, 34, 36, 38, 46, 52, 56, 59, 63, 67, 76, 85, 86, 90, 93, 98, 110, 116}
3187: {2, 6, 10, 16, 23, 28, 34, 36, 39, 46, 53, 56, 59, 63, 68, 76, 85, 86, 90, 93, 98, 110, 116}
3190: {2, 6, 11, 17, 23, 28, 34, 36, 39, 43, 53, 56, 59, 63, 67, 76, 85, 86, 90, 93, 98, 111, 116}
3203: {2, 6, 10, 17, 23, 28, 34, 36, 39, 46, 53, 56, 59, 63, 68, 76, 85, 86, 90, 93, 99, 111, 116}
3212: {1, 3, 11, 14, 24, 29, 34, 36, 39, 42, 52, 56, 61, 66, 70, 79, 85, 86, 90, 95, 101, 110, 116}
3216: {2, 6, 11, 16, 23, 28, 34, 36, 39, 46, 53, 56, 59, 63, 67, 77, 85, 86, 90, 93, 99, 110, 116}
3236: {1, 3, 11, 16, 24, 29, 34, 36, 39, 45, 52, 56, 61, 66, 71, 80, 85, 86, 90, 95, 101, 110, 114}
3237: {2, 6, 10, 17, 23, 28, 34, 36, 39, 43, 53, 56, 59, 63, 67, 76, 85, 86, 90, 93, 99, 111, 116}
3242: {2, 6, 10, 16, 23, 28, 34, 36, 39, 41, 53, 56, 59, 63, 69, 77, 85, 86, 90, 93, 98, 110, 116}
3251: {2, 6, 11, 16, 23, 28, 34, 36, 39, 46, 53, 56, 59, 63, 67, 77, 85, 86, 90, 93, 98, 111, 116}
3284: {2, 3, 10, 16, 23, 28, 34, 36, 39, 46, 53, 56, 59, 63, 67, 78, 85, 86, 90, 93, 98, 110, 116}
3288: {2, 6, 10, 17, 23, 28, 34, 36, 39, 43, 53, 56, 59, 63, 68, 78, 85, 86, 90, 93, 99, 111, 116}
3291: {2, 6, 10, 16, 23, 28, 34, 36, 39, 43, 53, 56, 59, 63, 68, 76, 85, 86, 90, 93, 98, 111, 116}
3301: {1, 3, 11, 16, 24, 29, 34, 36, 39, 45, 52, 56, 61, 66, 69, 77, 85, 86, 90, 95, 101, 111, 114}
3312: {2, 6, 10, 16, 23, 28, 34, 36, 39, 43, 53, 56, 59, 63, 69, 78, 85, 86, 90, 93, 99, 111, 116}
3325: {2, 6, 10, 16, 23, 28, 34, 36, 39, 41, 53, 56, 59, 63, 68, 76, 85, 86, 90, 93, 99, 110, 116}
3330: {2, 3, 11, 16, 23, 28, 34, 36, 39, 43, 53, 56, 59, 63, 67, 77, 85, 86, 90, 93, 98, 110, 116}
3331: {2, 6, 10, 17, 23, 28, 34, 36, 39, 46, 53, 56, 59, 63, 67, 77, 85, 86, 90, 93, 98, 110, 116}
3335: {1, 3, 11, 16, 24, 29, 34, 36, 39, 42, 52, 56, 61, 66, 71, 77, 85, 86, 90, 95, 101, 110, 114}
3351: {2, 6, 10, 13, 23, 28, 34, 36, 39, 44, 53, 56, 59, 63, 68, 77, 85, 86, 90, 93, 99, 110, 116}
3367: {1, 3, 9, 16, 24, 30, 34, 36, 38, 46, 52, 56, 59, 63, 67, 76, 85, 86, 90, 93, 98, 107, 116}
3380: {1, 6, 11, 14, 24, 29, 34, 36, 39, 42, 52, 56, 61, 66, 71, 80, 85, 86, 90, 95, 101, 110, 117}
3388: {2, 6, 11, 17, 23, 28, 34, 36, 39, 41, 53, 56, 59, 63, 68, 76, 85, 86, 90, 93, 99, 110, 116}
3393: {2, 3, 10, 13, 23, 28, 34, 36, 39, 44, 53, 56, 59, 63, 68, 76, 85, 86, 90, 93, 99, 110, 116}
3426: {1, 3, 11, 14, 24, 29, 34, 36, 39, 43, 52, 56, 61, 66, 70, 79, 85, 86, 90, 95, 101, 110, 117}
3439: {2, 6, 11, 17, 23, 28, 34, 36, 39, 46, 53, 56, 59, 63, 69, 78, 85, 86, 90, 93, 98, 111, 116}
3458: {1, 3, 11, 15, 24, 30, 34, 37, 38, 42, 52, 56, 59, 63, 67, 76, 85, 86, 90, 93, 98, 107, 116}
3475: {2, 3, 10, 13, 23, 28, 34, 36, 39, 46, 53, 56, 59, 63, 67, 76, 85, 86, 90, 93, 98, 110, 116}
3478: {1, 3, 11, 16, 24, 30, 34, 36, 38, 43, 52, 56, 59, 63, 67, 76, 85, 86, 90, 93, 98, 107, 116}
3480: {1, 3, 11, 16, 24, 29, 34, 36, 39, 45, 52, 56, 61, 66, 69, 77, 85, 86, 90, 95, 101, 110, 117}
3481: {2, 6, 10, 16, 23, 28, 34, 36, 39, 46, 53, 56, 59, 63, 69, 77, 85, 86, 90, 93, 98, 110, 116}
3485: {1, 3, 11, 15, 24, 30, 34, 37, 38, 43, 52, 56, 59, 63, 67, 76, 85, 86, 90, 93, 99, 107, 116}
3498: {2, 6, 11, 17, 23, 28, 34, 36, 39, 46, 53, 56, 59, 63, 68, 78, 85, 86, 90, 93, 98, 111, 116}
3508: {2, 3, 11, 16, 23, 28, 34, 36, 39, 41, 53, 56, 59, 63, 69, 76, 85, 86, 90, 93, 98, 110, 116}
3529: {2, 6, 10, 17, 23, 28, 34, 36, 39, 43, 53, 56, 59, 63, 69, 76, 85, 86, 90, 93, 98, 111, 116}
3532: {1, 3, 9, 15, 24, 30, 34, 37, 38, 43, 52, 56, 59, 63, 67, 76, 85, 86, 90, 93, 99, 110, 116}
3564: {2, 6, 10, 16, 23, 28, 34, 36, 39, 44, 53, 56, 59, 63, 68, 77, 85, 86, 90, 93, 99, 110, 116}
3572: {2, 6, 11, 17, 23, 28, 34, 36, 39, 43, 53, 56, 59, 63, 69, 78, 85, 86, 90, 93, 98, 110, 116}
3579: {2, 6, 10, 13, 23, 28, 34, 36, 39, 41, 53, 56, 59, 63, 68, 77, 85, 86, 90, 93, 99, 110, 116}
3582: {1, 3, 11, 16, 24, 29, 34, 36, 39, 42, 52, 56, 61, 66, 71, 79, 85, 86, 90, 95, 101, 110, 114}
3601: {2, 6, 11, 17, 23, 28, 34, 36, 39, 44, 53, 56, 59, 63, 67, 77, 85, 86, 90, 93, 98, 111, 116}
3605: {1, 3, 10, 16, 24, 29, 34, 36, 39, 43, 52, 56, 61, 66, 71, 80, 85, 86, 90, 95, 101, 110, 116}
3616: {2, 6, 10, 16, 23, 28, 34, 36, 39, 41, 53, 56, 59, 63, 67, 76, 85, 86, 90, 93, 98, 111, 116}
3619: {2, 6, 10, 13, 23, 28, 34, 36, 39, 41, 53, 56, 59, 63, 68, 77, 85, 86, 90, 93, 98, 111, 116}
3631: {1, 3, 11, 16, 24, 29, 34, 36, 39, 42, 52, 56, 61, 66, 70, 80, 85, 86, 90, 95, 101, 111, 117}
3636: {1, 3, 11, 16, 24, 29, 34, 36, 39, 42, 52, 56, 61, 66, 70, 79, 85, 86, 90, 95, 101, 110, 116}
3650: {1, 3, 11, 16, 24, 29, 34, 36, 39, 43, 52, 56, 61, 66, 71, 80, 85, 86, 90, 95, 101, 111, 117}
3674: {2, 6, 11, 16, 23, 28, 34, 36, 39, 44, 53, 56, 59, 63, 67, 76, 85, 86, 90, 93, 99, 111, 116}
3690: {2, 6, 10, 16, 23, 28, 34, 36, 39, 43, 53, 56, 59, 63, 67, 76, 85, 86, 90, 93, 99, 110, 116}
3694: {2, 6, 11, 17, 23, 28, 34, 36, 39, 46, 53, 56, 59, 63, 67, 76, 85, 86, 90, 93, 99, 110, 116}
3699: {2, 6, 10, 16, 23, 28, 34, 36, 39, 41, 53, 56, 59, 63, 67, 78, 85, 86, 90, 93, 99, 111, 116}
3709: {1, 3, 11, 16, 24, 29, 34, 36, 39, 43, 52, 56, 61, 66, 70, 80, 85, 86, 90, 95, 101, 110, 114}
3717: {2, 6, 10, 13, 23, 28, 34, 36, 39, 44, 53, 56, 59, 63, 68, 78, 85, 86, 90, 93, 99, 111, 116}
3718: {2, 3, 11, 13, 23, 28, 34, 36, 39, 44, 53, 56, 59, 63, 68, 77, 85, 86, 90, 93, 98, 110, 116}
3730: {2, 6, 11, 17, 23, 28, 34, 36, 39, 46, 53, 56, 59, 63, 69, 78, 85, 86, 90, 93, 99, 111, 116}
3753: {2, 6, 11, 17, 23, 28, 34, 36, 39, 46, 53, 56, 59, 63, 67, 77, 85, 86, 90, 93, 98, 110, 116}
3775: {2, 6, 11, 13, 23, 28, 34, 36, 39, 43, 53, 56, 59, 63, 67, 77, 85, 86, 90, 93, 98, 111, 116}
3778: {2, 3, 10, 16, 23, 28, 34, 36, 39, 41, 53, 56, 59, 63, 67, 78, 85, 86, 90, 93, 98, 111, 116}
3781: {2, 6, 10, 16, 23, 28, 34, 36, 39, 44, 53, 56, 59, 63, 69, 78, 85, 86, 90, 93, 99, 111, 116}
3784: {1, 6, 11, 16, 24, 29, 34, 36, 39, 42, 52, 56, 61, 66, 69, 79, 85, 86, 90, 95, 101, 110, 116}
3794: {2, 6, 10, 17, 23, 28, 34, 36, 39, 44, 53, 56, 59, 63, 69, 76, 85, 86, 90, 93, 99, 111, 116}
3798: {2, 6, 10, 17, 23, 28, 34, 36, 39, 43, 53, 56, 59, 63, 69, 77, 85, 86, 90, 93, 99, 111, 116}
3800: {2, 6, 11, 17, 23, 28, 34, 36, 39, 43, 53, 56, 59, 63, 69, 76, 85, 86, 90, 93, 98, 111, 116}
3837: {2, 6, 10, 16, 23, 28, 34, 36, 39, 46, 53, 56, 59, 63, 68, 78, 85, 86, 90, 93, 99, 110, 116}
3838: {2, 6, 10, 16, 23, 28, 34, 36, 39, 43, 53, 56, 59, 63, 67, 78, 85, 86, 90, 93, 99, 110, 116}
3841: {1, 3, 11, 16, 24, 29, 34, 36, 39, 45, 52, 56, 61, 66, 71, 80, 85, 86, 90, 95, 101, 110, 117}
3854: {2, 6, 10, 13, 23, 28, 34, 36, 39, 46, 53, 56, 59, 63, 67, 77, 85, 86, 90, 93, 99, 110, 116}
3855: {1, 3, 11, 16, 24, 29, 34, 36, 39, 43, 52, 56, 61, 66, 71, 80, 85, 86, 90, 95, 101, 111, 114}
3879: {1, 3, 9, 18, 24, 30, 34, 36, 38, 41, 52, 56, 59, 63, 67, 76, 85, 86, 90, 93, 98, 110, 116}
3885: {2, 6, 10, 13, 23, 28, 34, 36, 39, 46, 53, 56, 59, 63, 68, 76, 85, 86, 90, 93, 99, 111, 116}
3887: {2, 6, 11, 17, 23, 28, 34, 36, 39, 43, 53, 56, 59, 63, 67, 78, 85, 86, 90, 93, 98, 110, 116}
3888: {1, 3, 9, 15, 24, 30, 34, 36, 38, 41, 52, 56, 59, 63, 67, 76, 85, 86, 90, 93, 99, 107, 116}
3890: {1, 3, 11, 16, 24, 29, 34, 36, 39, 45, 52, 56, 61, 66, 70, 79, 85, 86, 90, 95, 101, 110, 116}
3897: {2, 6, 11, 17, 23, 28, 34, 36, 39, 41, 53, 56, 59, 63, 67, 76, 85, 86, 90, 93, 98, 110, 116}
3909: {1, 6, 11, 14, 24, 29, 34, 36, 39, 45, 52, 56, 61, 66, 69, 80, 85, 86, 90, 95, 101, 110, 116}
3932: {1, 6, 11, 14, 24, 29, 34, 36, 39, 42, 52, 56, 61, 66, 69, 77, 85, 86, 90, 95, 101, 110, 114}
3934: {1, 3, 10, 16, 24, 29, 34, 36, 39, 43, 52, 56, 61, 66, 70, 80, 85, 86, 90, 95, 101, 111, 117}
3953: {1, 6, 11, 16, 24, 29, 34, 36, 39, 42, 52, 56, 61, 66, 69, 79, 85, 86, 90, 95, 101, 111, 114}
3961: {1, 3, 10, 14, 24, 29, 34, 36, 39, 42, 52, 56, 61, 66, 69, 79, 85, 86, 90, 95, 101, 111, 116}
3977: {1, 6, 11, 16, 24, 29, 34, 36, 39, 43, 52, 56, 61, 66, 70, 80, 85, 86, 90, 95, 101, 110, 114}
3979: {1, 3, 9, 15, 24, 30, 34, 36, 38, 46, 52, 56, 59, 63, 67, 76, 85, 86, 90, 93, 98, 110, 116}
3982: {1, 3, 11, 18, 24, 30, 34, 37, 38, 43, 52, 56, 59, 63, 67, 76, 85, 86, 90, 93, 98, 110, 116}
3986: {1, 6, 11, 16, 24, 29, 34, 36, 39, 42, 52, 56, 61, 66, 70, 77, 85, 86, 90, 95, 101, 111, 114}
3987: {1, 3, 11, 16, 24, 29, 34, 36, 39, 43, 52, 56, 61, 66, 69, 80, 85, 86, 90, 95, 101, 111, 114}
3993: {1, 6, 11, 16, 24, 29, 34, 36, 39, 43, 52, 56, 61, 66, 70, 80, 85, 86, 90, 95, 101, 111, 114}
4004: {2, 6, 11, 17, 23, 28, 34, 36, 39, 44, 53, 56, 59, 63, 68, 77, 85, 86, 90, 93, 98, 111, 116}
4031: {1, 3, 10, 14, 24, 29, 34, 36, 39, 43, 52, 56, 61, 66, 69, 77, 85, 86, 90, 95, 101, 111, 116}
4034: {2, 6, 11, 17, 23, 28, 34, 36, 39, 44, 53, 56, 59, 63, 67, 77, 85, 86, 90, 93, 98, 110, 116}
4059: {1, 3, 9, 18, 24, 30, 34, 37, 38, 46, 52, 56, 59, 63, 67, 76, 85, 86, 90, 93, 98, 110, 116}
4090: {2, 6, 10, 17, 23, 28, 34, 36, 39, 43, 53, 56, 59, 63, 68, 78, 85, 86, 90, 93, 99, 110, 116}
4092: {1, 6, 11, 14, 24, 29, 34, 36, 39, 45, 52, 56, 61, 66, 71, 79, 85, 86, 90, 95, 101, 110, 116}
4097: {2, 6, 11, 17, 23, 28, 34, 36, 39, 43, 53, 56, 59, 63, 69, 76, 85, 86, 90, 93, 99, 111, 116}
4103: {1, 6, 10, 16, 24, 29, 34, 36, 39, 43, 52, 56, 61, 66, 71, 77, 85, 86, 90, 95, 101, 111, 116}
4107: {1, 4, 9, 19, 23, 28, 34, 36, 39, 42, 52, 56, 59, 63, 67, 76, 85, 86, 91, 93, 103, 110, 115}
4113: {1, 6, 11, 16, 24, 29, 34, 36, 39, 42, 52, 56, 61, 66, 70, 77, 85, 86, 90, 95, 101, 110, 114}
4149: {1, 6, 10, 16, 24, 29, 34, 36, 39, 43, 52, 56, 61, 66, 71, 80, 85, 86, 90, 95, 101, 110, 116}
4153: {1, 6, 10, 16, 24, 29, 34, 36, 39, 43, 52, 56, 61, 66, 69, 77, 85, 86, 90, 95, 101, 110, 114}
4155: {2, 6, 11, 17, 23, 28, 34, 36, 39, 43, 53, 56, 59, 63, 67, 77, 85, 86, 90, 93, 99, 110, 116}
4173: {1, 3, 10, 16, 24, 29, 34, 36, 39, 43, 52, 56, 61, 66, 70, 77, 85, 86, 90, 95, 101, 110, 114}
4176: {1, 6, 11, 16, 24, 29, 34, 36, 39, 42, 52, 56, 61, 66, 69, 77, 85, 86, 90, 95, 101, 111, 116}
4179: {1, 3, 11, 14, 24, 29, 34, 36, 39, 45, 52, 56, 61, 66, 71, 79, 85, 86, 90, 95, 101, 111, 117}
4188: {2, 6, 11, 16, 23, 28, 34, 36, 39, 46, 53, 56, 59, 63, 69, 78, 85, 86, 90, 93, 99, 110, 116}
4195: {1, 6, 9, 19, 23, 29, 34, 36, 39, 44, 53, 56, 60, 64, 67, 76, 85, 86, 90, 93, 101, 107, 113}
4199: {1, 3, 11, 16, 24, 30, 34, 37, 38, 41, 52, 56, 59, 63, 67, 76, 85, 86, 90, 93, 98, 110, 116}
4217: {1, 6, 9, 16, 23, 29, 34, 36, 39, 45, 53, 56, 59, 63, 67, 76, 85, 86, 90, 93, 101, 110, 113}
4233: {1, 6, 9, 15, 23, 29, 34, 36, 39, 43, 53, 56, 60, 64, 67, 76, 85, 86, 90, 93, 101, 107, 113}
4244: {1, 6, 10, 16, 24, 29, 34, 36, 39, 43, 52, 56, 61, 66, 70, 80, 85, 86, 90, 95, 101, 110, 116}
4247: {1, 6, 11, 16, 24, 29, 34, 36, 39, 43, 52, 56, 61, 66, 70, 79, 85, 86, 90, 95, 101, 111, 114}
4250: {1, 3, 10, 16, 24, 29, 34, 36, 39, 43, 52, 56, 61, 66, 70, 80, 85, 86, 90, 95, 101, 110, 116}
4269: {1, 3, 10, 16, 24, 29, 34, 36, 39, 45, 52, 56, 61, 66, 69, 80, 85, 86, 90, 95, 101, 110, 116}
4276: {1, 3, 11, 14, 24, 29, 34, 36, 39, 45, 52, 56, 61, 66, 71, 80, 85, 86, 90, 95, 101, 111, 117}
4284: {2, 6, 9, 18, 23, 28, 34, 36, 39, 47, 52, 58, 59, 63, 67, 76, 85, 86, 91, 94, 102, 112, 118}
4296: {1, 6, 11, 16, 24, 29, 34, 36, 39, 43, 52, 56, 61, 66, 70, 79, 85, 86, 90, 95, 101, 110, 114}
4299: {1, 3, 10, 16, 24, 29, 34, 36, 39, 42, 52, 56, 61, 66, 69, 77, 85, 86, 90, 95, 101, 111, 114}
4301: {1, 6, 11, 16, 24, 29, 34, 36, 39, 45, 52, 56, 61, 66, 70, 80, 85, 86, 90, 95, 101, 111, 116}
4309: {1, 6, 10, 16, 24, 29, 34, 36, 39, 42, 52, 56, 61, 66, 71, 80, 85, 86, 90, 95, 101, 110, 114}
4310: {1, 3, 10, 14, 24, 29, 34, 36, 39, 43, 52, 56, 61, 66, 69, 79, 85, 86, 90, 95, 101, 110, 114}
4317: {1, 3, 11, 14, 24, 29, 34, 36, 39, 45, 52, 56, 61, 66, 69, 79, 85, 86, 90, 95, 101, 110, 116}
4322: {1, 6, 11, 16, 24, 29, 34, 36, 39, 43, 52, 56, 61, 66, 69, 79, 85, 86, 90, 95, 101, 111, 114}
4339: {1, 3, 10, 16, 24, 29, 34, 36, 39, 42, 52, 56, 61, 66, 70, 79, 85, 86, 90, 95, 101, 110, 116}
4341: {1, 3, 10, 16, 24, 29, 34, 36, 39, 42, 52, 56, 61, 66, 69, 80, 85, 86, 90, 95, 101, 111, 114}
4370: {1, 6, 10, 14, 24, 29, 34, 36, 39, 43, 52, 56, 61, 66, 71, 77, 85, 86, 90, 95, 101, 110, 117}
4377: {1, 3, 10, 13, 24, 31, 34, 36, 38, 48, 53, 58, 59, 66, 67, 77, 85, 86, 90, 94, 102, 110, 116}
4388: {1, 3, 11, 16, 24, 29, 34, 36, 39, 43, 52, 56, 61, 66, 70, 80, 85, 86, 90, 95, 101, 111, 114}
4397: {2, 3, 10, 20, 24, 28, 34, 36, 38, 45, 52, 58, 59, 64, 67, 76, 85, 86, 90, 96, 101, 111, 116}
4398: {1, 3, 11, 16, 24, 29, 34, 36, 39, 42, 52, 56, 61, 66, 70, 80, 85, 86, 90, 95, 101, 110, 114}
4426: {1, 6, 11, 14, 24, 29, 34, 36, 39, 43, 52, 56, 61, 66, 69, 80, 85, 86, 90, 95, 101, 110, 116}
4430: {1, 3, 10, 13, 24, 31, 34, 36, 38, 48, 53, 58, 61, 63, 67, 77, 85, 86, 90, 94, 102, 110, 116}
4435: {1, 6, 10, 16, 24, 29, 34, 36, 39, 43, 52, 56, 61, 66, 71, 77, 85, 86, 90, 95, 101, 110, 117}
4440: {1, 3, 10, 14, 24, 29, 34, 36, 39, 42, 52, 56, 61, 66, 71, 77, 85, 86, 90, 95, 101, 111, 114}
4446: {1, 6, 11, 16, 24, 29, 34, 36, 39, 42, 52, 56, 61, 66, 71, 80, 85, 86, 90, 95, 101, 111, 116}
4449: {1, 3, 10, 14, 24, 29, 34, 36, 39, 45, 52, 56, 61, 66, 71, 79, 85, 86, 90, 95, 101, 111, 114}
4452: {2, 6, 10, 13, 23, 28, 34, 36, 39, 41, 53, 56, 59, 63, 68, 78, 85, 86, 90, 93, 99, 110, 116}
4485: {1, 6, 10, 16, 24, 29, 34, 36, 39, 42, 52, 56, 61, 66, 69, 79, 85, 86, 90, 95, 101, 110, 114}
4491: {1, 6, 11, 14, 24, 29, 34, 36, 39, 42, 52, 56, 61, 66, 69, 80, 85, 86, 90, 95, 101, 111, 116}
4492: {2, 6, 11, 21, 24, 28, 34, 37, 38, 44, 52, 56, 59, 64, 67, 80, 85, 86, 90, 94, 102, 110, 119}
4527: {1, 6, 11, 14, 24, 29, 34, 36, 39, 42, 52, 56, 61, 66, 71, 77, 85, 86, 90, 95, 101, 111, 114}
4538: {1, 3, 10, 16, 24, 29, 34, 36, 39, 42, 52, 56, 61, 66, 69, 79, 85, 86, 90, 95, 101, 110, 114}
4549: {1, 6, 9, 19, 23, 29, 34, 36, 39, 44, 53, 56, 59, 64, 67, 76, 85, 86, 90, 93, 101, 110, 114}
4568: {1, 6, 10, 16, 24, 29, 34, 36, 39, 43, 52, 56, 61, 66, 70, 80, 85, 86, 90, 95, 101, 111, 114}
4574: {1, 3, 10, 16, 24, 29, 34, 36, 39, 42, 52, 56, 61, 66, 71, 80, 85, 86, 90, 95, 101, 111, 117}
4575: {1, 6, 10, 16, 24, 29, 34, 36, 39, 42, 52, 56, 61, 66, 71, 77, 85, 86, 90, 95, 101, 110, 117}
4576: {1, 6, 11, 16, 24, 29, 34, 36, 39, 43, 52, 56, 61, 66, 71, 80, 85, 86, 90, 95, 101, 111, 117}
4593: {1, 6, 10, 14, 24, 29, 34, 36, 39, 43, 52, 56, 61, 66, 70, 79, 85, 86, 90, 95, 101, 110, 114}
4618: {1, 6, 10, 16, 24, 29, 34, 36, 39, 43, 52, 56, 61, 66, 69, 79, 85, 86, 90, 95, 101, 111, 116}
4621: {1, 6, 11, 14, 24, 29, 34, 36, 39, 43, 52, 56, 61, 66, 71, 80, 85, 86, 90, 95, 101, 111, 114}
4623: {1, 6, 10, 16, 24, 29, 34, 36, 39, 45, 52, 56, 61, 66, 69, 79, 85, 86, 90, 95, 101, 110, 117}
4629: {1, 3, 11, 16, 24, 30, 34, 36, 38, 46, 52, 56, 59, 63, 67, 76, 85, 86, 90, 93, 98, 107, 116}
4633: {1, 3, 10, 16, 24, 29, 34, 36, 39, 43, 52, 56, 61, 66, 69, 80, 85, 86, 90, 95, 101, 111, 116}
4640: {1, 3, 11, 14, 24, 29, 34, 36, 39, 45, 52, 56, 61, 66, 71, 79, 85, 86, 90, 95, 101, 111, 116}
4652: {1, 6, 11, 16, 24, 29, 34, 36, 39, 42, 52, 56, 61, 66, 71, 80, 85, 86, 90, 95, 101, 111, 114}
4661: {1, 6, 10, 16, 24, 29, 34, 36, 39, 42, 52, 56, 61, 66, 70, 77, 85, 86, 90, 95, 101, 110, 114}
4662: {1, 3, 9, 15, 23, 29, 34, 36, 39, 45, 53, 56, 60, 64, 67, 76, 85, 86, 90, 93, 101, 107, 113}
4663: {2, 6, 10, 17, 23, 28, 34, 36, 39, 44, 52, 58, 59, 63, 67, 76, 85, 86, 91, 94, 102, 112, 118}
4665: {1, 3, 10, 14, 24, 29, 34, 36, 39, 43, 52, 56, 61, 66, 71, 80, 85, 86, 90, 95, 101, 110, 114}
4683: {1, 3, 10, 16, 24, 29, 34, 36, 39, 42, 52, 56, 61, 66, 71, 80, 85, 86, 90, 95, 101, 111, 116}
4685: {1, 6, 11, 16, 24, 29, 34, 36, 39, 43, 52, 56, 61, 66, 71, 80, 85, 86, 90, 95, 101, 111, 116}
4699: {1, 3, 10, 14, 24, 29, 34, 36, 39, 45, 52, 56, 61, 66, 70, 80, 85, 86, 90, 95, 101, 111, 117}
4700: {1, 3, 9, 16, 23, 29, 34, 36, 39, 45, 53, 56, 60, 64, 67, 76, 85, 86, 90, 93, 101, 107, 114}
4708: {1, 6, 11, 14, 24, 29, 34, 36, 39, 42, 52, 56, 61, 66, 71, 79, 85, 86, 90, 95, 101, 111, 114}
4720: {2, 6, 11, 17, 23, 28, 34, 36, 39, 44, 53, 56, 59, 63, 68, 76, 85, 86, 90, 93, 99, 110, 116}
4726: {1, 6, 11, 16, 24, 29, 34, 36, 39, 43, 52, 56, 61, 66, 69, 77, 85, 86, 90, 95, 101, 111, 114}
4727: {1, 3, 10, 16, 24, 29, 34, 36, 39, 42, 52, 56, 61, 66, 71, 79, 85, 86, 90, 95, 101, 110, 117}
4735: {2, 6, 11, 17, 23, 28, 34, 36, 39, 44, 53, 56, 59, 63, 67, 76, 85, 86, 90, 93, 98, 111, 116}
4746: {1, 6, 11, 14, 24, 29, 34, 36, 39, 42, 52, 56, 61, 66, 70, 77, 85, 86, 90, 95, 101, 110, 116}
4753: {1, 3, 10, 14, 24, 29, 34, 36, 39, 43, 52, 56, 61, 66, 71, 77, 85, 86, 90, 95, 101, 111, 114}
4793: {1, 6, 11, 14, 24, 29, 34, 36, 39, 45, 52, 56, 61, 66, 69, 80, 85, 86, 90, 95, 101, 111, 116}
4820: {1, 6, 11, 16, 24, 29, 34, 36, 39, 42, 52, 56, 61, 66, 71, 79, 85, 86, 90, 95, 101, 111, 117}
4821: {1, 6, 9, 15, 23, 29, 34, 36, 39, 44, 53, 56, 60, 64, 67, 76, 85, 86, 90, 93, 101, 110, 114}
4823: {1, 3, 10, 16, 24, 29, 34, 36, 39, 45, 52, 56, 61, 66, 69, 80, 85, 86, 90, 95, 101, 111, 114}
4827: {1, 4, 11, 14, 24, 28, 34, 36, 38, 44, 52, 58, 61, 65, 67, 80, 85, 86, 90, 94, 102, 110, 116}
4832: {2, 7, 10, 17, 23, 28, 34, 36, 39, 47, 52, 58, 59, 63, 67, 76, 85, 86, 91, 94, 102, 112, 118}
4837: {1, 3, 11, 14, 24, 29, 34, 36, 39, 42, 52, 56, 61, 66, 71, 80, 85, 86, 90, 95, 101, 111, 114}
4852: {1, 3, 10, 16, 24, 29, 34, 36, 39, 43, 52, 56, 61, 66, 70, 79, 85, 86, 90, 95, 101, 110, 116}
4889: {2, 6, 10, 18, 23, 28, 34, 36, 39, 47, 52, 58, 59, 63, 72, 81, 85, 86, 91, 94, 102, 112, 118}
4913: {1, 6, 11, 14, 24, 29, 34, 36, 39, 45, 52, 56, 61, 66, 71, 80, 85, 86, 90, 95, 101, 111, 117}
4923: {1, 6, 10, 16, 24, 29, 34, 36, 39, 43, 52, 56, 61, 66, 71, 79, 85, 86, 90, 95, 101, 111, 117}
4930: {1, 3, 10, 14, 24, 29, 34, 36, 39, 42, 52, 56, 61, 66, 71, 79, 85, 86, 90, 95, 101, 111, 114}
4934: {1, 3, 11, 14, 24, 29, 34, 36, 39, 42, 52, 56, 61, 66, 69, 79, 85, 86, 90, 95, 101, 110, 114}
4946: {2, 7, 9, 18, 23, 28, 34, 36, 39, 44, 52, 58, 59, 63, 72, 81, 85, 86, 91, 94, 102, 112, 118}
4948: {1, 3, 10, 16, 24, 29, 34, 36, 39, 42, 52, 56, 61, 66, 70, 80, 85, 86, 90, 95, 101, 111, 116}
4950: {1, 3, 10, 16, 24, 29, 34, 36, 39, 45, 52, 56, 61, 66, 70, 79, 85, 86, 90, 95, 101, 110, 117}
4952: {2, 6, 9, 19, 23, 28, 34, 36, 39, 44, 52, 58, 59, 63, 67, 76, 85, 86, 91, 94, 102, 112, 118}
4957: {1, 6, 10, 14, 24, 29, 34, 36, 39, 42, 52, 56, 61, 66, 70, 79, 85, 86, 90, 95, 101, 111, 114}
4964: {1, 6, 9, 16, 23, 29, 34, 36, 39, 43, 53, 56, 59, 64, 67, 76, 85, 86, 90, 93, 101, 107, 113}
4977: {1, 6, 11, 14, 24, 29, 34, 36, 39, 43, 52, 56, 61, 66, 71, 79, 85, 86, 90, 95, 101, 110, 114}
4978: {1, 6, 10, 14, 24, 29, 34, 36, 39, 43, 52, 56, 61, 66, 69, 80, 85, 86, 90, 95, 101, 111, 114}
4988: {1, 3, 10, 14, 24, 29, 34, 36, 39, 43, 52, 56, 61, 66, 69, 80, 85, 86, 90, 95, 101, 110, 114}
4992: {1, 3, 11, 14, 24, 29, 34, 36, 39, 43, 52, 56, 61, 66, 70, 77, 85, 86, 90, 95, 101, 111, 116}
5011: {2, 3, 10, 17, 23, 28, 34, 36, 39, 44, 52, 58, 59, 63, 72, 76, 85, 86, 91, 94, 102, 112, 118}
5013: {1, 3, 10, 14, 24, 29, 34, 36, 39, 42, 52, 56, 61, 66, 71, 80, 85, 86, 90, 95, 101, 110, 114}
5018: {1, 3, 10, 16, 24, 29, 34, 36, 39, 43, 52, 56, 61, 66, 71, 79, 85, 86, 90, 95, 101, 110, 117}
5022: {1, 3, 9, 16, 24, 30, 34, 36, 38, 43, 52, 56, 59, 63, 67, 76, 85, 86, 90, 93, 99, 110, 116}
5030: {1, 6, 10, 16, 24, 29, 34, 36, 39, 42, 52, 56, 61, 66, 69, 80, 85, 86, 90, 95, 101, 111, 116}
5043: {1, 3, 11, 14, 24, 29, 34, 36, 39, 45, 52, 56, 61, 66, 69, 79, 85, 86, 90, 95, 101, 111, 117}
5051: {1, 3, 10, 16, 24, 29, 34, 36, 39, 43, 52, 56, 61, 66, 71, 79, 85, 86, 90, 95, 101, 110, 116}
5076: {1, 3, 10, 16, 24, 29, 34, 36, 39, 45, 52, 56, 61, 66, 69, 79, 85, 86, 90, 95, 101, 110, 117}
5090: {1, 6, 10, 14, 24, 29, 34, 36, 39, 45, 52, 56, 61, 66, 70, 77, 85, 86, 90, 95, 101, 111, 117}
5101: {1, 3, 11, 14, 24, 29, 34, 36, 39, 43, 52, 56, 61, 66, 69, 77, 85, 86, 90, 95, 101, 110, 114}
5130: {1, 3, 9, 19, 23, 29, 34, 36, 39, 43, 53, 56, 59, 63, 67, 76, 85, 86, 90, 93, 101, 110, 114}
5138: {1, 6, 9, 19, 23, 28, 34, 36, 39, 44, 52, 56, 59, 63, 67, 76, 85, 86, 91, 93, 103, 110, 115}
5150: {1, 3, 10, 13, 24, 29, 34, 36, 38, 48, 53, 58, 59, 66, 67, 77, 85, 86, 90, 94, 102, 110, 117}
5152: {2, 6, 10, 13, 23, 28, 34, 36, 39, 44, 52, 58, 59, 63, 67, 81, 85, 86, 91, 94, 102, 112, 118}
5156: {1, 3, 10, 13, 24, 31, 34, 36, 38, 48, 53, 58, 59, 66, 67, 76, 85, 86, 90, 94, 102, 110, 119}
5163: {1, 6, 11, 13, 24, 28, 34, 36, 38, 44, 52, 58, 61, 65, 67, 82, 85, 86, 90, 94, 102, 110, 116}
5169: {1, 3, 11, 13, 24, 28, 34, 36, 38, 44, 52, 58, 61, 65, 67, 80, 85, 86, 90, 94, 102, 110, 116}
5171: {1, 3, 10, 16, 24, 29, 34, 36, 39, 43, 52, 56, 61, 66, 69, 77, 85, 86, 90, 95, 101, 111, 114}
5172: {1, 6, 9, 19, 23, 29, 34, 36, 39, 45, 53, 56, 60, 63, 67, 76, 85, 86, 90, 93, 101, 110, 114}
5182: {1, 3, 9, 16, 23, 29, 34, 36, 39, 44, 53, 56, 60, 63, 67, 76, 85, 86, 90, 93, 101, 110, 114}
5204: {1, 3, 10, 14, 24, 29, 34, 36, 39, 43, 52, 56, 61, 66, 69, 77, 85, 86, 90, 95, 101, 110, 116}
5205: {1, 6, 11, 14, 24, 29, 34, 36, 39, 45, 52, 56, 61, 66, 70, 80, 85, 86, 90, 95, 101, 110, 116}
5220: {2, 7, 10, 13, 23, 28, 34, 36, 39, 44, 52, 58, 59, 63, 72, 76, 85, 86, 91, 94, 102, 112, 118}
5235: {1, 6, 11, 16, 24, 29, 34, 36, 39, 43, 52, 56, 61, 66, 71, 77, 85, 86, 90, 95, 101, 111, 117}
5256: {1, 4, 10, 19, 23, 28, 34, 36, 39, 44, 52, 56, 59, 63, 67, 76, 85, 86, 91, 93, 103, 110, 115}
5265: {2, 6, 9, 17, 23, 28, 34, 36, 39, 44, 52, 58, 59, 63, 67, 76, 85, 86, 91, 94, 102, 112, 118}
5267: {1, 3, 10, 13, 24, 31, 34, 36, 38, 48, 53, 58, 59, 63, 67, 76, 85, 86, 90, 94, 102, 110, 116}
5269: {1, 3, 9, 15, 23, 29, 34, 36, 39, 45, 53, 56, 60, 63, 67, 76, 85, 86, 90, 93, 101, 110, 113}
5275: {1, 3, 10, 13, 24, 32, 34, 36, 38, 48, 53, 58, 61, 63, 67, 76, 85, 86, 90, 94, 102, 110, 119}
5280: {1, 6, 11, 14, 24, 29, 34, 36, 39, 42, 52, 56, 61, 66, 70, 79, 85, 86, 90, 95, 101, 111, 117}
5285: {2, 3, 10, 22, 24, 28, 34, 36, 38, 44, 52, 58, 59, 64, 67, 76, 85, 86, 90, 96, 101, 110, 116}
5351: {1, 3, 9, 19, 23, 29, 34, 36, 39, 45, 53, 56, 60, 64, 67, 76, 85, 86, 90, 93, 101, 107, 114}
5352: {2, 3, 10, 22, 24, 28, 34, 36, 38, 45, 52, 58, 59, 64, 67, 76, 85, 86, 90, 96, 101, 110, 116}
5354: {1, 6, 9, 16, 23, 29, 34, 36, 39, 45, 53, 56, 60, 63, 67, 76, 85, 86, 90, 93, 101, 107, 113}
5375: {1, 3, 9, 15, 23, 29, 34, 36, 39, 45, 53, 56, 60, 64, 67, 76, 85, 86, 90, 93, 101, 107, 114}
5378: {1, 3, 9, 19, 23, 29, 34, 36, 39, 45, 53, 56, 60, 63, 67, 76, 85, 86, 90, 93, 101, 107, 113}
5379: {2, 3, 10, 18, 23, 28, 34, 36, 39, 44, 52, 58, 59, 63, 67, 76, 85, 86, 91, 94, 102, 112, 118}
5398: {1, 6, 10, 14, 24, 29, 34, 36, 39, 43, 52, 56, 61, 66, 69, 80, 85, 86, 90, 95, 101, 111, 117}
5420: {1, 6, 10, 14, 24, 29, 34, 36, 39, 45, 52, 56, 61, 66, 71, 77, 85, 86, 90, 95, 101, 110, 116}
5433: {1, 3, 10, 13, 24, 29, 34, 36, 38, 48, 53, 58, 59, 66, 67, 76, 85, 86, 90, 94, 102, 110, 116}
5444: {2, 3, 10, 18, 23, 28, 34, 36, 39, 47, 52, 58, 59, 63, 72, 81, 85, 86, 91, 94, 102, 112, 118}
5447: {1, 3, 10, 13, 24, 31, 34, 36, 38, 48, 53, 58, 61, 63, 67, 76, 85, 86, 90, 94, 102, 110, 117}
5448: {1, 3, 9, 16, 23, 29, 34, 36, 39, 45, 53, 56, 60, 63, 67, 76, 85, 86, 90, 93, 101, 107, 113}
5478: {1, 6, 10, 15, 23, 28, 34, 36, 39, 49, 52, 56, 59, 63, 67, 76, 85, 86, 91, 93, 103, 110, 115}
5487: {1, 3, 10, 16, 24, 29, 34, 36, 39, 43, 52, 56, 61, 66, 69, 77, 85, 86, 90, 95, 101, 111, 117}
5494: {1, 6, 10, 18, 23, 28, 34, 36, 39, 42, 52, 56, 59, 63, 67, 76, 85, 86, 91, 93, 103, 110, 115}
5507: {1, 6, 10, 14, 24, 29, 34, 36, 39, 43, 52, 56, 61, 66, 69, 77, 85, 86, 90, 95, 101, 111, 114}
5524: {1, 3, 9, 15, 23, 29, 34, 36, 39, 43, 53, 56, 60, 63, 67, 76, 85, 86, 90, 93, 101, 110, 113}
5538: {2, 3, 10, 19, 23, 28, 34, 36, 39, 44, 52, 58, 59, 63, 67, 76, 85, 86, 91, 94, 102, 112, 118}
5551: {1, 3, 9, 19, 23, 29, 34, 36, 39, 45, 53, 56, 59, 64, 67, 76, 85, 86, 90, 93, 101, 107, 113}
5579: {2, 3, 10, 21, 24, 28, 34, 37, 38, 44, 52, 56, 59, 63, 67, 80, 85, 86, 90, 94, 102, 110, 119}
5618: {1, 4, 9, 15, 23, 28, 34, 36, 39, 42, 52, 56, 59, 63, 67, 76, 85, 86, 91, 93, 103, 110, 114}
5620: {2, 6, 10, 19, 23, 28, 34, 36, 39, 44, 52, 58, 59, 63, 67, 81, 85, 86, 91, 94, 102, 112, 118}
5621: {2, 3, 11, 21, 24, 28, 34, 37, 38, 44, 52, 56, 59, 64, 67, 80, 85, 86, 90, 94, 102, 110, 119}
5624: {2, 7, 10, 13, 23, 28, 34, 36, 39, 47, 52, 58, 59, 63, 72, 76, 85, 86, 91, 94, 102, 112, 118}
5639: {2, 7, 9, 17, 23, 28, 34, 36, 39, 47, 52, 58, 59, 63, 67, 81, 85, 86, 91, 94, 102, 112, 118}
5643: {1, 6, 10, 16, 24, 29, 34, 36, 39, 42, 52, 56, 61, 66, 69, 80, 85, 86, 90, 95, 101, 111, 117}
5653: {2, 7, 9, 17, 23, 28, 34, 36, 39, 44, 52, 58, 59, 63, 72, 81, 85, 86, 91, 94, 102, 112, 118}
5671: {1, 3, 9, 19, 23, 29, 34, 36, 39, 45, 53, 56, 60, 64, 67, 76, 85, 86, 90, 93, 101, 110, 114}
5674: {1, 3, 10, 17, 24, 31, 34, 36, 38, 48, 53, 58, 59, 66, 69, 77, 85, 86, 90, 94, 102, 110, 116}
5676: {1, 6, 10, 14, 24, 29, 34, 36, 39, 43, 52, 56, 61, 66, 70, 79, 85, 86, 90, 95, 101, 111, 117}
5683: {1, 3, 10, 13, 24, 31, 34, 36, 38, 48, 53, 58, 59, 63, 69, 77, 85, 86, 90, 94, 102, 110, 119}
5688: {2, 7, 11, 21, 24, 28, 34, 37, 38, 44, 52, 56, 59, 63, 67, 80, 85, 86, 90, 94, 102, 110, 119}
5695: {1, 3, 10, 13, 24, 31, 34, 36, 38, 48, 53, 58, 61, 66, 67, 76, 85, 86, 90, 94, 102, 110, 116}
5710: {1, 3, 10, 17, 24, 31, 34, 36, 38, 48, 53, 58, 59, 66, 69, 76, 85, 86, 90, 94, 102, 110, 117}
5731: {1, 6, 10, 14, 24, 29, 34, 36, 39, 43, 52, 56, 61, 66, 69, 80, 85, 86, 90, 95, 101, 110, 114}
5748: {1, 3, 9, 19, 23, 29, 34, 36, 39, 44, 53, 56, 60, 64, 67, 76, 85, 86, 90, 93, 101, 107, 113}
5754: {1, 6, 9, 15, 23, 29, 34, 36, 39, 44, 53, 56, 59, 64, 67, 76, 85, 86, 90, 93, 101, 107, 114}
5775: {1, 4, 9, 18, 23, 28, 34, 36, 39, 42, 52, 56, 59, 63, 67, 76, 85, 86, 91, 93, 103, 110, 114}
5778: {2, 3, 10, 20, 24, 28, 34, 36, 38, 43, 52, 58, 59, 64, 67, 76, 85, 86, 90, 96, 101, 110, 116}
5791: {1, 3, 10, 13, 24, 32, 34, 36, 38, 48, 53, 58, 59, 66, 69, 77, 85, 86, 90, 94, 102, 110, 119}
5797: {1, 6, 10, 14, 24, 29, 34, 36, 39, 45, 52, 56, 61, 66, 69, 79, 85, 86, 90, 95, 101, 110, 117}
5800: {1, 3, 10, 17, 24, 31, 34, 36, 38, 48, 53, 58, 59, 66, 67, 77, 85, 86, 90, 94, 102, 110, 119}
5804: {1, 6, 11, 16, 24, 29, 34, 36, 39, 43, 52, 56, 61, 66, 71, 80, 85, 86, 90, 95, 101, 111, 114}
5811: {1, 3, 10, 13, 24, 29, 34, 36, 38, 48, 53, 58, 59, 66, 69, 77, 85, 86, 90, 94, 102, 110, 116}
5815: {2, 6, 11, 21, 24, 28, 34, 37, 38, 44, 52, 56, 59, 63, 67, 80, 85, 86, 90, 94, 102, 110, 119}
5818: {1, 3, 10, 13, 24, 31, 34, 36, 38, 48, 53, 58, 61, 63, 67, 76, 85, 86, 90, 94, 102, 110, 119}
5832: {1, 3, 10, 13, 24, 32, 34, 36, 38, 48, 53, 58, 59, 66, 69, 77, 85, 86, 90, 94, 102, 110, 117}
5840: {2, 3, 10, 20, 24, 28, 34, 36, 38, 44, 52, 58, 59, 64, 67, 76, 85, 86, 90, 96, 101, 110, 116}
5847: {1, 3, 9, 16, 23, 29, 34, 36, 39, 43, 53, 56, 60, 64, 67, 76, 85, 86, 90, 93, 101, 107, 114}
5848: {2, 6, 10, 22, 24, 28, 34, 36, 38, 46, 52, 58, 59, 64, 67, 76, 85, 86, 90, 96, 101, 110, 116}
5854: {1, 4, 9, 15, 23, 28, 34, 36, 39, 44, 52, 56, 59, 63, 67, 76, 85, 86, 91, 93, 103, 110, 115}
5867: {1, 3, 9, 16, 23, 29, 34, 36, 39, 44, 53, 56, 59, 63, 67, 76, 85, 86, 90, 93, 101, 107, 113}
5884: {2, 7, 10, 13, 23, 28, 34, 36, 39, 47, 52, 58, 59, 63, 72, 81, 85, 86, 91, 94, 102, 112, 118}
5907: {2, 3, 9, 19, 23, 28, 34, 36, 39, 44, 52, 58, 59, 63, 72, 81, 85, 86, 91, 94, 102, 112, 118}
5909: {1, 3, 9, 16, 23, 29, 34, 36, 39, 44, 53, 56, 60, 64, 67, 76, 85, 86, 90, 93, 101, 110, 114}
5912: {1, 3, 11, 14, 24, 29, 34, 36, 39, 45, 52, 56, 61, 66, 70, 77, 85, 86, 90, 95, 101, 110, 117}
5932: {1, 3, 10, 13, 24, 31, 34, 36, 38, 48, 53, 58, 59, 63, 69, 76, 85, 86, 90, 94, 102, 110, 117}
5939: {2, 7, 9, 18, 23, 28, 34, 36, 39, 47, 52, 58, 59, 63, 72, 81, 85, 86, 91, 94, 102, 112, 118}
5948: {1, 4, 9, 19, 23, 28, 34, 36, 39, 49, 52, 56, 59, 63, 67, 76, 85, 86, 91, 93, 103, 110, 114}
5950: {2, 3, 10, 13, 24, 28, 34, 37, 38, 44, 52, 56, 60, 63, 67, 80, 85, 86, 90, 94, 102, 110, 119}
5966: {1, 6, 10, 16, 24, 29, 34, 36, 39, 45, 52, 56, 61, 66, 69, 80, 85, 86, 90, 95, 101, 110, 114}
5969: {1, 6, 11, 16, 24, 29, 34, 36, 39, 43, 52, 56, 61, 66, 71, 77, 85, 86, 90, 95, 101, 110, 116}
5977: {2, 7, 9, 17, 23, 28, 34, 36, 39, 47, 52, 58, 59, 63, 67, 76, 85, 86, 91, 94, 102, 112, 118}
5998: {2, 3, 10, 15, 24, 28, 34, 36, 38, 43, 52, 58, 59, 64, 67, 76, 85, 86, 90, 96, 101, 111, 116}
6003: {1, 3, 10, 17, 24, 29, 34, 36, 38, 48, 53, 58, 59, 63, 67, 77, 85, 86, 90, 94, 102, 110, 116}
6011: {1, 6, 10, 17, 24, 29, 34, 36, 38, 48, 53, 58, 61, 66, 69, 76, 85, 86, 90, 94, 102, 110, 116}
6013: {1, 3, 9, 13, 24, 32, 34, 36, 38, 48, 53, 58, 61, 66, 69, 77, 85, 86, 90, 94, 102, 110, 119}
6022: {1, 6, 9, 17, 24, 31, 34, 36, 38, 48, 53, 58, 61, 66, 69, 76, 85, 86, 90, 94, 102, 110, 116}
6035: {1, 3, 9, 13, 24, 32, 34, 36, 38, 48, 53, 58, 61, 66, 67, 76, 85, 86, 90, 94, 102, 110, 116}
6036: {1, 6, 10, 13, 24, 32, 34, 36, 38, 48, 53, 58, 59, 66, 67, 77, 85, 86, 90, 94, 102, 110, 117}
6054: {1, 6, 9, 17, 24, 31, 34, 36, 38, 48, 53, 58, 59, 66, 69, 77, 85, 86, 90, 94, 102, 110, 119}
6084: {1, 6, 10, 13, 24, 32, 34, 36, 38, 48, 53, 58, 59, 63, 69, 76, 85, 86, 90, 94, 102, 110, 117}
6085: {1, 7, 10, 13, 24, 31, 34, 36, 38, 48, 53, 58, 61, 63, 67, 77, 85, 86, 90, 94, 102, 110, 119}
6088: {1, 3, 9, 17, 24, 32, 34, 36, 38, 48, 53, 58, 59, 63, 69, 76, 85, 86, 90, 94, 102, 110, 119}
6113: {1, 3, 9, 17, 24, 29, 34, 36, 38, 48, 53, 58, 61, 66, 67, 77, 85, 86, 90, 94, 102, 110, 117}
6123: {1, 6, 9, 13, 24, 31, 34, 36, 38, 48, 53, 58, 59, 63, 67, 77, 85, 86, 90, 94, 102, 110, 116}
6138: {1, 6, 9, 13, 24, 31, 34, 36, 38, 48, 53, 58, 59, 66, 67, 76, 85, 86, 90, 94, 102, 110, 116}
6147: {1, 6, 10, 17, 24, 31, 34, 36, 38, 48, 53, 58, 59, 66, 67, 77, 85, 86, 90, 94, 102, 110, 119}
6188: {1, 6, 10, 17, 24, 32, 34, 36, 38, 48, 53, 58, 61, 66, 69, 76, 85, 86, 90, 94, 102, 110, 117}
6218: {1, 7, 9, 17, 24, 29, 34, 36, 38, 48, 53, 58, 59, 66, 67, 77, 85, 86, 90, 94, 102, 110, 119}
6219: {1, 3, 9, 13, 24, 32, 34, 36, 38, 48, 53, 58, 59, 66, 69, 77, 85, 86, 90, 94, 102, 110, 117}
6220: {2, 7, 9, 15, 24, 28, 34, 37, 39, 42, 52, 58, 59, 66, 67, 76, 85, 86, 91, 93, 102, 107, 114}
6223: {1, 7, 9, 17, 24, 29, 34, 36, 38, 48, 53, 58, 59, 66, 67, 76, 85, 86, 90, 94, 102, 110, 117}
6245: {1, 6, 9, 17, 24, 31, 34, 36, 38, 48, 53, 58, 61, 63, 69, 76, 85, 86, 90, 94, 102, 110, 119}
6276: {1, 7, 10, 13, 24, 31, 34, 36, 38, 48, 53, 58, 61, 63, 67, 76, 85, 86, 90, 94, 102, 110, 116}
6277: {1, 3, 10, 17, 24, 32, 34, 36, 38, 48, 53, 58, 61, 63, 69, 76, 85, 86, 90, 94, 102, 110, 117}
6340: {1, 3, 9, 17, 24, 29, 34, 36, 38, 48, 53, 58, 61, 66, 67, 77, 85, 86, 90, 94, 102, 110, 119}
6348: {1, 6, 9, 13, 24, 32, 34, 36, 38, 48, 53, 58, 61, 63, 67, 77, 85, 86, 90, 94, 102, 110, 116}
6355: {1, 6, 9, 13, 24, 31, 34, 36, 38, 48, 53, 58, 61, 66, 69, 76, 85, 86, 90, 94, 102, 110, 117}
6363: {1, 6, 9, 17, 24, 29, 34, 36, 38, 48, 53, 58, 59, 66, 67, 77, 85, 86, 90, 94, 102, 110, 119}
6371: {1, 6, 9, 13, 24, 29, 34, 36, 38, 48, 53, 58, 61, 63, 67, 76, 85, 86, 90, 94, 102, 110, 116}
6399: {1, 6, 9, 13, 24, 29, 34, 36, 38, 48, 53, 58, 59, 66, 67, 77, 85, 86, 90, 94, 102, 110, 119}
6400: {1, 3, 10, 17, 24, 31, 34, 36, 38, 48, 53, 58, 59, 63, 69, 77, 85, 86, 90, 94, 102, 110, 119}
6412: {1, 3, 9, 13, 24, 29, 34, 36, 38, 48, 53, 58, 61, 66, 69, 77, 85, 86, 90, 94, 102, 110, 116}
6433: {1, 3, 10, 17, 24, 31, 34, 36, 38, 48, 53, 58, 59, 63, 69, 77, 85, 86, 90, 94, 102, 110, 117}
6437: {1, 3, 10, 17, 24, 29, 34, 36, 38, 48, 53, 58, 59, 63, 67, 76, 85, 86, 90, 94, 102, 110, 117}
6447: {1, 7, 10, 17, 24, 31, 34, 36, 38, 48, 53, 58, 59, 63, 69, 77, 85, 86, 90, 94, 102, 110, 119}
6455: {1, 6, 10, 17, 24, 31, 34, 36, 38, 48, 53, 58, 61, 66, 69, 76, 85, 86, 90, 94, 102, 110, 116}
6476: {1, 6, 10, 17, 24, 31, 34, 36, 38, 48, 53, 58, 59, 66, 67, 77, 85, 86, 90, 94, 102, 110, 116}
6501: {1, 6, 9, 13, 24, 29, 34, 36, 38, 48, 53, 58, 61, 63, 69, 77, 85, 86, 90, 94, 102, 110, 116}
6504: {1, 6, 9, 17, 24, 29, 34, 36, 38, 48, 53, 58, 61, 66, 67, 77, 85, 86, 90, 94, 102, 110, 116}
6510: {2, 3, 11, 15, 24, 28, 34, 37, 39, 43, 52, 58, 61, 63, 67, 76, 85, 86, 91, 93, 102, 108, 114}
6532: {1, 7, 10, 13, 24, 29, 34, 36, 38, 48, 53, 58, 59, 66, 69, 76, 85, 86, 90, 94, 102, 110, 116}
6538: {1, 6, 10, 13, 24, 32, 34, 36, 38, 48, 53, 58, 59, 63, 67, 77, 85, 86, 90, 94, 102, 110, 119}
6565: {1, 6, 9, 13, 24, 31, 34, 36, 38, 48, 53, 58, 61, 66, 67, 76, 85, 86, 90, 94, 102, 110, 116}
6574: {1, 3, 9, 17, 24, 31, 34, 36, 38, 48, 53, 58, 61, 66, 69, 76, 85, 86, 90, 94, 102, 110, 117}
6579: {1, 3, 9, 13, 24, 29, 34, 36, 38, 48, 53, 58, 59, 63, 67, 77, 85, 86, 90, 94, 102, 110, 116}
6607: {1, 3, 9, 17, 24, 29, 34, 36, 38, 48, 53, 58, 61, 63, 69, 76, 85, 86, 90, 94, 102, 110, 116}
6613: {1, 3, 10, 17, 24, 29, 34, 36, 38, 48, 53, 58, 59, 66, 69, 76, 85, 86, 90, 94, 102, 110, 116}
6620: {1, 6, 9, 13, 24, 32, 34, 36, 38, 48, 53, 58, 59, 63, 69, 76, 85, 86, 90, 94, 102, 110, 117}
6632: {1, 6, 9, 17, 24, 31, 34, 36, 38, 48, 53, 58, 59, 63, 69, 77, 85, 86, 90, 94, 102, 110, 116}
6641: {1, 6, 10, 13, 24, 31, 34, 36, 38, 48, 53, 58, 61, 63, 67, 77, 85, 86, 90, 94, 102, 110, 117}
6658: {1, 3, 9, 13, 24, 29, 34, 36, 38, 48, 53, 58, 61, 63, 69, 77, 85, 86, 90, 94, 102, 110, 119}
6661: {2, 4, 11, 16, 24, 28, 34, 37, 39, 43, 52, 58, 59, 66, 67, 76, 85, 86, 91, 93, 102, 107, 114}
6664: {2, 4, 9, 13, 24, 28, 35, 36, 39, 51, 52, 58, 59, 63, 73, 83, 85, 87, 90, 93, 105, 110, 119}
6674: {1, 3, 9, 17, 24, 29, 34, 36, 38, 48, 53, 58, 61, 66, 69, 76, 85, 86, 90, 94, 102, 110, 116}
6679: {1, 3, 9, 17, 24, 31, 34, 36, 38, 48, 53, 58, 59, 66, 69, 77, 85, 86, 90, 94, 102, 110, 119}
6688: {1, 7, 10, 17, 24, 32, 34, 36, 38, 48, 53, 58, 59, 63, 67, 76, 85, 86, 90, 94, 102, 110, 117}
6699: {1, 6, 10, 17, 24, 31, 34, 36, 38, 48, 53, 58, 59, 66, 69, 77, 85, 86, 90, 94, 102, 110, 117}
6721: {1, 6, 9, 17, 24, 32, 34, 36, 38, 48, 53, 58, 59, 66, 67, 76, 85, 86, 90, 94, 102, 110, 116}
6722: {1, 3, 9, 17, 24, 29, 34, 36, 38, 48, 53, 58, 59, 66, 69, 76, 85, 86, 90, 94, 102, 110, 119}
6729: {1, 3, 9, 17, 24, 32, 34, 36, 38, 48, 53, 58, 61, 63, 67, 77, 85, 86, 90, 94, 102, 110, 116}
6730: {1, 6, 10, 13, 24, 29, 34, 36, 38, 48, 53, 58, 59, 63, 69, 76, 85, 86, 90, 94, 102, 110, 119}
6736: {1, 3, 10, 17, 24, 32, 34, 36, 38, 48, 53, 58, 61, 66, 67, 77, 85, 86, 90, 94, 102, 110, 117}
6747: {1, 6, 9, 13, 24, 29, 34, 36, 38, 48, 53, 58, 59, 66, 69, 77, 85, 86, 90, 94, 102, 110, 119}
6749: {1, 3, 9, 17, 24, 29, 34, 36, 38, 48, 53, 58, 59, 66, 67, 76, 85, 86, 90, 94, 102, 110, 119}
6751: {1, 3, 9, 17, 24, 32, 34, 36, 38, 48, 53, 58, 61, 63, 67, 76, 85, 86, 90, 94, 102, 110, 119}
6795: {1, 6, 10, 17, 24, 31, 34, 36, 38, 48, 53, 58, 61, 66, 69, 76, 85, 86, 90, 94, 102, 110, 119}
6804: {1, 6, 10, 17, 24, 29, 34, 36, 38, 48, 53, 58, 59, 66, 67, 76, 85, 86, 90, 94, 102, 110, 119}
6805: {1, 3, 10, 17, 24, 32, 34, 36, 38, 48, 53, 58, 61, 66, 67, 76, 85, 86, 90, 94, 102, 110, 116}
6806: {1, 6, 10, 17, 24, 29, 34, 36, 38, 48, 53, 58, 59, 63, 67, 77, 85, 86, 90, 94, 102, 110, 119}
6821: {1, 6, 10, 13, 24, 31, 34, 36, 38, 48, 53, 58, 59, 63, 69, 77, 85, 86, 90, 94, 102, 110, 117}
6826: {1, 3, 10, 17, 24, 32, 34, 36, 38, 48, 53, 58, 61, 66, 67, 77, 85, 86, 90, 94, 102, 110, 116}
6827: {1, 3, 9, 17, 24, 29, 34, 36, 38, 48, 53, 58, 59, 63, 67, 77, 85, 86, 90, 94, 102, 110, 119}
6840: {1, 6, 9, 17, 24, 29, 34, 36, 38, 48, 53, 58, 61, 66, 69, 77, 85, 86, 90, 94, 102, 110, 119}
6841: {1, 3, 9, 17, 24, 32, 34, 36, 38, 48, 53, 58, 59, 63, 67, 76, 85, 86, 90, 94, 102, 110, 117}
6842: {1, 6, 9, 17, 24, 31, 34, 36, 38, 48, 53, 58, 59, 63, 67, 77, 85, 86, 90, 94, 102, 110, 116}
6858: {1, 6, 9, 17, 24, 32, 34, 36, 38, 48, 53, 58, 61, 66, 67, 76, 85, 86, 90, 94, 102, 110, 119}
6871: {1, 3, 9, 17, 24, 29, 34, 36, 38, 48, 53, 58, 59, 66, 69, 77, 85, 86, 90, 94, 102, 110, 119}
6872: {1, 3, 9, 17, 24, 31, 34, 36, 38, 48, 53, 58, 59, 66, 67, 76, 85, 86, 90, 94, 102, 110, 119}
6890: {1, 6, 9, 17, 24, 29, 34, 36, 38, 48, 53, 58, 61, 63, 67, 77, 85, 86, 90, 94, 102, 110, 119}
6917: {1, 7, 9, 17, 24, 32, 34, 36, 38, 48, 53, 58, 59, 66, 69, 77, 85, 86, 90, 94, 102, 110, 117}
6926: {1, 6, 10, 13, 24, 32, 34, 36, 38, 48, 53, 58, 61, 66, 67, 76, 85, 86, 90, 94, 102, 110, 116}
6950: {1, 7, 9, 17, 24, 29, 34, 36, 38, 48, 53, 58, 61, 66, 67, 76, 85, 86, 90, 94, 102, 110, 119}
6962: {1, 7, 9, 13, 24, 32, 34, 36, 38, 48, 53, 58, 61, 66, 67, 76, 85, 86, 90, 94, 102, 110, 119}
6970: {1, 7, 10, 17, 24, 29, 34, 36, 38, 48, 53, 58, 61, 66, 69, 76, 85, 86, 90, 94, 102, 110, 116}
6975: {1, 3, 9, 13, 24, 32, 34, 36, 38, 48, 53, 58, 59, 63, 69, 77, 85, 86, 90, 94, 102, 110, 117}
6982: {1, 7, 9, 17, 24, 29, 34, 36, 38, 48, 53, 58, 61, 63, 67, 76, 85, 86, 90, 94, 102, 110, 117}
6988: {1, 3, 10, 17, 24, 29, 34, 36, 38, 48, 53, 58, 61, 66, 67, 76, 85, 86, 90, 94, 102, 110, 117}
7002: {1, 7, 10, 13, 24, 32, 34, 36, 38, 48, 53, 58, 61, 63, 67, 77, 85, 86, 90, 94, 102, 110, 119}
7006: {2, 7, 9, 15, 24, 28, 34, 37, 39, 43, 52, 58, 61, 63, 67, 76, 85, 86, 91, 93, 102, 107, 114}
7012: {2, 4, 9, 15, 24, 28, 34, 37, 39, 42, 52, 58, 59, 63, 67, 76, 85, 86, 91, 93, 102, 107, 114}
7020: {2, 3, 11, 15, 24, 28, 34, 37, 39, 42, 52, 58, 61, 66, 67, 76, 85, 86, 91, 93, 102, 107, 114}
7028: {1, 7, 10, 17, 24, 32, 34, 36, 38, 48, 53, 58, 61, 63, 67, 76, 85, 86, 90, 94, 102, 110, 119}
7033: {2, 7, 11, 15, 24, 28, 34, 37, 39, 42, 52, 58, 61, 63, 67, 76, 85, 86, 91, 93, 102, 108, 114}
7034: {2, 7, 9, 13, 24, 28, 35, 36, 39, 51, 52, 58, 59, 63, 73, 83, 85, 87, 90, 93, 99, 112, 119}
7051: {2, 7, 9, 16, 24, 28, 34, 37, 39, 44, 52, 58, 61, 66, 67, 76, 85, 86, 91, 93, 102, 107, 114}
7069: {1, 7, 9, 13, 24, 29, 34, 36, 38, 48, 53, 58, 61, 63, 69, 76, 85, 86, 90, 94, 102, 110, 116}
7083: {1, 3, 10, 17, 24, 29, 34, 36, 38, 48, 53, 58, 59, 66, 67, 76, 85, 86, 90, 94, 102, 110, 116}
7087: {2, 4, 11, 16, 24, 28, 34, 37, 39, 44, 52, 58, 61, 63, 67, 76, 85, 86, 91, 93, 102, 107, 114}
7100: {1, 7, 10, 17, 24, 29, 34, 36, 38, 48, 53, 58, 61, 66, 67, 77, 85, 86, 90, 94, 102, 110, 117}
7102: {1, 7, 10, 17, 24, 32, 34, 36, 38, 48, 53, 58, 61, 66, 67, 77, 85, 86, 90, 94, 102, 110, 117}
7110: {1, 7, 10, 17, 24, 29, 34, 36, 38, 48, 53, 58, 61, 63, 67, 77, 85, 86, 90, 94, 102, 110, 116}
7119: {1, 7, 10, 17, 24, 31, 34, 36, 38, 48, 53, 58, 61, 63, 67, 76, 85, 86, 90, 94, 102, 110, 117}
7129: {2, 6, 9, 13, 24, 28, 35, 36, 39, 41, 52, 58, 59, 63, 73, 83, 85, 87, 90, 93, 105, 110, 119}
7142: {2, 4, 9, 15, 24, 28, 34, 37, 39, 43, 52, 58, 61, 63, 67, 76, 85, 86, 91, 93, 102, 108, 114}
7153: {1, 3, 9, 17, 24, 32, 34, 36, 38, 48, 53, 58, 61, 66, 67, 76, 85, 86, 90, 94, 102, 110, 116}
7157: {1, 7, 10, 17, 24, 32, 34, 36, 38, 48, 53, 58, 61, 63, 67, 77, 85, 86, 90, 94, 102, 110, 119}
7164: {1, 3, 9, 13, 24, 31, 34, 36, 38, 48, 53, 58, 61, 66, 69, 77, 85, 86, 90, 94, 102, 110, 117}
7171: {2, 7, 9, 16, 24, 28, 34, 37, 39, 43, 52, 58, 59, 66, 67, 76, 85, 86, 91, 93, 102, 108, 114}
7176: {1, 6, 10, 13, 24, 32, 34, 36, 38, 48, 53, 58, 61, 66, 67, 76, 85, 86, 90, 94, 102, 110, 119}
7196: {2, 7, 10, 13, 24, 28, 34, 36, 39, 44, 52, 56, 62, 65, 70, 80, 85, 86, 91, 93, 102, 111, 116}
7206: {2, 7, 9, 13, 24, 28, 35, 36, 39, 50, 52, 58, 59, 63, 73, 83, 85, 88, 90, 93, 105, 112, 119}
7223: {2, 7, 9, 16, 24, 28, 34, 37, 39, 42, 52, 58, 61, 63, 67, 76, 85, 86, 91, 93, 102, 108, 114}
7225: {1, 7, 9, 13, 24, 29, 34, 36, 38, 48, 53, 58, 59, 63, 67, 76, 85, 86, 90, 94, 102, 110, 116}
7228: {1, 7, 10, 17, 24, 32, 34, 36, 38, 48, 53, 58, 61, 66, 69, 77, 85, 86, 90, 94, 102, 110, 117}
7235: {2, 4, 9, 16, 24, 28, 34, 37, 39, 44, 52, 58, 61, 63, 67, 76, 85, 86, 91, 93, 102, 108, 114}
7239: {1, 7, 10, 13, 24, 31, 34, 36, 38, 48, 53, 58, 59, 66, 69, 76, 85, 86, 90, 94, 102, 110, 117}
7249: {1, 7, 10, 17, 24, 32, 34, 36, 38, 48, 53, 58, 59, 66, 67, 77, 85, 86, 90, 94, 102, 110, 119}
7263: {1, 6, 9, 17, 24, 29, 34, 36, 38, 48, 53, 58, 59, 66, 69, 77, 85, 86, 90, 94, 102, 110, 116}
7285: {2, 3, 11, 15, 24, 28, 34, 37, 39, 44, 52, 58, 59, 63, 67, 76, 85, 86, 91, 93, 102, 108, 114}
7290: {1, 7, 9, 17, 24, 29, 34, 36, 38, 48, 53, 58, 59, 66, 67, 76, 85, 86, 90, 94, 102, 110, 116}
7307: {2, 6, 9, 13, 24, 28, 35, 36, 39, 41, 52, 58, 59, 63, 73, 83, 85, 88, 90, 93, 104, 112, 119}
7350: {2, 7, 9, 16, 24, 28, 34, 37, 39, 43, 52, 58, 61, 63, 67, 76, 85, 86, 91, 93, 102, 107, 114}
7356: {1, 6, 10, 13, 24, 32, 34, 36, 38, 48, 53, 58, 59, 66, 69, 76, 85, 86, 90, 94, 102, 110, 119}
7363: {1, 7, 9, 17, 24, 31, 34, 36, 38, 48, 53, 58, 59, 63, 69, 76, 85, 86, 90, 94, 102, 110, 119}
7369: {1, 3, 10, 21, 24, 33, 35, 36, 39, 44, 52, 55, 61, 65, 74, 84, 85, 86, 92, 97, 102, 112, 116}
7372: {1, 7, 10, 13, 24, 32, 34, 36, 38, 48, 53, 58, 59, 66, 69, 77, 85, 86, 90, 94, 102, 110, 117}
7403: {1, 3, 9, 13, 24, 32, 34, 36, 38, 48, 53, 58, 59, 66, 67, 77, 85, 86, 90, 94, 102, 110, 117}
7407: {1, 7, 10, 17, 24, 31, 34, 36, 38, 48, 53, 58, 59, 66, 69, 77, 85, 86, 90, 94, 102, 110, 119}
7429: {1, 7, 10, 13, 24, 31, 34, 36, 38, 48, 53, 58, 61, 66, 69, 77, 85, 86, 90, 94, 102, 110, 116}
7442: {1, 6, 9, 17, 24, 32, 34, 36, 38, 48, 53, 58, 59, 63, 69, 77, 85, 86, 90, 94, 102, 110, 117}
7462: {1, 7, 9, 13, 24, 32, 34, 36, 38, 48, 53, 58, 59, 66, 67, 76, 85, 86, 90, 94, 102, 110, 117}
7464: {2, 3, 9, 16, 24, 28, 34, 37, 39, 44, 52, 58, 59, 63, 67, 76, 85, 86, 91, 93, 102, 107, 114}
7506: {1, 7, 9, 13, 24, 31, 34, 36, 38, 48, 53, 58, 61, 63, 69, 77, 85, 86, 90, 94, 102, 110, 117}
7512: {1, 6, 9, 13, 24, 32, 34, 36, 38, 48, 53, 58, 59, 63, 67, 76, 85, 86, 90, 94, 102, 110, 116}
7517: {2, 3, 9, 13, 24, 28, 35, 36, 39, 41, 52, 58, 59, 63, 73, 83, 85, 87, 90, 93, 104, 112, 119}
7542: {2, 7, 11, 15, 24, 28, 34, 37, 39, 42, 52, 58, 61, 66, 67, 76, 85, 86, 91, 93, 102, 107, 114}
7557: {1, 7, 9, 13, 24, 31, 34, 36, 38, 48, 53, 58, 61, 66, 67, 77, 85, 86, 90, 94, 102, 110, 119}
7581: {1, 7, 9, 17, 24, 31, 34, 36, 38, 48, 53, 58, 59, 63, 69, 77, 85, 86, 90, 94, 102, 110, 116}
7583: {1, 7, 10, 17, 24, 31, 34, 36, 38, 48, 53, 58, 61, 63, 69, 76, 85, 86, 90, 94, 102, 110, 116}
7587: {2, 4, 9, 16, 24, 28, 34, 37, 39, 44, 52, 58, 61, 63, 67, 76, 85, 86, 91, 93, 102, 107, 114}
7600: {1, 7, 10, 17, 24, 29, 34, 36, 38, 48, 53, 58, 61, 66, 69, 77, 85, 86, 90, 94, 102, 110, 117}
7605: {2, 7, 11, 16, 24, 28, 34, 37, 39, 43, 52, 58, 61, 66, 67, 76, 85, 86, 91, 93, 102, 107, 114}
7608: {1, 7, 9, 13, 24, 31, 34, 36, 38, 48, 53, 58, 59, 63, 67, 77, 85, 86, 90, 94, 102, 110, 119}
7620: {1, 7, 9, 17, 24, 31, 34, 36, 38, 48, 53, 58, 61, 63, 67, 76, 85, 86, 90, 94, 102, 110, 116}
7624: {2, 7, 9, 15, 24, 28, 34, 37, 39, 42, 52, 58, 59, 63, 67, 76, 85, 86, 91, 93, 102, 107, 114}
7652: {2, 4, 11, 15, 24, 28, 34, 37, 39, 43, 52, 58, 59, 63, 67, 76, 85, 86, 91, 93, 102, 108, 114}
7676: {1, 7, 9, 17, 24, 31, 34, 36, 38, 48, 53, 58, 59, 66, 67, 76, 85, 86, 90, 94, 102, 110, 119}
7679: {2, 4, 11, 16, 24, 28, 34, 37, 39, 42, 52, 58, 59, 66, 67, 76, 85, 86, 91, 93, 102, 107, 114}
7684: {1, 7, 10, 17, 24, 29, 34, 36, 38, 48, 53, 58, 59, 66, 67, 76, 85, 86, 90, 94, 102, 110, 119}
7688: {1, 7, 10, 13, 24, 32, 34, 36, 38, 48, 53, 58, 59, 66, 67, 77, 85, 86, 90, 94, 102, 110, 117}
7690: {2, 7, 9, 13, 24, 28, 35, 36, 39, 51, 52, 58, 59, 63, 73, 83, 85, 87, 90, 93, 99, 110, 119}
7704: {1, 7, 10, 17, 24, 31, 34, 36, 38, 48, 53, 58, 61, 63, 67, 76, 85, 86, 90, 94, 102, 110, 119}
7718: {2, 4, 10, 13, 24, 28, 34, 36, 39, 44, 52, 56, 62, 65, 70, 80, 85, 86, 91, 93, 102, 111, 116}
7737: {2, 4, 11, 16, 24, 28, 34, 37, 39, 43, 52, 58, 59, 63, 67, 76, 85, 86, 91, 93, 102, 108, 114}
7740: {1, 7, 10, 14, 24, 28, 34, 37, 38, 44, 52, 55, 62, 65, 75, 82, 85, 89, 90, 94, 102, 112, 119}
7743: {1, 7, 9, 13, 24, 32, 34, 36, 38, 48, 53, 58, 61, 63, 69, 76, 85, 86, 90, 94, 102, 110, 117}
7754: {2, 3, 9, 15, 24, 28, 34, 37, 39, 43, 52, 58, 59, 63, 67, 76, 85, 86, 91, 93, 102, 107, 114}
7773: {2, 4, 9, 16, 24, 28, 34, 37, 39, 44, 52, 58, 59, 66, 67, 76, 85, 86, 91, 93, 102, 107, 114}
7788: {1, 6, 10, 13, 24, 29, 34, 36, 38, 48, 53, 58, 59, 66, 69, 76, 85, 86, 90, 94, 102, 110, 116}
7793: {1, 7, 10, 13, 24, 32, 34, 36, 38, 48, 53, 58, 61, 66, 69, 76, 85, 86, 90, 94, 102, 110, 117}
7796: {2, 7, 9, 15, 24, 28, 34, 37, 39, 43, 52, 58, 59, 66, 67, 76, 85, 86, 91, 93, 102, 108, 114}
7801: {1, 7, 10, 13, 24, 32, 34, 36, 38, 48, 53, 58, 61, 63, 67, 76, 85, 86, 90, 94, 102, 110, 116}
7840: {1, 7, 10, 13, 24, 31, 34, 36, 38, 48, 53, 58, 59, 63, 67, 77, 85, 86, 90, 94, 102, 110, 116}
7844: {2, 3, 9, 16, 24, 28, 34, 37, 39, 42, 52, 58, 61, 66, 67, 76, 85, 86, 91, 93, 102, 107, 114}
7848: {2, 3, 11, 16, 24, 28, 34, 37, 39, 44, 52, 58, 61, 66, 67, 76, 85, 86, 91, 93, 102, 108, 114}
7851: {1, 7, 10, 13, 24, 29, 34, 36, 38, 48, 53, 58, 59, 63, 69, 76, 85, 86, 90, 94, 102, 110, 117}
7865: {1, 3, 10, 17, 24, 29, 34, 36, 38, 48, 53, 58, 61, 63, 67, 76, 85, 86, 90, 94, 102, 110, 117}
7895: {2, 3, 9, 16, 24, 28, 34, 37, 39, 43, 52, 58, 59, 66, 67, 76, 85, 86, 91, 93, 102, 107, 114}
7898: {1, 6, 10, 13, 24, 32, 34, 36, 38, 48, 53, 58, 59, 63, 67, 77, 85, 86, 90, 94, 102, 110, 116}
7909: {1, 7, 9, 17, 24, 29, 34, 36, 38, 48, 53, 58, 59, 63, 67, 76, 85, 86, 90, 94, 102, 110, 119}
7917: {2, 3, 11, 16, 24, 28, 34, 37, 39, 44, 52, 58, 59, 66, 67, 76, 85, 86, 91, 93, 102, 108, 114}
7925: {1, 7, 9, 13, 24, 31, 34, 36, 38, 48, 53, 58, 59, 66, 67, 76, 85, 86, 90, 94, 102, 110, 119}
7939: {2, 7, 9, 15, 24, 28, 34, 37, 39, 44, 52, 58, 59, 63, 67, 76, 85, 86, 91, 93, 102, 108, 114}
7949: {1, 7, 10, 13, 24, 31, 34, 36, 38, 48, 53, 58, 59, 66, 69, 77, 85, 86, 90, 94, 102, 110, 119}
7951: {1, 7, 10, 13, 24, 31, 34, 36, 38, 48, 53, 58, 59, 66, 67, 77, 85, 86, 90, 94, 102, 110, 116}
7953: {2, 6, 9, 21, 23, 28, 34, 36, 39, 44, 52, 56, 59, 63, 67, 76, 85, 86, 91, 93, 102, 110, 117}
7961: {2, 4, 11, 15, 24, 28, 34, 37, 39, 42, 52, 58, 61, 66, 67, 76, 85, 86, 91, 93, 102, 107, 114}
7966: {2, 3, 10, 13, 23, 28, 34, 36, 39, 44, 52, 56, 59, 63, 67, 76, 85, 86, 91, 93, 102, 111, 117}
7967: {2, 4, 9, 15, 24, 28, 34, 37, 39, 43, 52, 58, 59, 66, 67, 76, 85, 86, 91, 93, 102, 108, 114}
7976: {2, 4, 11, 15, 24, 28, 34, 37, 39, 42, 52, 58, 59, 66, 67, 76, 85, 86, 91, 93, 102, 108, 114}
7979: {1, 7, 10, 17, 24, 32, 34, 36, 38, 48, 53, 58, 59, 66, 69, 76, 85, 86, 90, 94, 102, 110, 117}
8002: {2, 3, 10, 13, 24, 28, 34, 36, 39, 44, 52, 56, 62, 65, 70, 80, 85, 86, 91, 93, 102, 111, 117}
8011: {2, 3, 9, 13, 24, 28, 35, 36, 39, 50, 52, 58, 59, 63, 73, 83, 85, 87, 90, 93, 105, 110, 119}
8025: {1, 7, 10, 13, 24, 29, 34, 36, 38, 48, 53, 58, 61, 63, 69, 77, 85, 86, 90, 94, 102, 110, 116}
8029: {1, 7, 9, 13, 24, 29, 34, 36, 38, 48, 53, 58, 59, 63, 69, 76, 85, 86, 90, 94, 102, 110, 119}
8038: {1, 7, 10, 17, 24, 31, 34, 36, 38, 48, 53, 58, 61, 66, 69, 76, 85, 86, 90, 94, 102, 110, 116}
8047: {2, 4, 11, 16, 24, 28, 34, 37, 39, 42, 52, 58, 61, 63, 67, 76, 85, 86, 91, 93, 102, 108, 114}
8049: {1, 7, 9, 13, 24, 31, 34, 36, 38, 48, 53, 58, 59, 66, 67, 77, 85, 86, 90, 94, 102, 110, 116}
8051: {1, 7, 9, 13, 24, 32, 34, 36, 38, 48, 53, 58, 59, 66, 67, 77, 85, 86, 90, 94, 102, 110, 116}
8053: {2, 6, 9, 13, 24, 28, 35, 36, 39, 50, 52, 58, 59, 63, 73, 83, 85, 87, 90, 93, 104, 110, 119}
8059: {1, 7, 9, 17, 24, 32, 34, 36, 38, 48, 53, 58, 59, 66, 67, 77, 85, 86, 90, 94, 102, 110, 119}
8061: {1, 7, 9, 13, 24, 32, 34, 36, 38, 48, 53, 58, 61, 63, 69, 77, 85, 86, 90, 94, 102, 110, 116}
8064: {2, 7, 11, 15, 24, 28, 34, 37, 39, 44, 52, 58, 61, 63, 67, 76, 85, 86, 91, 93, 102, 107, 114}
8069: {2, 6, 9, 13, 24, 28, 35, 36, 39, 51, 52, 58, 59, 63, 73, 83, 85, 88, 90, 93, 106, 112, 119}
8072: {2, 7, 9, 13, 24, 28, 35, 36, 39, 41, 52, 58, 59, 63, 73, 83, 85, 88, 90, 93, 105, 110, 119}
8075: {2, 4, 11, 16, 24, 28, 34, 37, 39, 44, 52, 58, 61, 66, 67, 76, 85, 86, 91, 93, 102, 108, 114}
8077: {2, 4, 9, 13, 24, 28, 35, 36, 39, 51, 52, 58, 59, 63, 73, 83, 85, 87, 90, 93, 105, 112, 119}
8081: {1, 7, 9, 13, 24, 32, 34, 36, 38, 48, 53, 58, 59, 66, 69, 76, 85, 86, 90, 94, 102, 110, 116}
8082: {1, 7, 10, 13, 24, 29, 34, 36, 38, 48, 53, 58, 61, 63, 67, 76, 85, 86, 90, 94, 102, 110, 117}
8085: {2, 4, 11, 16, 24, 28, 34, 37, 39, 43, 52, 58, 61, 66, 67, 76, 85, 86, 91, 93, 102, 107, 114}
8109: {1, 7, 10, 17, 24, 31, 34, 36, 38, 48, 53, 58, 61, 63, 69, 76, 85, 86, 90, 94, 102, 110, 119}
8111: {2, 3, 9, 13, 24, 28, 35, 36, 39, 51, 52, 58, 59, 63, 73, 83, 85, 88, 90, 93, 99, 110, 119}
