89: {2, 6, 10, 13, 23, 27, 34, 36, 39, 44, 52, 57, 59, 65, 67, 76, 85, 86, 90, 93, 98, 111, 114}
110: {2, 3, 9, 14, 23, 26, 34, 36, 39, 40, 52, 55, 59, 63, 67, 76, 85, 86, 90, 93, 98, 108, 115}
118: {2, 3, 10, 14, 23, 27, 34, 36, 39, 44, 52, 57, 59, 65, 67, 76, 85, 86, 90, 93, 98, 111, 114}
140: {2, 4, 9, 14, 23, 27, 34, 36, 39, 44, 52, 55, 59, 63, 67, 76, 85, 86, 90, 93, 99, 108, 114}
145: {2, 3, 10, 14, 23, 26, 34, 36, 39, 40, 52, 55, 59, 63, 67, 76, 85, 86, 90, 93, 98, 108, 114}
212: {2, 4, 9, 15, 23, 27, 34, 36, 39, 44, 52, 55, 59, 63, 67, 76, 85, 86, 90, 93, 98, 108, 115}
217: {2, 3, 9, 14, 23, 26, 34, 36, 39, 42, 52, 55, 59, 63, 67, 76, 85, 86, 90, 93, 98, 107, 114}
220: {2, 5, 11, 16, 24, 28, 34, 36, 38, 43, 52, 54, 59, 63, 67, 76, 85, 86, 90, 93, 99, 110, 113}
279: {2, 6, 11, 13, 24, 28, 34, 37, 39, 45, 53, 54, 59, 63, 67, 76, 85, 86, 90, 94, 98, 107, 114}
287: {2, 4, 10, 14, 23, 26, 34, 36, 39, 42, 52, 55, 59, 63, 67, 76, 85, 86, 90, 93, 98, 107, 115}
295: {2, 3, 9, 15, 23, 26, 34, 36, 39, 42, 52, 55, 59, 63, 67, 76, 85, 86, 90, 93, 98, 107, 115}
332: {2, 4, 9, 15, 23, 27, 34, 36, 39, 41, 52, 55, 59, 63, 67, 76, 85, 86, 90, 93, 98, 107, 115}
377: {2, 5, 11, 13, 24, 28, 34, 36, 38, 40, 52, 54, 59, 63, 67, 76, 85, 86, 90, 93, 98, 111, 113}
386: {1, 3, 9, 13, 23, 25, 34, 36, 38, 44, 52, 54, 59, 63, 67, 76, 85, 86, 90, 93, 99, 107, 113}
400: {1, 3, 9, 13, 23, 25, 34, 36, 38, 43, 52, 54, 59, 63, 67, 76, 85, 86, 90, 93, 99, 107, 113}
430: {2, 6, 11, 16, 24, 28, 34, 36, 38, 41, 52, 54, 59, 63, 67, 76, 85, 86, 90, 93, 99, 110, 113}
439: {2, 4, 10, 14, 23, 27, 34, 36, 39, 40, 52, 55, 59, 63, 67, 76, 85, 86, 90, 93, 99, 108, 115}
453: {2, 4, 9, 14, 23, 27, 34, 36, 39, 42, 52, 55, 59, 63, 67, 76, 85, 86, 90, 93, 98, 108, 115}
455: {2, 4, 9, 15, 23, 27, 34, 36, 39, 42, 52, 55, 59, 63, 67, 76, 85, 86, 90, 93, 99, 108, 115}
503: {2, 3, 9, 15, 23, 27, 34, 36, 39, 42, 52, 55, 59, 63, 67, 76, 85, 86, 90, 93, 98, 108, 115}
523: {2, 6, 10, 14, 23, 26, 34, 36, 39, 43, 52, 57, 59, 65, 67, 76, 85, 86, 90, 93, 99, 111, 117}
584: {2, 3, 10, 14, 23, 26, 34, 36, 39, 41, 52, 57, 59, 65, 67, 76, 85, 86, 90, 93, 99, 111, 114}
629: {2, 4, 10, 15, 23, 26, 34, 36, 39, 42, 52, 55, 59, 63, 67, 76, 85, 86, 90, 93, 99, 107, 114}
641: {2, 4, 10, 14, 23, 27, 34, 36, 39, 44, 52, 55, 59, 63, 67, 76, 85, 86, 90, 93, 98, 108, 115}
645: {2, 6, 10, 14, 23, 27, 34, 36, 39, 41, 52, 57, 59, 65, 67, 76, 85, 86, 90, 93, 98, 107, 117}
685: {2, 3, 11, 13, 23, 28, 34, 36, 39, 43, 53, 56, 59, 63, 69, 76, 85, 86, 90, 93, 99, 110, 116}
758: {2, 3, 9, 15, 24, 28, 34, 37, 39, 41, 53, 54, 60, 64, 67, 76, 85, 86, 90, 94, 99, 109, 114}
771: {2, 3, 9, 15, 23, 26, 34, 36, 39, 44, 52, 55, 59, 63, 67, 76, 85, 86, 90, 93, 99, 108, 114}
774: {2, 3, 9, 14, 23, 26, 34, 37, 38, 43, 53, 56, 59, 63, 67, 76, 85, 86, 90, 93, 99, 110, 116}
875: {2, 3, 9, 15, 23, 26, 34, 36, 39, 41, 52, 55, 59, 63, 67, 76, 85, 86, 90, 93, 99, 107, 115}
907: {1, 6, 9, 13, 23, 25, 34, 36, 38, 41, 52, 54, 59, 63, 67, 76, 85, 86, 90, 93, 98, 107, 114}
1041: {2, 3, 10, 14, 23, 26, 34, 36, 39, 44, 52, 57, 59, 65, 67, 76, 85, 86, 90, 93, 99, 111, 117}
1043: {2, 3, 11, 15, 24, 28, 34, 37, 39, 45, 53, 54, 59, 63, 67, 76, 85, 86, 90, 94, 98, 109, 114}
1071: {2, 3, 9, 15, 24, 28, 34, 37, 39, 45, 53, 54, 59, 64, 67, 76, 85, 86, 90, 94, 99, 109, 114}
1093: {2, 6, 11, 16, 24, 28, 34, 37, 39, 41, 53, 54, 59, 64, 67, 76, 85, 86, 90, 94, 99, 109, 114}
1155: {1, 3, 10, 15, 23, 25, 34, 36, 38, 41, 52, 54, 59, 63, 67, 76, 85, 86, 90, 93, 98, 110, 114}
1162: {2, 3, 11, 16, 24, 28, 34, 37, 39, 41, 53, 54, 60, 63, 67, 76, 85, 86, 90, 94, 98, 107, 114}
1179: {2, 3, 11, 15, 24, 28, 34, 37, 39, 40, 53, 54, 59, 64, 67, 76, 85, 86, 90, 94, 99, 109, 114}
1209: {2, 6, 9, 15, 24, 28, 34, 37, 39, 45, 53, 54, 60, 63, 67, 76, 85, 86, 90, 94, 98, 109, 114}
1210: {2, 3, 11, 15, 24, 28, 34, 37, 39, 43, 53, 54, 59, 63, 67, 76, 85, 86, 90, 94, 99, 107, 114}
1254: {1, 6, 10, 15, 23, 25, 34, 36, 38, 43, 52, 54, 59, 63, 67, 76, 85, 86, 90, 93, 99, 110, 114}
1281: {2, 4, 10, 14, 23, 26, 34, 36, 39, 44, 52, 55, 59, 63, 67, 76, 85, 86, 90, 93, 98, 108, 115}
1308: {2, 6, 9, 15, 24, 28, 34, 37, 39, 40, 53, 54, 59, 64, 67, 76, 85, 86, 90, 94, 99, 107, 114}
1358: {2, 6, 11, 15, 24, 28, 34, 37, 39, 43, 53, 54, 59, 63, 67, 76, 85, 86, 90, 94, 98, 109, 114}
1428: {2, 3, 9, 16, 24, 28, 34, 37, 39, 45, 53, 54, 60, 64, 67, 76, 85, 86, 90, 94, 98, 107, 114}
1548: {2, 6, 11, 16, 24, 28, 34, 37, 39, 40, 53, 54, 60, 63, 67, 76, 85, 86, 90, 94, 98, 107, 114}
1567: {1, 6, 10, 13, 23, 25, 34, 36, 38, 43, 52, 54, 59, 63, 67, 76, 85, 86, 90, 93, 98, 107, 114}
1592: {2, 3, 11, 16, 24, 28, 34, 37, 39, 41, 53, 54, 60, 63, 67, 76, 85, 86, 90, 94, 99, 107, 114}
1605: {2, 6, 11, 15, 24, 28, 34, 37, 39, 43, 53, 54, 59, 63, 67, 76, 85, 86, 90, 94, 98, 107, 114}
1678: {2, 6, 9, 13, 24, 28, 34, 37, 39, 45, 53, 54, 60, 64, 67, 76, 85, 86, 90, 94, 99, 107, 114}
1686: {2, 6, 9, 13, 24, 28, 34, 37, 39, 45, 53, 54, 60, 64, 67, 76, 85, 86, 90, 94, 98, 107, 114}
1702: {2, 6, 9, 15, 24, 28, 34, 37, 39, 40, 53, 54, 59, 63, 67, 76, 85, 86, 90, 94, 99, 107, 114}
1744: {2, 3, 11, 15, 24, 28, 34, 37, 39, 41, 53, 54, 60, 64, 67, 76, 85, 86, 90, 94, 98, 109, 114}
1805: {2, 6, 11, 13, 23, 28, 34, 36, 39, 41, 53, 56, 59, 63, 69, 78, 85, 86, 90, 93, 99, 111, 116}
1815: {2, 3, 9, 15, 24, 28, 34, 37, 39, 45, 53, 54, 59, 63, 67, 76, 85, 86, 90, 94, 98, 109, 114}
1836: {2, 3, 11, 17, 23, 28, 34, 36, 39, 44, 53, 56, 59, 63, 68, 76, 85, 86, 90, 93, 99, 110, 116}
1856: {2, 3, 11, 13, 23, 28, 34, 36, 39, 41, 53, 56, 59, 63, 69, 76, 85, 86, 90, 93, 99, 111, 116}
1858: {2, 3, 11, 17, 23, 28, 34, 36, 39, 44, 53, 56, 59, 63, 68, 78, 85, 86, 90, 93, 99, 110, 116}
1933: {2, 3, 11, 13, 23, 28, 34, 36, 39, 44, 53, 56, 59, 63, 68, 76, 85, 86, 90, 93, 99, 110, 116}
1956: {1, 3, 9, 15, 23, 25, 34, 36, 38, 43, 52, 54, 59, 63, 67, 76, 85, 86, 90, 93, 98, 110, 114}
1985: {2, 3, 10, 16, 23, 28, 34, 36, 39, 46, 53, 56, 59, 63, 69, 78, 85, 86, 90, 93, 99, 110, 116}
1989: {2, 3, 11, 17, 23, 28, 34, 36, 39, 44, 53, 56, 59, 63, 67, 77, 85, 86, 90, 93, 99, 110, 116}
2034: {2, 6, 10, 13, 23, 28, 34, 36, 39, 43, 53, 56, 59, 63, 68, 78, 85, 86, 90, 93, 98, 111, 116}
2068: {1, 6, 9, 13, 23, 25, 34, 36, 38, 41, 52, 54, 59, 63, 67, 76, 85, 86, 90, 93, 98, 110, 113}
2114: {2, 3, 11, 17, 23, 28, 34, 36, 39, 41, 53, 56, 59, 63, 69, 78, 85, 86, 90, 93, 99, 110, 116}
2141: {2, 3, 11, 17, 23, 28, 34, 36, 39, 44, 53, 56, 59, 63, 69, 76, 85, 86, 90, 93, 98, 110, 116}
2213: {2, 6, 11, 16, 23, 28, 34, 36, 39, 41, 53, 56, 59, 63, 69, 76, 85, 86, 90, 93, 98, 110, 116}
2241: {2, 3, 10, 17, 23, 28, 34, 36, 39, 44, 53, 56, 59, 63, 67, 78, 85, 86, 90, 93, 99, 111, 116}
2304: {2, 3, 11, 16, 23, 28, 34, 36, 39, 44, 53, 56, 59, 63, 69, 76, 85, 86, 90, 93, 98, 111, 116}
2306: {2, 3, 10, 16, 23, 28, 34, 36, 39, 41, 53, 56, 59, 63, 69, 77, 85, 86, 90, 93, 99, 111, 116}
2349: {2, 6, 9, 16, 24, 28, 34, 37, 39, 41, 53, 54, 60, 64, 67, 76, 85, 86, 90, 94, 99, 107, 114}
2358: {2, 3, 10, 13, 23, 28, 34, 36, 39, 43, 53, 56, 59, 63, 69, 78, 85, 86, 90, 93, 99, 111, 116}
2392: {2, 3, 11, 13, 23, 28, 34, 36, 39, 43, 53, 56, 59, 63, 68, 77, 85, 86, 90, 93, 98, 111, 116}
2395: {2, 6, 11, 13, 23, 28, 34, 36, 39, 46, 53, 56, 59, 63, 69, 77, 85, 86, 90, 93, 99, 110, 116}
2410: {2, 6, 11, 16, 23, 28, 34, 36, 39, 41, 53, 56, 59, 63, 69, 78, 85, 86, 90, 93, 99, 111, 116}
2433: {2, 3, 11, 16, 23, 28, 34, 36, 39, 44, 53, 56, 59, 63, 67, 78, 85, 86, 90, 93, 99, 111, 116}
2446: {2, 3, 10, 17, 23, 28, 34, 36, 39, 43, 53, 56, 59, 63, 68, 77, 85, 86, 90, 93, 99, 111, 116}
2452: {2, 3, 10, 16, 23, 28, 34, 36, 39, 44, 53, 56, 59, 63, 69, 77, 85, 86, 90, 93, 99, 111, 116}
2481: {2, 3, 11, 16, 23, 28, 34, 36, 39, 46, 53, 56, 59, 63, 68, 77, 85, 86, 90, 93, 98, 110, 116}
2483: {1, 3, 9, 18, 24, 30, 34, 37, 38, 46, 52, 56, 59, 63, 67, 76, 85, 86, 90, 93, 99, 107, 116}
2547: {2, 6, 11, 16, 23, 28, 34, 36, 39, 41, 53, 56, 59, 63, 68, 78, 85, 86, 90, 93, 99, 111, 116}
2652: {2, 3, 11, 17, 23, 28, 34, 36, 39, 44, 53, 56, 59, 63, 68, 78, 85, 86, 90, 93, 98, 110, 116}
2739: {2, 3, 11, 17, 23, 28, 34, 36, 39, 44, 53, 56, 59, 63, 69, 78, 85, 86, 90, 93, 98, 111, 116}
2798: {1, 3, 11, 15, 24, 30, 34, 37, 38, 42, 52, 56, 59, 63, 67, 76, 85, 86, 90, 93, 99, 107, 116}
2928: {2, 3, 11, 16, 23, 28, 34, 36, 39, 43, 53, 56, 59, 63, 67, 78, 85, 86, 90, 93, 98, 110, 116}
2989: {2, 3, 11, 16, 23, 28, 34, 36, 39, 44, 53, 56, 59, 63, 67, 76, 85, 86, 90, 93, 99, 111, 116}
3113: {2, 6, 10, 17, 23, 28, 34, 36, 39, 41, 53, 56, 59, 63, 68, 76, 85, 86, 90, 93, 99, 110, 116}
3162: {1, 3, 11, 16, 24, 29, 34, 36, 39, 43, 52, 56, 61, 66, 70, 79, 85, 86, 90, 95, 101, 110, 117}
3228: {1, 3, 9, 15, 24, 30, 34, 37, 38, 43, 52, 56, 59, 63, 67, 76, 85, 86, 90, 93, 98, 110, 116}
3345: {2, 6, 10, 17, 23, 28, 34, 36, 39, 41, 53, 56, 59, 63, 69, 77, 85, 86, 90, 93, 99, 110, 116}
3437: {2, 6, 10, 16, 23, 28, 34, 36, 39, 46, 53, 56, 59, 63, 67, 77, 85, 86, 90, 93, 99, 110, 116}
3507: {1, 3, 11, 16, 24, 29, 34, 36, 39, 43, 52, 56, 61, 66, 69, 80, 85, 86, 90, 95, 101, 110, 114}
3516: {1, 3, 9, 16, 24, 30, 34, 36, 38, 42, 52, 56, 59, 63, 67, 76, 85, 86, 90, 93, 99, 110, 116}
3528: {2, 6, 10, 16, 23, 28, 34, 36, 39, 43, 53, 56, 59, 63, 69, 76, 85, 86, 90, 93, 98, 110, 116}
3563: {2, 6, 10, 16, 23, 28, 34, 36, 39, 46, 53, 56, 59, 63, 68, 78, 85, 86, 90, 93, 98, 110, 116}
3600: {1, 3, 11, 16, 24, 29, 34, 36, 39, 45, 52, 56, 61, 66, 69, 79, 85, 86, 90, 95, 101, 110, 114}
3651: {2, 6, 10, 17, 23, 28, 34, 36, 39, 46, 53, 56, 59, 63, 68, 77, 85, 86, 90, 93, 99, 111, 116}
3654: {1, 3, 11, 16, 24, 29, 34, 36, 39, 43, 52, 56, 61, 66, 69, 79, 85, 86, 90, 95, 101, 110, 117}
3656: {2, 6, 10, 13, 23, 28, 34, 36, 39, 44, 53, 56, 59, 63, 69, 76, 85, 86, 90, 93, 99, 110, 116}
3658: {2, 6, 11, 17, 23, 28, 34, 36, 39, 41, 53, 56, 59, 63, 69, 77, 85, 86, 90, 93, 99, 110, 116}
3696: {2, 6, 10, 13, 23, 28, 34, 36, 39, 44, 53, 56, 59, 63, 68, 76, 85, 86, 90, 93, 99, 111, 116}
3698: {1, 3, 9, 18, 24, 30, 34, 36, 38, 46, 52, 56, 59, 63, 67, 76, 85, 86, 90, 93, 98, 110, 116}
3715: {2, 6, 10, 17, 23, 28, 34, 36, 39, 41, 53, 56, 59, 63, 67, 76, 85, 86, 90, 93, 98, 111, 116}
3815: {1, 3, 9, 18, 24, 30, 34, 37, 38, 42, 52, 56, 59, 63, 67, 76, 85, 86, 90, 93, 98, 107, 116}
3842: {2, 6, 11, 17, 23, 28, 34, 36, 39, 46, 53, 56, 59, 63, 69, 76, 85, 86, 90, 93, 99, 111, 116}
3851: {2, 3, 11, 17, 23, 28, 34, 36, 39, 41, 53, 56, 59, 63, 67, 76, 85, 86, 90, 93, 99, 111, 116}
3858: {2, 6, 11, 17, 23, 28, 34, 36, 39, 41, 53, 56, 59, 63, 69, 78, 85, 86, 90, 93, 99, 110, 116}
3862: {2, 6, 11, 17, 23, 28, 34, 36, 39, 44, 53, 56, 59, 63, 69, 78, 85, 86, 90, 93, 98, 110, 116}
3875: {1, 3, 9, 16, 24, 30, 34, 36, 38, 41, 52, 56, 59, 63, 67, 76, 85, 86, 90, 93, 99, 110, 116}
3912: {1, 3, 10, 16, 24, 29, 34, 36, 39, 42, 52, 56, 61, 66, 71, 80, 85, 86, 90, 95, 101, 111, 114}
3929: {2, 6, 10, 17, 23, 28, 34, 36, 39, 43, 53, 56, 59, 63, 68, 77, 85, 86, 90, 93, 99, 110, 116}
3950: {1, 3, 10, 14, 24, 29, 34, 36, 39, 45, 52, 56, 61, 66, 70, 80, 85, 86, 90, 95, 101, 110, 114}
4051: {1, 3, 11, 14, 24, 29, 34, 36, 39, 43, 52, 56, 61, 66, 71, 80, 85, 86, 90, 95, 101, 111, 116}
4098: {1, 6, 10, 14, 24, 29, 34, 36, 39, 45, 52, 56, 61, 66, 71, 79, 85, 86, 90, 95, 101, 110, 117}
4144: {1, 6, 9, 16, 23, 29, 34, 36, 39, 43, 53, 56, 60, 64, 67, 76, 85, 86, 90, 93, 101, 110, 113}
4157: {2, 6, 10, 17, 23, 28, 34, 36, 39, 41, 53, 56, 59, 63, 69, 77, 85, 86, 90, 93, 99, 111, 116}
4184: {2, 6, 11, 16, 23, 28, 34, 36, 39, 44, 53, 56, 59, 63, 67, 76, 85, 86, 90, 93, 98, 111, 116}
4227: {1, 6, 11, 16, 24, 29, 34, 36, 39, 45, 52, 56, 61, 66, 71, 77, 85, 86, 90, 95, 101, 111, 116}
4237: {1, 6, 11, 14, 24, 29, 34, 36, 39, 43, 52, 56, 61, 66, 69, 79, 85, 86, 90, 95, 101, 111, 116}
4259: {1, 6, 11, 14, 24, 29, 34, 36, 39, 42, 52, 56, 61, 66, 70, 77, 85, 86, 90, 95, 101, 111, 116}
4286: {1, 3, 11, 14, 24, 29, 34, 36, 39, 42, 52, 56, 61, 66, 71, 79, 85, 86, 90, 95, 101, 111, 116}
4331: {1, 6, 10, 14, 24, 29, 34, 36, 39, 45, 52, 56, 61, 66, 71, 80, 85, 86, 90, 95, 101, 110, 116}
4334: {1, 3, 10, 16, 24, 29, 34, 36, 39, 45, 52, 56, 61, 66, 71, 80, 85, 86, 90, 95, 101, 110, 116}
4346: {1, 3, 11, 14, 24, 29, 34, 36, 39, 43, 52, 56, 61, 66, 71, 79, 85, 86, 90, 95, 101, 110, 117}
4372: {1, 3, 10, 14, 24, 29, 34, 36, 39, 45, 52, 56, 61, 66, 69, 77, 85, 86, 90, 95, 101, 110, 116}
4379: {1, 6, 11, 16, 24, 29, 34, 36, 39, 42, 52, 56, 61, 66, 69, 80, 85, 86, 90, 95, 101, 111, 114}
4495: {1, 6, 11, 14, 24, 28, 34, 36, 38, 44, 52, 58, 61, 65, 67, 82, 85, 86, 90, 94, 102, 110, 116}
4600: {1, 6, 10, 16, 24, 29, 34, 36, 39, 45, 52, 56, 61, 66, 70, 80, 85, 86, 90, 95, 101, 111, 116}
4619: {1, 6, 11, 16, 24, 29, 34, 36, 39, 43, 52, 56, 61, 66, 69, 79, 85, 86, 90, 95, 101, 110, 117}
4633: {1, 3, 10, 16, 24, 29, 34, 36, 39, 43, 52, 56, 61, 66, 69, 80, 85, 86, 90, 95, 101, 111, 116}
4656: {1, 3, 10, 16, 24, 29, 34, 36, 39, 45, 52, 56, 61, 66, 70, 79, 85, 86, 90, 95, 101, 111, 117}
4664: {2, 3, 10, 20, 24, 28, 34, 36, 38, 44, 52, 58, 59, 64, 67, 76, 85, 86, 90, 96, 101, 111, 116}
4733: {2, 6, 10, 13, 23, 28, 34, 36, 39, 41, 53, 56, 59, 63, 69, 76, 85, 86, 90, 93, 99, 111, 116}
4758: {1, 6, 10, 16, 24, 29, 34, 36, 39, 42, 52, 56, 61, 66, 71, 79, 85, 86, 90, 95, 101, 110, 116}
4859: {2, 7, 9, 17, 23, 28, 34, 36, 39, 44, 52, 58, 59, 63, 72, 76, 85, 86, 91, 94, 102, 112, 118}
4880: {1, 6, 11, 16, 24, 29, 34, 36, 39, 43, 52, 56, 61, 66, 69, 80, 85, 86, 90, 95, 101, 110, 117}
5030: {1, 6, 10, 16, 24, 29, 34, 36, 39, 42, 52, 56, 61, 66, 69, 80, 85, 86, 90, 95, 101, 111, 116}
5204: {1, 3, 10, 14, 24, 29, 34, 36, 39, 43, 52, 56, 61, 66, 69, 77, 85, 86, 90, 95, 101, 110, 116}
5213: {1, 3, 10, 13, 24, 31, 34, 36, 38, 48, 53, 58, 59, 63, 69, 77, 85, 86, 90, 94, 102, 110, 116}
5338: {1, 3, 10, 13, 24, 32, 34, 36, 38, 48, 53, 58, 61, 66, 67, 77, 85, 86, 90, 94, 102, 110, 117}
5383: {2, 6, 10, 19, 23, 28, 34, 36, 39, 47, 52, 58, 59, 63, 72, 76, 85, 86, 91, 94, 102, 112, 118}
5544: {1, 6, 10, 14, 24, 29, 34, 36, 39, 42, 52, 56, 61, 66, 70, 80, 85, 86, 90, 95, 101, 111, 114}
5564: {2, 3, 10, 17, 23, 28, 34, 36, 39, 47, 52, 58, 59, 63, 72, 76, 85, 86, 91, 94, 102, 112, 118}
5596: {1, 3, 10, 13, 24, 32, 34, 36, 38, 48, 53, 58, 61, 63, 67, 77, 85, 86, 90, 94, 102, 110, 116}
5662: {2, 6, 10, 17, 23, 28, 34, 36, 39, 47, 52, 58, 59, 63, 72, 81, 85, 86, 91, 94, 102, 112, 118}
5673: {1, 6, 10, 14, 24, 29, 34, 36, 39, 43, 52, 56, 61, 66, 69, 79, 85, 86, 90, 95, 101, 111, 114}
5694: {1, 3, 10, 14, 24, 29, 34, 36, 39, 45, 52, 56, 61, 66, 69, 79, 85, 86, 90, 95, 101, 110, 114}
5711: {1, 6, 9, 15, 23, 29, 34, 36, 39, 43, 53, 56, 60, 64, 67, 76, 85, 86, 90, 93, 101, 110, 113}
5750: {1, 6, 9, 16, 23, 29, 34, 36, 39, 43, 53, 56, 59, 64, 67, 76, 85, 86, 90, 93, 101, 110, 113}
5766: {1, 6, 9, 15, 23, 29, 34, 36, 39, 45, 53, 56, 60, 63, 67, 76, 85, 86, 90, 93, 101, 107, 114}
5804: {1, 6, 11, 16, 24, 29, 34, 36, 39, 43, 52, 56, 61, 66, 71, 80, 85, 86, 90, 95, 101, 111, 114}
5937: {1, 3, 9, 16, 23, 29, 34, 36, 39, 44, 53, 56, 60, 64, 67, 76, 85, 86, 90, 93, 101, 110, 113}
5955: {1, 6, 11, 14, 24, 29, 34, 36, 39, 45, 52, 56, 61, 66, 69, 77, 85, 86, 90, 95, 101, 111, 117}
5992: {1, 3, 10, 13, 24, 29, 34, 36, 38, 48, 53, 58, 61, 66, 67, 77, 85, 86, 90, 94, 102, 110, 116}
6000: {1, 6, 10, 14, 24, 29, 34, 36, 39, 42, 52, 56, 61, 66, 70, 77, 85, 86, 90, 95, 101, 111, 114}
6008: {1, 6, 10, 17, 24, 31, 34, 36, 38, 48, 53, 58, 59, 63, 67, 76, 85, 86, 90, 94, 102, 110, 117}
6019: {1, 3, 10, 17, 24, 32, 34, 36, 38, 48, 53, 58, 61, 63, 67, 77, 85, 86, 90, 94, 102, 110, 116}
6023: {1, 6, 10, 17, 24, 32, 34, 36, 38, 48, 53, 58, 61, 66, 67, 76, 85, 86, 90, 94, 102, 110, 119}
6027: {1, 6, 9, 17, 24, 31, 34, 36, 38, 48, 53, 58, 61, 66, 67, 76, 85, 86, 90, 94, 102, 110, 116}
6032: {1, 6, 10, 17, 24, 32, 34, 36, 38, 48, 53, 58, 59, 66, 67, 77, 85, 86, 90, 94, 102, 110, 117}
6142: {1, 6, 10, 17, 24, 31, 34, 36, 38, 48, 53, 58, 59, 63, 69, 76, 85, 86, 90, 94, 102, 110, 119}
6164: {1, 6, 10, 17, 24, 32, 34, 36, 38, 48, 53, 58, 59, 66, 67, 76, 85, 86, 90, 94, 102, 110, 116}
6191: {1, 3, 10, 17, 24, 32, 34, 36, 38, 48, 53, 58, 59, 66, 67, 77, 85, 86, 90, 94, 102, 110, 117}
6226: {1, 3, 9, 17, 24, 31, 34, 36, 38, 48, 53, 58, 61, 63, 67, 76, 85, 86, 90, 94, 102, 110, 116}
6238: {1, 6, 9, 17, 24, 32, 34, 36, 38, 48, 53, 58, 59, 66, 67, 77, 85, 86, 90, 94, 102, 110, 116}
6294: {1, 6, 9, 17, 24, 32, 34, 36, 38, 48, 53, 58, 61, 63, 69, 76, 85, 86, 90, 94, 102, 110, 119}
6306: {1, 3, 9, 17, 24, 29, 34, 36, 38, 48, 53, 58, 61, 63, 69, 77, 85, 86, 90, 94, 102, 110, 117}
6335: {1, 3, 9, 17, 24, 32, 34, 36, 38, 48, 53, 58, 61, 63, 69, 76, 85, 86, 90, 94, 102, 110, 119}
6387: {1, 6, 9, 17, 24, 32, 34, 36, 38, 48, 53, 58, 61, 66, 69, 77, 85, 86, 90, 94, 102, 110, 116}
6426: {1, 6, 10, 13, 24, 32, 34, 36, 38, 48, 53, 58, 59, 66, 69, 76, 85, 86, 90, 94, 102, 110, 116}
6460: {1, 6, 9, 17, 24, 32, 34, 36, 38, 48, 53, 58, 61, 63, 67, 77, 85, 86, 90, 94, 102, 110, 116}
6462: {1, 6, 10, 17, 24, 29, 34, 36, 38, 48, 53, 58, 59, 63, 67, 76, 85, 86, 90, 94, 102, 110, 119}
6509: {1, 3, 10, 17, 24, 31, 34, 36, 38, 48, 53, 58, 59, 63, 67, 76, 85, 86, 90, 94, 102, 110, 116}
6525: {1, 6, 10, 17, 24, 32, 34, 36, 38, 48, 53, 58, 61, 66, 69, 77, 85, 86, 90, 94, 102, 110, 116}
6545: {1, 6, 10, 13, 24, 32, 34, 36, 38, 48, 53, 58, 61, 63, 67, 76, 85, 86, 90, 94, 102, 110, 119}
6567: {1, 6, 10, 17, 24, 31, 34, 36, 38, 48, 53, 58, 59, 66, 69, 77, 85, 86, 90, 94, 102, 110, 116}
6595: {1, 6, 9, 17, 24, 32, 34, 36, 38, 48, 53, 58, 61, 63, 67, 76, 85, 86, 90, 94, 102, 110, 117}
6630: {1, 3, 9, 13, 24, 31, 34, 36, 38, 48, 53, 58, 59, 66, 67, 77, 85, 86, 90, 94, 102, 110, 116}
6646: {1, 3, 9, 13, 24, 29, 34, 36, 38, 48, 53, 58, 59, 63, 69, 77, 85, 86, 90, 94, 102, 110, 119}
6652: {1, 6, 10, 13, 24, 31, 34, 36, 38, 48, 53, 58, 61, 66, 67, 76, 85, 86, 90, 94, 102, 110, 119}
6670: {1, 3, 9, 17, 24, 32, 34, 36, 38, 48, 53, 58, 59, 63, 67, 76, 85, 86, 90, 94, 102, 110, 119}
6697: {1, 6, 9, 13, 24, 31, 34, 36, 38, 48, 53, 58, 59, 63, 67, 76, 85, 86, 90, 94, 102, 110, 116}
6703: {1, 6, 10, 13, 24, 32, 34, 36, 38, 48, 53, 58, 59, 66, 67, 76, 85, 86, 90, 94, 102, 110, 116}
6767: {1, 6, 10, 13, 24, 32, 34, 36, 38, 48, 53, 58, 59, 63, 69, 77, 85, 86, 90, 94, 102, 110, 119}
6795: {1, 6, 10, 17, 24, 31, 34, 36, 38, 48, 53, 58, 61, 66, 69, 76, 85, 86, 90, 94, 102, 110, 119}
6926: {1, 6, 10, 13, 24, 32, 34, 36, 38, 48, 53, 58, 61, 66, 67, 76, 85, 86, 90, 94, 102, 110, 116}
6970: {1, 7, 10, 17, 24, 29, 34, 36, 38, 48, 53, 58, 61, 66, 69, 76, 85, 86, 90, 94, 102, 110, 116}
6993: {1, 7, 10, 17, 24, 31, 34, 36, 38, 48, 53, 58, 61, 63, 67, 77, 85, 86, 90, 94, 102, 110, 119}
7033: {2, 7, 11, 15, 24, 28, 34, 37, 39, 42, 52, 58, 61, 63, 67, 76, 85, 86, 91, 93, 102, 108, 114}
7042: {2, 6, 9, 13, 24, 28, 35, 36, 39, 51, 52, 58, 59, 63, 73, 83, 85, 88, 90, 93, 99, 110, 119}
7075: {1, 6, 10, 13, 24, 29, 34, 36, 38, 48, 53, 58, 59, 66, 69, 76, 85, 86, 90, 94, 102, 110, 119}
7089: {1, 7, 9, 17, 24, 32, 34, 36, 38, 48, 53, 58, 59, 66, 69, 76, 85, 86, 90, 94, 102, 110, 119}
7170: {1, 7, 9, 13, 24, 29, 34, 36, 38, 48, 53, 58, 59, 66, 69, 77, 85, 86, 90, 94, 102, 110, 119}
7226: {1, 7, 9, 13, 24, 32, 34, 36, 38, 48, 53, 58, 59, 66, 67, 77, 85, 86, 90, 94, 102, 110, 117}
7268: {1, 7, 10, 17, 24, 31, 34, 36, 38, 48, 53, 58, 61, 66, 67, 77, 85, 86, 90, 94, 102, 110, 117}
7283: {1, 7, 9, 13, 24, 32, 34, 36, 38, 48, 53, 58, 61, 63, 67, 77, 85, 86, 90, 94, 102, 110, 116}
7324: {1, 3, 10, 13, 24, 33, 34, 36, 39, 50, 52, 55, 61, 65, 74, 84, 85, 86, 92, 97, 102, 112, 116}
7327: {1, 3, 10, 17, 24, 29, 34, 36, 38, 48, 53, 58, 59, 63, 69, 76, 85, 86, 90, 94, 102, 110, 116}
7349: {1, 7, 9, 17, 24, 31, 34, 36, 38, 48, 53, 58, 61, 66, 69, 77, 85, 86, 90, 94, 102, 110, 119}
7373: {2, 7, 9, 16, 24, 28, 34, 37, 39, 42, 52, 58, 59, 66, 67, 76, 85, 86, 91, 93, 102, 108, 114}
7401: {2, 4, 11, 15, 24, 28, 34, 37, 39, 42, 52, 58, 59, 66, 67, 76, 85, 86, 91, 93, 102, 107, 114}
7453: {1, 7, 10, 17, 24, 29, 34, 36, 38, 48, 53, 58, 59, 66, 69, 77, 85, 86, 90, 94, 102, 110, 119}
7494: {1, 7, 9, 13, 24, 32, 34, 36, 38, 48, 53, 58, 61, 66, 67, 76, 85, 86, 90, 94, 102, 110, 117}
7578: {1, 7, 10, 13, 24, 29, 34, 36, 38, 48, 53, 58, 59, 66, 69, 77, 85, 86, 90, 94, 102, 110, 119}
7585: {2, 4, 11, 15, 24, 28, 34, 37, 39, 42, 52, 58, 61, 63, 67, 76, 85, 86, 91, 93, 102, 107, 114}
7609: {1, 7, 10, 13, 24, 31, 34, 36, 38, 48, 53, 58, 59, 63, 67, 77, 85, 86, 90, 94, 102, 110, 119}
7670: {1, 7, 10, 17, 24, 32, 34, 36, 38, 48, 53, 58, 59, 66, 67, 76, 85, 86, 90, 94, 102, 110, 117}
7720: {1, 7, 9, 13, 24, 31, 34, 36, 38, 48, 53, 58, 59, 63, 69, 76, 85, 86, 90, 94, 102, 110, 117}
7727: {1, 7, 9, 13, 24, 31, 34, 36, 38, 48, 53, 58, 61, 63, 69, 77, 85, 86, 90, 94, 102, 110, 116}
7736: {1, 7, 9, 17, 24, 29, 34, 36, 38, 48, 53, 58, 59, 66, 69, 77, 85, 86, 90, 94, 102, 110, 116}
7750: {2, 7, 11, 15, 24, 28, 34, 37, 39, 43, 52, 58, 61, 63, 67, 76, 85, 86, 91, 93, 102, 108, 114}
7779: {1, 7, 10, 13, 24, 32, 34, 36, 38, 48, 53, 58, 61, 63, 67, 77, 85, 86, 90, 94, 102, 110, 117}
7782: {1, 7, 10, 17, 24, 32, 34, 36, 38, 48, 53, 58, 59, 63, 67, 77, 85, 86, 90, 94, 102, 110, 119}
7826: {2, 4, 9, 13, 24, 28, 35, 36, 39, 50, 52, 58, 59, 63, 73, 83, 85, 87, 90, 93, 106, 110, 119}
7866: {1, 7, 10, 17, 24, 29, 34, 36, 38, 48, 53, 58, 61, 63, 69, 76, 85, 86, 90, 94, 102, 110, 116}
7918: {1, 7, 9, 13, 24, 29, 34, 36, 38, 48, 53, 58, 59, 66, 67, 76, 85, 86, 90, 94, 102, 110, 117}
7919: {2, 3, 11, 15, 24, 28, 34, 37, 39, 43, 52, 58, 59, 66, 67, 76, 85, 86, 91, 93, 102, 108, 114}
7928: {2, 7, 9, 13, 24, 28, 35, 36, 39, 51, 52, 58, 59, 63, 73, 83, 85, 87, 90, 93, 104, 112, 119}
7929: {1, 7, 10, 13, 24, 32, 34, 36, 38, 48, 53, 58, 61, 63, 67, 76, 85, 86, 90, 94, 102, 110, 117}
7976: {2, 4, 11, 15, 24, 28, 34, 37, 39, 42, 52, 58, 59, 66, 67, 76, 85, 86, 91, 93, 102, 108, 114}
7977: {2, 4, 11, 15, 24, 28, 34, 37, 39, 42, 52, 58, 61, 63, 67, 76, 85, 86, 91, 93, 102, 108, 114}
